35
20
m 0 19
0 34 0
1 34 0
2 34 0
w 0 0
w 0 18
w 1 0
w 1 1
w 1 7
w 1 9
w 1 10
w 1 12
w 1 13
w 1 14
w 1 15
w 2 0
w 2 1
w 2 5
w 2 6
w 2 7
w 2 8
w 2 9
w 2 10
w 2 11
w 2 12
w 2 13
w 2 14
w 2 15
w 2 16
w 2 18
w 2 19
w 3 0
w 3 4
w 3 5
w 3 6
w 3 7
w 3 8
w 3 9
w 3 10
w 3 11
w 3 12
w 3 13
w 3 14
w 3 16
w 3 19
w 4 0
w 4 4
w 4 5
w 4 6
w 4 7
w 4 8
w 4 9
w 4 10
w 4 11
w 4 12
w 4 18
w 4 19
w 5 5
w 5 6
w 5 7
w 5 8
w 5 9
w 5 10
w 5 11
w 5 12
w 5 13
w 5 14
w 5 16
w 5 19
w 6 3
w 6 4
w 6 5
w 6 6
w 6 7
w 6 8
w 6 9
w 6 10
w 6 11
w 6 12
w 6 13
w 6 14
w 6 15
w 6 18
w 6 19
w 7 1
w 7 3
w 7 4
w 7 5
w 7 8
w 7 10
w 7 11
w 7 12
w 7 13
w 7 14
w 7 15
w 7 16
w 7 18
w 7 19
w 8 1
w 8 3
w 8 4
w 8 5
w 8 10
w 8 11
w 8 14
w 9 0
w 9 1
w 9 4
w 9 8
w 9 9
w 9 11
w 9 12
w 9 16
w 9 19
w 10 6
w 10 11
w 10 14
w 10 15
w 10 16
w 10 18
w 11 0
w 11 9
w 11 12
w 11 14
w 12 0
w 12 1
w 12 3
w 12 4
w 12 7
w 12 10
w 12 11
w 12 12
w 12 13
w 12 14
w 12 15
w 12 18
w 12 19
w 13 0
w 13 1
w 13 3
w 13 4
w 13 5
w 13 6
w 13 7
w 13 9
w 13 10
w 13 11
w 13 13
w 13 14
w 13 15
w 13 16
w 13 18
w 14 0
w 14 1
w 14 4
w 14 5
w 14 6
w 14 7
w 14 8
w 14 13
w 14 14
w 14 15
w 14 16
w 14 18
w 15 0
w 15 1
w 15 3
w 15 4
w 15 5
w 15 6
w 15 10
w 15 12
w 15 13
w 15 14
w 15 15
w 16 4
w 16 9
w 16 10
w 16 11
w 16 12
w 16 13
w 16 14
w 16 15
w 16 16
w 16 19
w 17 0
w 17 8
w 17 9
w 17 10
w 17 11
w 17 12
w 17 13
w 17 14
w 17 15
w 17 16
w 17 18
w 17 19
w 18 0
w 18 1
w 18 3
w 18 9
w 18 10
w 18 11
w 18 12
w 18 13
w 18 14
w 18 15
w 18 16
w 18 18
w 18 19
w 19 0
w 19 1
w 19 5
w 19 6
w 19 9
w 19 11
w 19 12
w 19 13
w 19 14
w 19 15
w 19 19
w 20 0
w 20 14
w 20 15
w 20 16
w 20 18
w 20 19
w 21 0
w 21 1
w 21 4
w 21 5
w 21 6
w 21 7
w 21 8
w 21 9
w 21 10
w 21 12
w 21 14
w 21 15
w 21 18
w 21 19
w 22 1
w 22 4
w 22 5
w 22 6
w 22 7
w 22 8
w 22 9
w 22 10
w 22 14
w 22 15
w 22 16
w 22 18
w 22 19
w 23 3
w 23 5
w 23 6
w 23 7
w 23 8
w 23 9
w 23 10
w 23 13
w 23 14
w 23 15
w 24 5
w 24 6
w 24 7
w 24 8
w 24 9
w 24 10
w 24 12
w 24 13
w 24 14
w 24 15
w 24 18
w 25 3
w 25 4
w 25 5
w 25 6
w 25 7
w 25 8
w 25 9
w 25 10
w 25 12
w 25 13
w 25 15
w 25 16
w 25 19
w 26 1
w 26 3
w 26 4
w 26 5
w 26 6
w 26 7
w 26 8
w 26 9
w 26 10
w 26 11
w 26 18
w 27 0
w 27 1
w 27 4
w 27 5
w 27 6
w 27 7
w 27 8
w 27 9
w 27 10
w 27 13
w 27 14
w 27 15
w 28 4
w 28 5
w 28 6
w 28 7
w 28 8
w 28 9
w 28 10
w 28 11
w 28 13
w 28 14
w 28 15
w 28 16
w 29 0
w 29 1
w 29 4
w 29 5
w 29 6
w 29 7
w 29 10
w 29 11
w 29 12
w 29 13
w 29 14
w 29 15
w 30 0
w 30 3
w 30 4
w 30 5
w 30 6
w 30 7
w 30 8
w 30 13
w 30 14
w 31 0
w 31 4
w 31 5
w 31 6
w 31 7
w 31 9
w 31 10
w 31 12
w 31 13
w 31 16
w 32 0
w 32 3
w 32 4
w 32 5
w 32 7
w 32 9
w 32 10
w 32 13
w 32 14
w 32 16
w 32 19
w 33 1
w 33 3
w 33 4
w 33 5
w 33 7
w 33 9
w 33 11
w 33 14
w 33 16
w 34 18
p 0 1
p 21 16
p 19 17
p 4 3
p 1 5
p 24 1
p 15 7
p 17 3
p 10 13
p 33 6
p 9 5
p 34 12
p 7 2
p 29 2
p 12 5
p 31 2
p 26 15
t 1400 0
m 1 19
0 34 1
1 34 1
2 33 0
t 1399 0
m 1 18
0 34 2
1 34 2
2 34 0
t 1398 0
m 1 17
0 33 2
1 33 2
2 34 1
t 1397 0
m 2 17
0 32 2
1 32 2
2 34 2
t 1396 0
m 3 17
0 31 2
1 31 2
2 34 3
t 1395 0
m 4 17
0 30 2
1 30 2
2 34 4
t 1394 0
m 5 17
0 29 2
1 29 2
2 34 5
t 1393 0
m 6 17
0 28 2
1 28 2
2 34 6
t 1392 0
m 7 17
0 27 2
1 27 2
2 34 7
t 1391 0
m 8 17
0 26 2
1 26 2
2 34 8
t 1390 0
m 8 16
0 27 2
1 25 2
2 34 9
t 1389 0
m 8 15
0 28 2
1 24 2
2 34 10
t 1388 0
m 9 15
0 29 2
1 23 2
2 34 11
t 1387 0
m 9 14
0 30 2
1 22 2
2 34 12
t 1386 0
m 9 13
0 31 2
1 21 2
2 34 13
t 1385 0
m 10 13
0 32 2
1 20 2
2 34 14
t 1384 5
m 9 13
0 33 2
1 19 2
2 34 15
t 1383 5
m 9 14
0 34 2
1 18 2
2 33 15
t 1382 5
m 9 15
0 34 3
1 17 2
2 32 15
t 1381 5
m 8 15
0 34 4
1 16 2
2 31 15
t 1380 5
m 8 16
0 34 5
1 15 2
2 30 15
t 1379 5
m 8 17
0 34 6
1 14 2
2 30 16
f 10 4
t 1378 5
m 9 17
0 34 7
1 13 2
2 30 17
t 1377 5
m 10 17
0 34 8
1 12 2
2 29 17
t 1376 5
m 11 17
0 34 9
1 11 2
2 28 17
t 1375 5
m 12 17
0 34 10
1 10 2
2 27 17
t 1374 5
m 13 17
0 34 11
1 9 2
2 26 17
t 1373 5
m 14 17
0 34 12
1 8 2
2 25 17
t 1372 5
m 15 17
0 34 13
1 7 2
2 24 17
t 1371 5
m 16 17
0 34 14
1 6 2
2 23 17
t 1370 5
m 17 17
0 34 15
1 5 2
2 22 17
t 1369 5
m 18 17
0 33 15
1 5 3
2 21 17
t 1368 5
m 19 17
0 32 15
1 4 3
2 20 17
t 1367 11
m 18 17
0 31 15
1 3 3
2 21 17
t 1366 11
m 17 17
0 30 15
1 2 3
2 21 16
t 1365 11
m 16 17
0 30 16
1 2 4
2 21 17
t 1364 11
m 15 17
0 29 16
1 1 4
2 20 17
t 1363 11
m 14 17
0 29 17
1 1 5
2 19 17
t 1362 11
m 13 17
0 28 17
1 1 6
2 18 17
t 1361 11
m 12 17
0 27 17
1 0 6
2 17 17
t 1360 11
m 11 17
0 26 17
1 0 7
2 16 17
t 1359 11
m 10 17
0 25 17
1 0 8
2 15 17
t 1358 11
m 9 17
0 24 17
1 0 9
2 14 17
t 1357 11
m 8 17
0 23 17
1 0 10
2 15 17
t 1356 11
m 7 17
0 22 17
1 0 9
2 15 18
t 1355 11
m 8 17
0 23 17
1 0 10
2 15 17
t 1354 11
m 9 17
0 22 17
1 0 11
2 14 17
t 1353 11
m 10 17
0 21 17
1 0 12
2 13 17
t 1352 11
m 10 17
0 20 17
1 0 13
2 12 17
t 1351 11
m 10 17
0 19 17
1 0 14
2 11 17
t 1350 11
m 10 17
0 18 17
1 0 15
2 10 17
t 1349 11
