35
20
m 0 19
0 34 0
1 34 0
2 34 0
w 0 0
w 0 1
w 0 2
w 0 3
w 0 4
w 0 5
w 0 6
w 0 7
w 0 10
w 0 11
w 0 13
w 0 14
w 0 15
w 0 16
w 1 0
w 1 1
w 1 2
w 1 3
w 1 4
w 1 6
w 1 11
w 1 14
w 1 16
w 2 0
w 2 1
w 2 2
w 2 4
w 2 10
w 2 11
w 2 12
w 2 19
w 3 0
w 3 1
w 3 5
w 3 6
w 3 12
w 3 13
w 3 14
w 3 15
w 3 18
w 3 19
w 4 0
w 4 1
w 4 4
w 4 5
w 4 7
w 4 11
w 4 12
w 4 13
w 4 14
w 4 17
w 4 18
w 4 19
w 5 0
w 5 1
w 5 3
w 5 5
w 5 13
w 5 16
w 5 17
w 5 18
w 5 19
w 6 0
w 6 1
w 6 10
w 6 17
w 6 18
w 6 19
w 7 0
w 7 1
w 7 4
w 7 5
w 7 8
w 7 10
w 7 11
w 7 12
w 7 14
w 7 16
w 7 17
w 7 18
w 7 19
w 8 0
w 8 3
w 8 4
w 8 5
w 8 7
w 8 8
w 8 10
w 8 11
w 8 16
w 8 17
w 8 18
w 8 19
w 9 0
w 9 3
w 9 4
w 9 7
w 9 8
w 9 10
w 9 11
w 9 12
w 9 16
w 9 17
w 9 18
w 9 19
w 10 0
w 10 1
w 10 3
w 10 4
w 10 5
w 10 6
w 10 11
w 10 12
w 10 13
w 10 15
w 10 16
w 10 17
w 10 18
w 10 19
w 11 0
w 11 4
w 11 7
w 11 10
w 11 11
w 11 14
w 11 15
w 11 16
w 11 17
w 11 18
w 11 19
w 12 5
w 12 7
w 12 10
w 12 15
w 12 16
w 12 17
w 12 18
w 12 19
w 13 4
w 13 15
w 13 16
w 13 17
w 13 18
w 13 19
w 14 0
w 14 1
w 14 5
w 14 6
w 14 8
w 14 10
w 14 12
w 14 13
w 14 14
w 14 15
w 14 18
w 14 19
w 15 0
w 15 1
w 15 4
w 15 5
w 15 6
w 15 7
w 15 8
w 15 12
w 15 19
w 16 0
w 16 1
w 16 5
w 16 6
w 17 0
w 17 1
w 17 4
w 17 5
w 17 6
w 17 8
w 17 10
w 17 13
w 17 15
w 17 18
w 17 19
w 18 0
w 18 4
w 18 5
w 18 7
w 18 10
w 18 11
w 18 15
w 18 17
w 18 18
w 18 19
w 19 0
w 19 5
w 19 8
w 19 10
w 19 11
w 19 12
w 19 13
w 19 15
w 19 16
w 19 17
w 19 18
w 19 19
w 20 0
w 20 5
w 20 7
w 20 8
w 20 11
w 20 14
w 20 16
w 20 18
w 20 19
w 21 0
w 22 0
w 22 1
w 22 3
w 22 4
w 22 5
w 22 7
w 22 11
w 22 13
w 22 15
w 22 16
w 22 17
w 22 19
w 23 0
w 23 1
w 23 4
w 23 6
w 23 10
w 23 13
w 23 16
w 23 17
w 23 18
w 23 19
w 24 0
w 24 1
w 24 3
w 24 4
w 24 6
w 24 10
w 24 11
w 24 15
w 24 16
w 25 0
w 25 1
w 25 4
w 25 8
w 25 11
w 25 12
w 25 13
w 25 16
w 25 18
w 25 19
w 26 0
w 26 4
w 26 5
w 26 7
w 26 8
w 26 19
w 27 0
w 27 1
w 27 3
w 27 4
w 27 5
w 27 8
w 27 10
w 27 15
w 27 16
w 27 17
w 27 18
w 27 19
w 28 0
w 28 1
w 28 3
w 28 5
w 28 6
w 28 11
w 28 12
w 28 16
w 28 17
w 28 18
w 28 19
w 29 0
w 29 3
w 29 8
w 29 14
w 29 17
w 29 18
w 29 19
w 30 0
w 30 3
w 30 4
w 30 11
w 30 12
w 30 14
w 30 15
w 30 18
w 30 19
w 31 0
w 31 1
w 31 4
w 31 5
w 31 6
w 31 7
w 31 8
w 31 11
w 31 12
w 31 13
w 31 14
w 31 15
w 31 17
w 31 18
w 31 19
w 32 0
w 32 3
w 32 4
w 32 5
w 32 6
w 32 7
w 32 8
w 32 12
w 32 13
w 32 14
w 32 15
w 32 18
w 32 19
w 33 4
w 33 6
w 33 11
w 33 12
w 33 13
w 33 14
w 33 15
w 33 16
w 33 19
w 34 11
w 34 12
w 34 13
w 34 14
w 34 15
w 34 16
w 34 17
w 34 19
p 11 1
p 27 2
p 16 10
p 6 5
p 14 11
p 20 4
p 21 13
p 30 17
p 4 6
p 33 9
p 23 9
p 29 5
p 8 6
p 18 2
p 0 8
p 25 7
p 12 14
p 2 8
t 1400 0
m 0 18
0 33 0
1 33 0
2 33 0
t 1399 0
m 0 17
0 33 1
1 33 1
2 33 1
t 1398 0
m 1 17
0 32 1
1 32 1
2 32 1
t 1397 0
m 2 17
0 32 2
1 32 2
2 32 2
t 1396 0
m 2 16
0 31 2
1 31 2
2 31 2
t 1395 0
m 3 16
0 30 2
1 30 2
2 30 2
t 1394 0
m 4 16
0 29 2
1 29 2
2 29 2
t 1393 0
m 4 15
0 28 2
1 28 2
2 28 2
t 1392 0
m 5 15
0 27 2
1 27 2
2 27 2
t 1391 0
m 5 14
0 26 2
1 26 2
2 26 2
t 1390 0
m 6 14
0 26 3
1 25 2
2 25 2
t 1389 0
m 6 13
0 25 3
1 24 2
2 24 2
t 1388 0
m 6 12
0 25 2
1 23 2
2 23 2
t 1387 0
m 6 11
0 24 2
1 22 2
2 22 2
t 1386 0
m 5 11
0 23 2
1 21 2
2 21 2
t 1385 0
m 5 10
0 22 2
1 20 2
2 20 2
t 1384 0
m 4 10
0 21 2
1 19 2
2 19 2
t 1383 0
m 3 10
0 20 2
1 18 2
2 18 2
t 1382 0
m 3 9
0 19 2
1 17 2
2 17 2
t 1381 0
m 2 9
0 18 2
1 16 2
2 16 2
t 1380 0
m 2 8
0 17 2
1 15 2
2 15 2
t 1379 5
m 1 8
0 16 2
1 14 2
2 14 2
t 1378 5
m 0 8
0 15 2
1 13 2
2 13 2
t 1377 11
m 1 8
0 14 2
1 12 2
2 12 2
t 1376 11
m 2 8
0 13 2
1 11 2
2 11 2
t 1375 11
m 3 8
0 12 2
1 10 2
2 10 2
t 1374 11
m 4 8
0 11 2
1 9 2
2 9 2
t 1373 11
m 5 8
0 10 2
1 8 2
2 8 2
t 1372 11
m 5 7
0 9 2
1 7 2
2 7 2
t 1371 11
m 5 6
0 8 2
1 6 2
2 6 2
t 1370 11
m 4 6
0 7 2
1 6 3
2 6 3
f 0 19
t 1369 16
m 5 6
0 6 2
1 6 4
2 7 3
t 1368 16
m 6 6
0 6 3
1 6 5
2 6 3
t 1367 16
m 6 5
0 6 4
1 6 6
2 6 4
t 1366 16
