35
20
m 0 19
0 34 0
1 34 0
2 34 0
w 0 0
w 0 1
w 0 2
w 0 3
w 0 4
w 0 5
w 0 6
w 0 7
w 0 8
w 0 9
w 0 10
w 0 11
w 0 12
w 0 13
w 0 14
w 0 15
w 0 16
w 0 17
w 0 18
w 1 0
w 1 1
w 1 2
w 1 3
w 1 4
w 1 5
w 1 6
w 1 7
w 1 8
w 1 9
w 1 10
w 1 11
w 1 12
w 1 13
w 1 14
w 1 15
w 1 16
w 1 17
w 1 18
w 2 0
w 2 1
w 2 2
w 2 3
w 2 4
w 2 5
w 2 6
w 2 7
w 2 8
w 2 9
w 2 10
w 2 11
w 2 12
w 2 13
w 2 14
w 2 15
w 2 16
w 3 0
w 3 1
w 3 2
w 3 3
w 3 4
w 3 5
w 3 6
w 3 7
w 3 8
w 3 9
w 3 10
w 3 11
w 3 12
w 3 13
w 3 14
w 3 15
w 3 16
w 3 19
w 4 0
w 4 1
w 4 2
w 4 3
w 4 4
w 4 5
w 4 6
w 4 7
w 4 8
w 4 9
w 4 10
w 4 11
w 4 12
w 4 13
w 4 14
w 4 15
w 4 16
w 4 18
w 4 19
w 5 0
w 5 1
w 5 2
w 5 3
w 5 4
w 5 5
w 5 6
w 5 7
w 5 8
w 5 9
w 5 10
w 5 11
w 5 12
w 5 13
w 5 14
w 5 15
w 5 16
w 5 19
w 6 0
w 6 1
w 6 2
w 6 3
w 6 4
w 6 5
w 6 6
w 6 7
w 6 8
w 6 9
w 6 10
w 6 11
w 6 12
w 6 13
w 6 14
w 6 15
w 6 16
w 6 17
w 6 19
w 7 0
w 7 1
w 7 2
w 7 3
w 7 4
w 7 5
w 7 6
w 7 7
w 7 10
w 7 13
w 7 14
w 7 15
w 7 16
w 7 17
w 8 0
w 8 1
w 8 2
w 8 3
w 8 4
w 8 6
w 8 9
w 8 12
w 8 14
w 8 15
w 8 16
w 8 17
w 8 18
w 9 1
w 9 2
w 9 3
w 9 4
w 9 6
w 9 8
w 9 9
w 9 14
w 9 15
w 10 6
w 10 9
w 10 11
w 10 12
w 10 13
w 10 14
w 10 17
w 10 18
w 10 19
w 11 0
w 11 1
w 11 2
w 11 4
w 11 7
w 11 13
w 11 19
w 12 0
w 12 1
w 12 2
w 12 9
w 12 10
w 12 11
w 12 12
w 12 16
w 12 17
w 12 18
w 12 19
w 13 0
w 13 1
w 13 4
w 13 7
w 13 8
w 13 11
w 14 0
w 14 4
w 14 6
w 14 7
w 14 8
w 14 10
w 14 13
w 14 15
w 14 19
w 15 1
w 15 3
w 15 4
w 15 5
w 15 11
w 15 14
w 15 16
w 15 17
w 15 18
w 15 19
w 16 3
w 16 5
w 16 8
w 16 11
w 16 13
w 16 14
w 16 16
w 16 17
w 16 18
w 16 19
w 17 0
w 17 5
w 17 6
w 17 7
w 17 10
w 17 11
w 17 14
w 17 16
w 17 17
w 17 18
w 17 19
w 18 0
w 18 1
w 18 11
w 18 17
w 18 18
w 18 19
w 19 3
w 19 6
w 19 9
w 19 13
w 19 14
w 19 16
w 19 17
w 19 18
w 19 19
w 20 0
w 20 3
w 20 4
w 20 5
w 20 6
w 20 7
w 20 9
w 20 10
w 20 15
w 20 17
w 20 19
w 21 0
w 21 3
w 21 9
w 21 15
w 22 5
w 22 6
w 22 9
w 22 10
w 22 11
w 22 12
w 22 13
w 22 19
w 23 3
w 23 5
w 23 6
w 23 7
w 23 9
w 23 10
w 23 11
w 23 12
w 23 13
w 23 16
w 23 17
w 23 19
w 24 3
w 24 6
w 24 7
w 24 9
w 24 10
w 24 11
w 24 12
w 24 14
w 24 16
w 24 17
w 25 0
w 25 1
w 25 5
w 25 10
w 25 11
w 25 14
w 25 16
w 25 17
w 25 19
w 26 3
w 26 4
w 26 7
w 26 9
w 26 16
w 26 17
w 27 3
w 27 4
w 27 5
w 27 6
w 27 13
w 27 15
w 27 16
w 27 17
w 28 0
w 28 3
w 28 4
w 28 5
w 28 6
w 28 7
w 28 10
w 28 11
w 28 12
w 28 13
w 28 14
w 28 15
w 28 16
w 28 17
w 28 18
w 29 0
w 29 1
w 29 4
w 29 5
w 29 6
w 29 7
w 29 15
w 29 16
w 29 17
w 29 18
w 30 1
w 30 3
w 30 4
w 30 5
w 30 6
w 30 7
w 30 10
w 30 12
w 30 13
w 30 14
w 30 15
w 30 16
w 30 17
w 30 18
w 30 19
w 31 1
w 31 3
w 31 4
w 31 5
w 31 9
w 31 10
w 31 12
w 31 13
w 31 14
w 31 15
w 31 16
w 31 17
w 31 18
w 31 19
w 32 1
w 32 9
w 32 10
w 32 11
w 32 12
w 32 13
w 32 14
w 32 15
w 32 16
w 32 17
w 32 18
w 32 19
w 33 5
w 33 6
w 33 8
w 33 9
w 33 10
w 33 11
w 33 12
w 33 13
w 33 14
w 33 15
w 33 16
w 33 17
w 33 18
w 33 19
w 34 4
w 34 5
w 34 8
w 34 9
w 34 10
w 34 11
w 34 12
w 34 13
w 34 14
w 34 15
w 34 16
w 34 17
w 34 18
w 34 19
p 26 12
p 19 7
p 10 7
p 15 13
p 34 3
p 13 19
p 24 19
p 31 6
p 22 16
p 17 15
p 12 5
p 1 19
p 28 8
p 8 11
p 21 7
t 1400 0
m 1 19
0 33 0
1 33 0
2 33 0
t 1399 6
m 2 19
0 33 1
1 33 1
2 33 1
t 1398 6
m 2 18
0 33 2
1 33 2
2 33 2
t 1397 6
m 3 18
0 32 2
1 32 2
2 32 2
t 1396 6
m 3 17
0 31 2
1 31 2
2 31 2
t 1395 6
m 4 17
0 30 2
1 30 2
2 30 2
t 1394 6
m 5 17
0 29 2
1 29 2
2 29 2
t 1393 6
m 5 18
0 28 2
1 28 2
2 28 2
t 1392 6
m 6 18
0 27 2
1 27 2
2 27 2
t 1391 6
m 7 18
0 26 2
1 26 2
2 26 2
t 1390 6
m 7 19
0 25 2
1 25 2
2 25 2
t 1389 6
m 8 19
0 24 2
1 24 2
2 24 2
t 1388 6
m 9 19
0 23 2
1 23 2
2 23 2
t 1387 6
m 9 18
0 22 2
1 22 2
2 22 2
t 1386 6
m 9 17
0 22 3
1 22 3
2 22 3
t 1385 6
m 9 16
0 22 4
1 22 4
2 22 4
t 1384 6
m 10 16
0 21 4
1 21 4
2 21 4
t 1383 6
m 11 16
0 21 5
1 21 5
2 21 5
f 21 12
t 1382 6
m 11 15
0 21 6
1 21 6
2 21 6
t 1381 6
m 12 15
0 21 7
1 21 7
2 21 7
t 1380 6
m 13 15
0 21 8
1 21 8
2 21 8
t 1379 6
m 13 16
0 20 8
1 20 8
2 20 8
t 1378 6
m 13 17
0 19 8
1 19 8
2 19 8
t 1377 6
m 13 18
0 18 8
1 18 8
2 18 8
t 1376 6
m 13 19
0 18 7
1 17 8
2 18 9
t 1375 13
m 13 18
0 18 8
1 17 9
2 18 10
t 1374 13
m 13 17
0 18 9
1 18 9
2 19 10
t 1373 13
m 13 16
0 18 10
1 18 10
2 19 11
t 1372 13
m 13 15
0 19 10
1 19 10
2 19 12
t 1371 13
m 13 14
0 19 11
1 19 11
2 19 11
t 1370 13
m 13 13
0 19 12
1 19 12
2 19 12
t 1369 13
m 13 12
0 20 12
1 19 11
2 18 12
t 1368 13
m 14 12
0 19 12
1 20 11
2 19 12
t 1367 13
m 15 12
0 18 12
1 19 11
2 18 12
t 1366 13
m 15 13
0 17 12
1 19 12
2 17 12
t 1365 20
m 15 13
0 16 12
1 18 12
2 16 12
t 1364 20
m 15 13
0 15 12
1 17 12
2 15 12
t 1363 20
m 15 13
0 15 13
1 16 12
2 15 13
t 1362 20
