35
20
m 0 19
0 34 0
1 34 0
2 34 0
w 0 0
w 1 0
w 1 1
w 1 3
w 1 5
w 1 7
w 1 9
w 1 12
w 1 13
w 1 14
w 1 15
w 1 16
w 1 18
w 2 3
w 2 4
w 2 5
w 2 7
w 2 9
w 2 10
w 2 12
w 2 13
w 2 14
w 2 15
w 2 16
w 2 17
w 2 18
w 3 1
w 3 4
w 3 7
w 3 11
w 3 12
w 3 13
w 3 14
w 3 15
w 3 16
w 3 17
w 3 18
w 4 0
w 4 5
w 4 6
w 4 7
w 4 9
w 4 10
w 4 11
w 4 12
w 4 13
w 4 14
w 4 15
w 4 16
w 4 17
w 5 0
w 5 4
w 5 5
w 5 6
w 5 7
w 5 8
w 5 9
w 5 10
w 5 11
w 5 12
w 5 13
w 5 14
w 5 15
w 5 16
w 5 17
w 5 18
w 6 0
w 6 4
w 6 5
w 6 6
w 6 7
w 6 8
w 6 9
w 6 10
w 6 11
w 6 12
w 6 13
w 6 14
w 6 15
w 6 16
w 6 17
w 6 18
w 7 0
w 7 1
w 7 3
w 7 4
w 7 5
w 7 6
w 7 7
w 7 8
w 7 9
w 7 10
w 7 11
w 7 12
w 7 13
w 7 14
w 7 15
w 7 16
w 7 17
w 7 18
w 8 0
w 8 4
w 8 5
w 8 6
w 8 7
w 8 8
w 8 9
w 8 10
w 8 11
w 8 12
w 8 13
w 8 14
w 8 15
w 8 16
w 8 17
w 9 0
w 9 1
w 9 5
w 9 6
w 9 7
w 9 8
w 9 9
w 9 10
w 9 11
w 9 12
w 9 13
w 9 14
w 9 15
w 9 16
w 9 17
w 10 3
w 10 4
w 10 5
w 10 6
w 10 7
w 10 8
w 10 9
w 10 10
w 10 11
w 10 12
w 10 13
w 10 14
w 10 15
w 10 16
w 11 0
w 11 3
w 11 4
w 11 5
w 11 7
w 11 8
w 11 9
w 11 10
w 11 11
w 11 12
w 11 13
w 11 14
w 11 15
w 11 16
w 11 17
w 12 0
w 12 1
w 12 5
w 12 8
w 12 9
w 12 10
w 12 11
w 12 12
w 12 13
w 12 14
w 12 15
w 12 16
w 12 17
w 12 18
w 13 0
w 13 1
w 13 3
w 13 5
w 13 9
w 13 10
w 13 11
w 13 12
w 13 13
w 13 14
w 13 15
w 13 16
w 13 17
w 14 0
w 14 1
w 14 4
w 14 5
w 14 7
w 14 8
w 14 9
w 14 10
w 14 11
w 14 12
w 14 13
w 14 14
w 14 15
w 14 16
w 15 0
w 15 1
w 15 4
w 15 8
w 15 9
w 15 10
w 15 11
w 15 12
w 15 13
w 15 14
w 15 15
w 15 16
w 15 17
w 16 8
w 16 9
w 16 10
w 16 11
w 16 12
w 16 13
w 16 14
w 16 15
w 16 16
w 16 18
w 17 3
w 17 9
w 17 10
w 17 11
w 17 12
w 17 13
w 17 14
w 17 15
w 17 16
w 18 0
w 18 7
w 18 8
w 18 9
w 18 10
w 18 11
w 18 12
w 18 13
w 18 14
w 18 15
w 18 16
w 18 17
w 18 18
w 19 0
w 19 1
w 19 3
w 19 7
w 19 8
w 19 9
w 19 10
w 19 11
w 19 12
w 19 13
w 19 14
w 19 15
w 19 16
w 19 17
w 20 0
w 20 1
w 20 3
w 20 4
w 20 5
w 20 6
w 20 7
w 20 8
w 20 9
w 20 10
w 20 11
w 20 12
w 20 13
w 20 14
w 20 15
w 20 17
w 20 18
w 21 0
w 21 3
w 21 4
w 21 5
w 21 6
w 21 7
w 21 8
w 21 9
w 21 10
w 21 11
w 21 12
w 21 13
w 21 14
w 21 15
w 21 18
w 22 1
w 22 3
w 22 4
w 22 6
w 22 8
w 22 9
w 22 10
w 22 11
w 22 12
w 22 13
w 22 16
w 23 1
w 23 10
w 23 11
w 23 12
w 23 16
w 23 17
w 24 5
w 24 6
w 24 7
w 24 11
w 24 13
w 24 16
w 24 17
w 24 18
w 25 1
w 25 3
w 25 4
w 25 5
w 25 6
w 25 7
w 25 9
w 25 11
w 25 15
w 25 16
w 25 17
w 25 18
w 26 0
w 26 1
w 26 5
w 26 6
w 26 7
w 26 8
w 26 9
w 26 10
w 26 11
w 26 12
w 26 17
w 26 18
w 27 1
w 27 4
w 27 5
w 27 6
w 27 7
w 27 8
w 27 9
w 27 10
w 27 11
w 27 12
w 27 13
w 27 15
w 27 16
w 27 17
w 28 3
w 28 4
w 28 5
w 28 6
w 28 7
w 28 8
w 28 9
w 28 10
w 28 11
w 28 12
w 28 13
w 28 15
w 28 16
w 28 17
w 28 18
w 29 4
w 29 5
w 29 6
w 29 7
w 29 8
w 29 9
w 29 10
w 29 11
w 29 12
w 29 13
w 29 16
w 30 0
w 30 3
w 30 4
w 30 5
w 30 6
w 30 7
w 30 9
w 30 10
w 30 11
w 30 12
w 30 14
w 30 18
w 31 0
w 31 3
w 31 4
w 31 5
w 31 6
w 31 7
w 31 9
w 31 10
w 31 16
w 31 17
w 31 18
w 32 1
w 32 4
w 32 5
w 32 6
w 32 10
w 32 12
w 32 13
w 32 14
w 32 16
w 32 17
w 33 13
w 33 14
w 33 16
w 33 17
p 0 1
p 23 4
p 24 14
p 27 2
p 32 8
p 3 10
p 34 19
p 33 18
p 12 2
p 15 3
p 17 5
p 1 6
p 30 2
p 20 2
p 8 2
t 1400 0
m 0 18
0 33 0
1 33 0
2 33 0
t 1399 0
m 0 17
0 33 1
1 33 1
2 33 1
t 1398 0
m 0 16
0 33 2
1 33 2
2 33 2
t 1397 0
m 0 15
0 32 2
1 32 2
2 32 2
t 1396 0
m 0 14
0 31 2
1 31 2
2 31 2
t 1395 0
m 0 13
0 30 2
1 30 2
2 30 2
t 1394 0
m 0 12
0 29 2
1 29 2
2 29 2
t 1393 0
m 0 11
0 28 2
1 28 2
2 28 2
t 1392 0
m 0 10
0 27 2
1 27 2
2 27 2
t 1391 0
m 0 9
0 26 2
1 26 2
2 26 2
t 1390 0
m 0 8
0 25 2
1 25 2
2 25 2
t 1389 0
m 0 7
0 24 2
1 24 2
2 24 2
t 1388 0
m 0 6
0 23 2
1 23 2
2 23 2
t 1387 0
m 1 6
0 22 2
1 22 2
2 22 2
t 1386 6
m 0 6
0 21 2
1 21 2
2 21 2
t 1385 6
m 0 5
0 20 2
1 20 2
2 20 2
f 32 3
t 1384 6
m 0 4
0 19 2
1 19 2
2 19 2
t 1383 6
m 0 3
0 18 2
1 18 2
2 18 2
t 1382 6
m 0 2
0 17 2
1 17 2
2 17 2
t 1381 6
m 0 1
0 16 2
1 16 2
2 16 2
t 1380 13
m 0 2
0 15 2
1 15 2
2 15 2
t 1379 13
m 1 2
0 14 2
1 14 2
2 14 2
t 1378 13
m 2 2
0 13 2
1 13 2
2 13 2
t 1377 13
m 3 2
0 12 2
1 12 2
2 12 2
t 1376 13
m 4 2
0 11 2
1 11 2
2 11 2
t 1375 13
m 5 2
0 10 2
1 10 2
2 10 2
t 1374 13
m 6 2
0 9 2
1 9 2
2 9 2
t 1373 13
m 7 2
0 9 3
1 8 2
2 8 2
t 1372 13
m 8 2
0 8 3
1 8 3
2 7 2
t 1371 13
