35
20
m 0 19
0 34 0
1 34 0
2 34 0
w 0 1
w 0 7
w 0 8
w 0 9
w 0 10
w 0 11
w 0 12
w 0 13
w 0 14
w 0 15
w 0 16
w 0 17
w 0 18
w 1 4
w 1 5
w 1 8
w 1 9
w 1 10
w 1 11
w 1 12
w 1 13
w 1 14
w 1 15
w 1 16
w 1 17
w 2 0
w 2 4
w 2 5
w 2 7
w 2 8
w 2 9
w 2 10
w 2 11
w 2 12
w 2 13
w 2 14
w 2 15
w 2 16
w 3 2
w 3 3
w 3 4
w 3 5
w 3 6
w 3 7
w 3 8
w 3 9
w 3 10
w 3 11
w 3 14
w 3 15
w 3 16
w 4 2
w 4 3
w 4 4
w 4 5
w 4 6
w 4 7
w 4 8
w 4 9
w 4 17
w 4 18
w 5 0
w 5 3
w 5 4
w 5 5
w 5 6
w 5 7
w 5 8
w 5 9
w 5 10
w 5 12
w 5 13
w 5 14
w 5 15
w 5 17
w 6 4
w 6 5
w 6 6
w 6 7
w 6 8
w 6 9
w 6 13
w 7 1
w 7 3
w 7 7
w 7 8
w 7 9
w 7 10
w 7 11
w 7 14
w 7 16
w 7 18
w 8 0
w 8 1
w 8 4
w 8 5
w 8 8
w 8 9
w 8 10
w 8 11
w 8 12
w 8 13
w 8 15
w 8 16
w 8 17
w 9 5
w 9 6
w 9 8
w 9 9
w 9 10
w 9 11
w 9 15
w 9 16
w 10 2
w 10 3
w 10 5
w 10 6
w 10 9
w 10 11
w 10 13
w 10 17
w 11 0
w 11 1
w 11 2
w 11 6
w 11 8
w 11 9
w 11 12
w 12 9
w 12 10
w 12 13
w 12 16
w 12 17
w 12 18
w 12 19
w 13 0
w 13 1
w 13 3
w 13 4
w 13 5
w 13 8
w 13 10
w 13 12
w 13 18
w 13 19
w 14 1
w 14 2
w 14 3
w 14 5
w 14 6
w 14 8
w 14 12
w 14 13
w 14 14
w 14 15
w 14 16
w 14 18
w 14 19
w 15 19
w 16 2
w 16 3
w 16 4
w 16 6
w 16 8
w 16 9
w 16 11
w 16 14
w 16 15
w 16 19
w 17 2
w 17 3
w 17 4
w 17 5
w 17 6
w 17 7
w 17 8
w 17 9
w 17 11
w 17 17
w 18 1
w 18 2
w 18 3
w 18 4
w 18 5
w 18 6
w 18 7
w 18 8
w 18 9
w 18 11
w 18 14
w 18 15
w 19 4
w 19 5
w 19 6
w 19 7
w 19 13
w 19 14
w 19 18
w 19 19
w 20 2
w 20 4
w 20 5
w 20 6
w 20 7
w 20 8
w 20 9
w 20 10
w 20 13
w 20 14
w 20 15
w 20 16
w 20 17
w 20 18
w 20 19
w 21 1
w 21 4
w 21 5
w 21 6
w 21 7
w 21 8
w 21 9
w 21 10
w 21 11
w 21 13
w 21 14
w 21 15
w 21 16
w 21 17
w 21 18
w 21 19
w 22 4
w 22 6
w 22 7
w 22 8
w 22 9
w 22 10
w 22 13
w 22 14
w 22 15
w 22 17
w 22 18
w 22 19
w 23 2
w 23 7
w 23 8
w 23 9
w 23 10
w 23 11
w 23 13
w 23 14
w 23 15
w 23 18
w 23 19
w 24 1
w 24 2
w 24 3
w 24 4
w 24 6
w 24 7
w 24 8
w 24 9
w 24 10
w 24 17
w 24 18
w 24 19
w 25 2
w 25 3
w 25 6
w 25 7
w 25 8
w 25 9
w 25 10
w 25 13
w 25 14
w 25 15
w 25 16
w 25 19
w 26 2
w 26 5
w 26 18
w 26 19
w 27 2
w 27 4
w 27 8
w 27 11
w 27 13
w 27 15
w 27 17
w 27 18
w 27 19
w 28 1
w 28 4
w 28 5
w 28 6
w 28 7
w 28 15
w 28 16
w 28 17
w 28 18
w 28 19
w 29 2
w 29 3
w 29 4
w 29 6
w 29 7
w 29 8
w 29 10
w 29 14
w 29 15
w 29 16
w 29 17
w 29 18
w 29 19
w 30 1
w 30 2
w 30 7
w 30 8
w 30 9
w 30 10
w 30 11
w 30 16
w 30 17
w 30 18
w 30 19
w 31 1
w 31 2
w 31 4
w 31 7
w 31 8
w 31 10
w 31 11
w 31 13
w 31 14
w 31 15
w 31 16
w 31 17
w 31 18
w 31 19
w 32 13
w 32 14
w 32 15
w 32 16
w 32 17
w 32 18
w 32 19
w 33 2
w 33 9
w 33 10
w 33 11
w 33 13
w 33 14
w 33 15
w 33 16
w 33 17
w 33 18
w 33 19
w 34 2
w 34 5
w 34 6
w 34 10
w 34 11
w 34 14
w 34 15
w 34 16
w 34 17
w 34 18
w 34 19
p 23 4
p 12 11
p 33 7
p 5 11
p 29 1
p 16 0
p 0 0
p 14 17
p 9 12
p 18 0
p 2 19
p 20 0
p 11 5
p 27 3
p 25 17
p 7 5
p 31 12
t 1400 0
m 1 19
0 33 0
1 33 0
2 33 0
t 1399 0
m 2 19
0 32 0
1 32 0
2 32 0
t 1398 5
m 3 19
0 32 1
1 32 1
2 32 1
t 1397 5
m 4 19
0 32 2
1 32 2
2 32 2
t 1396 5
m 5 19
0 32 3
1 32 3
2 32 3
t 1395 5
m 5 18
0 32 4
1 32 4
2 32 4
t 1394 5
m 6 18
0 32 5
1 32 5
2 32 5
t 1393 5
m 6 17
0 32 6
1 32 6
2 32 6
t 1392 5
m 6 16
0 32 7
1 32 7
2 32 7
t 1391 5
m 5 16
0 32 8
1 32 8
2 32 8
t 1390 5
m 4 16
0 32 9
1 32 9
2 32 9
t 1389 5
m 4 15
0 32 10
1 32 10
2 32 10
t 1388 5
m 4 14
0 32 11
1 32 11
2 32 11
t 1387 5
m 4 13
0 32 12
1 32 12
2 32 12
t 1386 5
m 4 12
0 31 12
1 31 12
2 31 12
t 1385 5
m 4 11
0 30 12
1 30 12
2 30 12
t 1384 5
m 5 11
0 29 12
1 29 12
2 29 12
t 1383 11
m 4 11
0 28 12
1 28 12
2 28 12
t 1382 11
m 4 12
0 27 12
1 27 12
2 27 12
t 1381 11
m 4 13
0 26 12
1 26 12
2 26 12
t 1380 11
m 4 14
0 25 12
1 25 12
2 25 12
t 1379 11
m 4 15
0 24 12
1 24 12
2 24 12
f 26 6
t 1378 11
m 4 16
0 23 12
1 23 12
2 23 12
t 1377 11
m 5 16
0 22 12
1 22 12
2 22 12
t 1376 11
m 6 16
0 21 12
1 21 12
2 21 12
t 1375 11
m 6 17
0 20 12
1 20 12
2 20 12
t 1374 11
m 6 18
0 19 12
1 19 12
2 19 12
t 1373 11
m 6 19
0 18 12
1 18 12
2 18 12
t 1372 11
m 7 19
0 19 12
1 17 12
2 17 12
t 1371 11
m 8 19
0 18 12
1 16 12
2 16 12
t 1370 11
m 8 18
0 17 12
1 15 12
2 15 12
t 1369 11
m 9 18
0 16 12
1 15 13
2 15 13
t 1368 11
m 10 18
0 15 12
1 15 14
2 15 12
t 1367 11
m 11 18
0 15 13
1 15 15
2 15 13
t 1366 11
m 11 17
0 15 14
1 15 16
2 15 14
t 1365 11
m 11 16
0 15 15
1 15 17
2 15 15
t 1364 11
m 10 16
0 15 16
1 14 17
2 15 16
t 1363 11
m 10 15
0 15 17
1 13 17
2 15 17
t 1362 11
m 10 14
0 14 17
1 14 17
2 14 17
t 1361 11
m 9 14
0 13 17
1 13 17
2 13 17
t 1360 11
m 9 13
0 13 16
1 13 16
2 13 16
t 1359 11
m 9 12
0 13 15
1 13 17
2 13 15
t 1358 17
m 9 12
0 13 14
1 14 17
2 12 15
t 1357 17
m 9 12
0 12 14
1 13 17
2 11 15
t 1356 17
m 9 12
0 11 14
1 13 16
2 10 15
t 1355 17
m 9 12
0 10 14
1 13 15
2 10 14
t 1354 17
m 9 12
0 9 14
1 12 15
2 9 14
t 1353 17
m 9 12
0 9 13
1 11 15
2 9 13
t 1352 17
m 9 12
0 9 12
1 10 15
2 9 12
t 1351 17
