35
20
m 0 19
0 34 0
1 34 0
2 34 0
w 1 1
w 1 2
w 1 4
w 1 6
w 1 9
w 1 12
w 1 13
w 1 14
w 1 16
w 1 17
w 1 18
w 2 2
w 2 4
w 2 6
w 2 7
w 2 9
w 2 10
w 2 11
w 2 14
w 2 18
w 3 1
w 3 4
w 3 5
w 3 6
w 3 7
w 3 12
w 3 14
w 3 17
w 4 3
w 4 4
w 4 5
w 4 6
w 4 7
w 4 8
w 4 9
w 4 10
w 4 11
w 4 14
w 4 15
w 4 17
w 5 1
w 5 4
w 5 5
w 5 6
w 5 7
w 5 8
w 5 12
w 5 14
w 5 17
w 5 18
w 6 3
w 6 4
w 6 5
w 6 6
w 6 7
w 6 8
w 6 11
w 6 12
w 6 15
w 6 16
w 6 17
w 7 4
w 7 5
w 7 6
w 7 7
w 7 8
w 7 11
w 7 12
w 7 13
w 7 17
w 8 2
w 8 4
w 8 5
w 8 6
w 8 7
w 8 10
w 8 11
w 8 12
w 8 13
w 8 14
w 8 16
w 8 17
w 8 18
w 9 2
w 9 3
w 9 4
w 9 5
w 9 6
w 9 7
w 9 8
w 9 11
w 9 13
w 9 16
w 9 18
w 10 1
w 10 3
w 10 4
w 10 7
w 10 13
w 10 15
w 10 18
w 11 6
w 11 7
w 11 8
w 11 13
w 11 16
w 12 5
w 12 6
w 12 7
w 12 8
w 12 9
w 12 12
w 12 13
w 12 14
w 13 5
w 13 6
w 13 7
w 13 8
w 13 9
w 13 10
w 14 1
w 14 2
w 14 5
w 14 6
w 14 7
w 14 8
w 14 9
w 14 10
w 14 11
w 14 12
w 14 15
w 14 16
w 14 17
w 14 18
w 15 3
w 15 6
w 15 7
w 15 8
w 15 9
w 15 10
w 15 11
w 15 12
w 15 13
w 15 14
w 15 15
w 15 16
w 15 17
w 15 18
w 16 1
w 16 2
w 16 5
w 16 6
w 16 7
w 16 8
w 16 9
w 16 10
w 16 11
w 16 12
w 16 13
w 16 14
w 16 15
w 16 16
w 16 17
w 17 2
w 17 3
w 17 4
w 17 5
w 17 6
w 17 8
w 17 10
w 17 11
w 17 12
w 17 13
w 17 14
w 17 15
w 17 16
w 17 17
w 17 18
w 18 1
w 18 2
w 18 3
w 18 4
w 18 5
w 18 6
w 18 11
w 18 12
w 18 13
w 18 14
w 18 15
w 18 16
w 18 17
w 19 1
w 19 2
w 19 3
w 19 4
w 19 9
w 19 10
w 19 11
w 19 12
w 19 13
w 19 15
w 19 16
w 19 17
w 19 18
w 20 1
w 20 2
w 20 3
w 20 4
w 20 15
w 20 16
w 20 17
w 21 1
w 21 2
w 21 3
w 21 4
w 21 8
w 21 9
w 21 10
w 21 13
w 21 15
w 22 1
w 22 3
w 22 6
w 22 7
w 22 8
w 22 9
w 22 10
w 22 13
w 22 18
w 23 1
w 23 3
w 23 5
w 23 6
w 23 7
w 23 8
w 23 9
w 23 10
w 23 11
w 23 13
w 23 16
w 23 17
w 24 3
w 24 5
w 24 6
w 24 7
w 24 8
w 24 9
w 24 10
w 24 11
w 24 12
w 24 13
w 24 14
w 24 15
w 24 16
w 24 17
w 24 18
w 25 2
w 25 3
w 25 4
w 25 5
w 25 6
w 25 7
w 25 8
w 25 11
w 25 12
w 25 16
w 25 17
w 26 1
w 26 2
w 26 3
w 26 4
w 26 5
w 26 6
w 26 12
w 26 17
w 27 4
w 27 5
w 27 6
w 27 10
w 27 11
w 27 12
w 27 13
w 27 16
w 28 2
w 28 4
w 28 5
w 28 6
w 28 7
w 28 10
w 28 14
w 28 17
w 28 18
w 29 1
w 29 2
w 29 3
w 29 5
w 29 6
w 29 10
w 29 11
w 29 13
w 29 16
w 29 17
w 30 1
w 30 2
w 30 3
w 30 7
w 30 9
w 30 15
w 31 1
w 31 2
w 31 5
w 31 9
w 33 1
w 33 2
w 33 3
w 33 4
w 33 6
w 33 9
w 33 14
w 33 17
w 34 2
w 34 3
w 34 4
w 34 5
w 34 6
w 34 7
w 34 10
w 34 11
w 34 13
w 34 14
w 34 15
w 34 16
p 22 2
p 28 9
p 30 6
p 11 2
p 24 2
p 1 3
p 31 13
p 14 3
p 12 15
p 20 9
p 3 2
p 34 8
p 5 2
p 0 0
p 9 12
p 17 19
p 32 13
p 7 2
p 26 15
t 1400 0
m 1 19
0 33 0
1 34 1
2 33 0
f 28 13
t 1399 0
m 2 19
0 32 0
1 34 0
2 32 0
t 1398 0
m 3 19
0 31 0
1 33 0
2 31 0
t 1397 0
m 4 19
0 30 0
1 32 0
2 30 0
t 1396 0
m 5 19
0 29 0
1 32 1
2 29 0
t 1395 0
m 6 19
0 28 0
1 32 2
2 28 0
t 1394 0
m 7 19
0 27 0
1 32 3
2 27 0
t 1393 0
m 8 19
0 26 0
1 32 4
2 26 0
t 1392 0
m 9 19
0 25 0
1 32 5
2 25 0
t 1391 0
m 10 19
0 26 0
1 32 6
2 26 0
t 1390 0
m 11 19
0 27 0
1 31 6
2 27 0
t 1389 0
m 11 18
0 28 0
1 31 7
2 28 0
t 1388 0
m 11 17
0 29 0
1 31 8
2 29 0
t 1387 0
m 12 17
0 30 0
1 32 8
2 30 0
t 1386 0
m 12 16
0 31 0
1 32 9
2 31 0
t 1385 0
m 12 15
0 32 0
1 32 10
2 32 0
t 1384 5
m 13 15
0 32 1
1 32 11
2 32 1
t 1383 5
m 13 16
0 32 2
1 32 12
2 32 2
t 1382 5
m 13 17
0 32 3
1 32 13
2 32 3
t 1381 5
m 13 18
0 32 4
1 32 14
2 32 4
t 1380 5
m 13 19
0 32 5
1 32 15
2 32 5
t 1379 5
m 14 19
0 32 6
1 31 15
2 32 6
t 1378 5
m 15 19
0 32 7
1 31 16
2 32 7
t 1377 5
m 16 19
0 32 8
1 30 16
2 32 8
t 1376 5
m 17 19
0 32 9
1 30 17
2 32 9
t 1375 10
m 18 19
0 32 10
1 30 18
2 32 10
t 1374 10
m 19 19
0 32 11
1 29 18
2 32 11
t 1373 10
m 18 19
0 32 12
1 29 19
2 32 12
t 1372 10
m 17 19
0 32 13
1 28 19
2 32 13
t 1371 10
m 16 19
0 32 14
1 27 19
2 32 14
t 1370 10
m 15 19
0 32 15
1 26 19
2 32 15
t 1369 10
m 14 19
0 31 15
1 25 19
2 31 15
t 1368 10
m 13 19
0 31 16
1 24 19
2 31 16
t 1367 10
m 13 18
0 30 16
1 23 19
2 30 16
t 1366 10
m 13 17
0 30 17
1 22 19
2 30 17
t 1365 10
m 13 16
0 30 18
1 23 19
2 30 18
t 1364 10
m 13 15
0 29 18
1 22 19
2 29 18
t 1363 10
m 13 14
0 29 19
1 21 19
2 29 19
t 1362 10
m 13 13
0 28 19
1 20 19
2 28 19
t 1361 10
m 13 12
0 27 19
1 19 19
2 27 19
t 1360 10
m 13 11
0 26 19
1 18 19
2 26 19
t 1359 10
m 12 11
0 25 19
1 17 19
2 25 19
t 1358 10
m 11 11
0 24 19
1 16 19
2 24 19
t 1357 10
m 10 11
0 23 19
1 15 19
2 23 19
t 1356 10
m 10 12
0 22 19
1 14 19
2 23 18
t 1355 10
m 9 12
0 21 19
1 13 19
2 23 19
t 1354 15
m 10 12
0 20 19
1 13 18
2 22 19
t 1353 15
m 11 12
0 19 19
1 13 17
2 21 19
t 1352 15
m 11 11
0 18 19
1 13 16
2 20 19
t 1351 15
m 12 11
0 17 19
1 13 15
2 19 19
t 1350 15
m 13 11
0 16 19
1 13 14
2 18 19
t 1349 15
m 13 11
0 15 19
1 13 13
2 17 19
t 1348 15
m 13 11
0 14 19
1 13 12
2 16 19
t 1347 15
m 13 11
0 13 19
1 13 11
2 15 19
t 1346 15
