35
20
m 0 19
0 34 0
1 34 0
2 34 0
w 0 0
w 0 1
w 0 2
w 0 3
w 0 4
w 0 6
w 0 10
w 0 12
w 0 13
w 0 14
w 0 15
w 0 16
w 0 17
w 1 0
w 1 1
w 1 2
w 1 3
w 1 4
w 1 9
w 1 10
w 1 14
w 1 15
w 1 16
w 2 0
w 2 1
w 2 2
w 2 3
w 2 8
w 2 11
w 2 13
w 2 15
w 2 18
w 3 0
w 3 1
w 3 2
w 3 5
w 3 6
w 3 7
w 3 8
w 3 9
w 3 16
w 4 0
w 4 1
w 4 2
w 4 3
w 4 9
w 4 10
w 4 12
w 4 14
w 4 17
w 5 0
w 5 2
w 5 3
w 5 4
w 5 6
w 5 10
w 5 12
w 5 16
w 5 17
w 5 18
w 6 0
w 6 2
w 6 3
w 6 4
w 6 5
w 6 9
w 6 12
w 6 13
w 6 14
w 6 16
w 6 18
w 7 11
w 7 14
w 7 16
w 8 1
w 8 5
w 8 6
w 8 7
w 8 13
w 8 14
w 9 3
w 9 4
w 9 5
w 9 6
w 9 7
w 9 9
w 9 10
w 9 11
w 9 12
w 9 13
w 9 14
w 9 15
w 9 17
w 10 1
w 10 6
w 10 9
w 10 14
w 10 18
w 10 19
w 11 2
w 11 7
w 11 11
w 11 13
w 11 14
w 11 18
w 11 19
w 12 1
w 12 5
w 12 6
w 12 7
w 12 9
w 12 10
w 12 12
w 12 13
w 12 14
w 12 15
w 12 19
w 13 2
w 13 6
w 13 12
w 13 13
w 13 14
w 13 15
w 13 19
w 14 1
w 14 2
w 14 5
w 14 6
w 14 9
w 14 11
w 14 12
w 14 13
w 14 14
w 14 15
w 14 16
w 14 17
w 14 18
w 14 19
w 15 1
w 15 4
w 15 5
w 15 6
w 15 7
w 15 10
w 15 11
w 15 12
w 15 13
w 15 14
w 15 15
w 15 16
w 15 17
w 15 18
w 15 19
w 16 1
w 16 4
w 16 5
w 16 6
w 16 7
w 16 9
w 16 10
w 16 11
w 16 12
w 16 13
w 16 14
w 16 15
w 16 16
w 16 17
w 16 18
w 16 19
w 17 2
w 17 4
w 17 5
w 17 6
w 17 7
w 17 10
w 17 11
w 17 12
w 17 13
w 17 14
w 17 15
w 17 16
w 17 17
w 17 18
w 17 19
w 18 2
w 18 3
w 18 4
w 18 5
w 18 6
w 18 7
w 18 9
w 18 10
w 18 11
w 18 12
w 18 13
w 18 14
w 18 15
w 18 16
w 18 17
w 18 18
w 18 19
w 19 1
w 19 3
w 19 4
w 19 5
w 19 6
w 19 7
w 19 9
w 19 10
w 19 11
w 19 12
w 19 13
w 19 14
w 19 15
w 19 16
w 19 17
w 19 18
w 19 19
w 20 1
w 20 3
w 20 4
w 20 5
w 20 6
w 20 10
w 20 12
w 20 13
w 20 14
w 20 15
w 20 16
w 20 17
w 20 18
w 20 19
w 21 4
w 21 5
w 21 6
w 21 7
w 21 9
w 21 10
w 21 14
w 21 15
w 21 16
w 21 17
w 21 18
w 21 19
w 22 3
w 22 6
w 22 7
w 22 13
w 22 15
w 22 16
w 22 17
w 22 18
w 22 19
w 23 1
w 23 5
w 23 9
w 23 12
w 23 13
w 23 15
w 23 16
w 23 17
w 23 18
w 23 19
w 24 4
w 24 6
w 24 11
w 24 12
w 24 13
w 24 17
w 24 18
w 24 19
w 25 3
w 25 11
w 25 12
w 25 17
w 25 18
w 25 19
w 26 2
w 26 3
w 26 5
w 26 6
w 26 10
w 26 11
w 26 12
w 26 16
w 26 18
w 26 19
w 27 1
w 27 2
w 27 3
w 27 14
w 27 19
w 28 1
w 28 2
w 28 3
w 28 4
w 28 5
w 28 6
w 28 13
w 28 14
w 28 15
w 28 17
w 28 18
w 28 19
w 29 1
w 29 2
w 29 3
w 29 4
w 29 5
w 29 6
w 29 13
w 29 14
w 29 16
w 29 17
w 29 19
w 30 2
w 30 3
w 30 4
w 30 5
w 30 6
w 30 7
w 30 9
w 30 10
w 30 16
w 31 1
w 31 3
w 31 4
w 31 5
w 31 6
w 31 7
w 31 9
w 31 12
w 31 13
w 31 18
w 31 19
w 32 1
w 32 3
w 32 4
w 32 5
w 32 10
w 32 11
w 32 12
w 32 13
w 32 14
w 32 17
w 32 18
w 32 19
w 33 3
w 33 4
w 33 5
w 33 6
w 33 12
w 33 13
w 33 14
w 33 15
w 33 16
w 33 17
w 33 18
w 33 19
w 34 9
w 34 10
w 34 11
w 34 12
w 34 13
w 34 14
w 34 15
w 34 16
w 34 17
w 34 18
w 34 19
p 19 8
p 12 17
p 22 8
p 29 11
p 27 11
p 31 14
p 11 0
p 34 1
p 4 6
p 7 13
p 14 10
p 25 15
p 2 9
p 0 5
p 6 6
p 9 1
p 24 5
t 1400 0
m 1 19
0 33 0
1 34 1
2 33 0
t 1399 0
m 2 19
0 32 0
1 34 2
2 32 0
t 1398 0
m 3 19
0 31 0
1 34 3
2 31 0
t 1397 0
m 4 19
0 30 0
1 34 4
2 30 0
t 1396 0
m 5 19
0 29 0
1 34 5
2 29 0
t 1395 0
m 6 19
0 28 0
1 34 6
2 28 0
t 1394 0
m 7 19
0 27 0
1 34 7
2 27 0
t 1393 0
m 7 18
0 26 0
1 33 7
2 26 0
t 1392 0
m 7 17
0 25 0
1 32 7
2 25 0
t 1391 0
m 8 17
0 24 0
1 32 8
2 24 0
t 1390 0
m 8 16
0 23 0
1 31 8
2 23 0
f 29 8
t 1389 0
m 9 16
0 22 0
1 30 8
2 22 0
t 1388 0
m 10 16
0 21 0
1 29 8
2 21 0
t 1387 0
m 10 17
0 20 0
1 28 8
2 20 0
t 1386 0
m 11 17
0 19 0
1 27 8
2 19 0
t 1385 0
m 12 17
0 18 0
1 26 8
2 18 0
t 1384 5
m 12 16
0 17 0
1 25 8
2 17 0
t 1383 5
m 11 16
0 16 0
1 24 8
2 16 0
t 1382 5
m 10 16
0 15 0
1 23 8
2 15 0
t 1381 5
m 9 16
0 14 0
1 22 8
2 14 0
t 1380 5
m 8 16
0 13 0
1 21 8
2 13 0
t 1379 5
m 8 15
0 12 0
1 20 8
2 12 0
t 1378 5
m 7 15
0 11 0
1 19 8
2 11 0
t 1377 5
m 6 15
0 10 0
1 18 8
2 10 0
t 1376 5
m 5 15
0 9 0
1 17 8
2 9 0
t 1375 5
m 5 14
0 9 1
1 16 8
2 9 1
t 1374 5
m 5 13
0 9 2
1 15 8
2 9 2
t 1373 5
m 4 13
0 8 2
1 15 9
2 9 1
t 1372 5
m 3 13
0 7 2
1 15 8
2 9 2
t 1371 5
m 3 12
0 7 3
1 14 8
2 8 2
t 1370 5
m 3 11
0 7 4
1 13 8
2 7 2
t 1369 5
m 3 10
0 7 5
1 12 8
2 7 3
t 1368 5
m 2 10
0 7 6
1 11 8
2 7 4
t 1367 5
m 2 9
0 6 6
1 10 8
2 7 5
t 1366 11
m 2 10
0 6 7
1 9 8
2 7 6
t 1365 11
m 3 10
0 6 8
1 8 8
2 6 6
t 1364 11
m 3 11
0 7 8
1 7 8
2 6 7
t 1363 11
m 4 11
0 6 8
1 7 9
2 6 8
t 1362 11
m 5 11
0 7 8
1 7 10
2 7 8
t 1361 11
m 5 11
0 7 9
1 6 10
2 7 9
t 1360 11
m 5 11
0 8 9
1 6 11
2 7 10
t 1359 11
m 5 11
0 7 9
1 5 11
2 6 10
t 1358 11
