35
20
m 0 19
0 34 0
1 34 0
2 34 0
w 0 0
w 0 1
w 0 2
w 0 3
w 0 4
w 0 5
w 0 6
w 0 7
w 0 8
w 0 9
w 0 10
w 0 14
w 0 15
w 0 16
w 0 17
w 1 0
w 1 1
w 1 2
w 1 3
w 1 4
w 1 5
w 1 6
w 1 7
w 1 8
w 1 9
w 1 10
w 1 11
w 2 0
w 2 1
w 2 2
w 2 3
w 2 4
w 2 5
w 2 6
w 2 7
w 2 8
w 2 9
w 2 10
w 2 11
w 2 14
w 3 0
w 3 1
w 3 2
w 3 3
w 3 4
w 3 5
w 3 6
w 3 7
w 3 8
w 3 9
w 3 10
w 3 11
w 3 13
w 3 14
w 3 15
w 3 16
w 4 0
w 4 1
w 4 2
w 4 3
w 4 4
w 4 5
w 4 6
w 4 7
w 4 8
w 4 9
w 4 10
w 4 14
w 4 15
w 4 19
w 5 0
w 5 1
w 5 2
w 5 3
w 5 4
w 5 5
w 5 6
w 5 7
w 5 8
w 5 9
w 5 10
w 5 11
w 5 14
w 5 17
w 5 18
w 5 19
w 6 0
w 6 1
w 6 2
w 6 3
w 6 4
w 6 5
w 6 6
w 6 7
w 6 8
w 6 9
w 6 10
w 6 11
w 6 12
w 6 13
w 6 14
w 6 17
w 6 19
w 7 0
w 7 1
w 7 2
w 7 3
w 7 4
w 7 5
w 7 6
w 7 7
w 7 8
w 7 9
w 7 10
w 7 11
w 7 12
w 8 0
w 8 1
w 8 3
w 8 5
w 8 6
w 8 7
w 8 8
w 8 9
w 8 10
w 8 11
w 8 16
w 8 17
w 9 0
w 9 1
w 9 7
w 9 8
w 9 9
w 9 10
w 9 11
w 9 13
w 9 14
w 9 15
w 9 16
w 10 0
w 10 1
w 10 2
w 10 3
w 10 4
w 10 5
w 10 8
w 10 9
w 10 10
w 10 12
w 10 14
w 10 15
w 10 16
w 10 17
w 10 18
w 11 0
w 11 1
w 11 2
w 11 3
w 11 5
w 11 9
w 11 14
w 12 1
w 12 2
w 12 3
w 12 5
w 12 7
w 12 9
w 12 10
w 12 11
w 12 16
w 12 18
w 12 19
w 13 3
w 13 6
w 13 7
w 13 9
w 13 10
w 13 11
w 13 12
w 13 14
w 13 16
w 13 19
w 14 0
w 14 1
w 14 3
w 14 4
w 14 6
w 14 7
w 14 11
w 14 12
w 14 13
w 14 17
w 14 19
w 15 0
w 15 1
w 15 3
w 15 4
w 15 9
w 15 12
w 15 17
w 16 0
w 16 15
w 16 16
w 16 19
w 17 0
w 17 1
w 17 3
w 17 6
w 17 8
w 17 10
w 17 12
w 17 16
w 17 19
w 18 0
w 18 1
w 18 3
w 18 5
w 18 7
w 18 8
w 18 9
w 18 10
w 18 14
w 18 15
w 18 16
w 18 17
w 18 18
w 18 19
w 19 0
w 19 3
w 19 7
w 19 10
w 19 13
w 19 14
w 19 15
w 19 16
w 19 17
w 19 18
w 19 19
w 20 3
w 20 5
w 20 7
w 20 12
w 20 13
w 20 14
w 20 15
w 20 16
w 20 17
w 20 18
w 20 19
w 21 1
w 21 3
w 21 4
w 21 5
w 21 6
w 21 7
w 21 14
w 21 15
w 21 16
w 21 17
w 21 18
w 21 19
w 22 0
w 22 4
w 22 5
w 22 6
w 22 9
w 22 10
w 22 13
w 22 14
w 22 15
w 22 16
w 22 17
w 22 18
w 22 19
w 23 1
w 23 3
w 23 4
w 23 5
w 23 6
w 23 7
w 23 14
w 23 15
w 23 16
w 23 17
w 23 18
w 23 19
w 24 4
w 24 5
w 24 6
w 24 7
w 24 8
w 24 9
w 24 10
w 24 12
w 24 13
w 24 14
w 24 15
w 24 16
w 24 17
w 24 18
w 24 19
w 25 3
w 25 4
w 25 5
w 25 6
w 25 7
w 25 8
w 25 9
w 25 12
w 25 15
w 25 16
w 25 17
w 25 18
w 25 19
w 26 3
w 26 4
w 26 5
w 26 6
w 26 15
w 26 16
w 26 17
w 26 18
w 26 19
w 27 0
w 27 3
w 27 4
w 27 5
w 27 6
w 27 7
w 27 9
w 27 12
w 27 13
w 27 14
w 27 15
w 27 16
w 27 17
w 27 18
w 27 19
w 28 4
w 28 5
w 28 6
w 28 8
w 28 9
w 28 12
w 28 13
w 28 14
w 28 15
w 28 16
w 28 17
w 28 18
w 28 19
w 29 1
w 29 6
w 29 8
w 29 12
w 29 13
w 29 14
w 29 15
w 29 16
w 29 17
w 29 18
w 29 19
w 30 4
w 30 5
w 30 8
w 30 13
w 30 14
w 30 15
w 30 17
w 30 18
w 30 19
w 31 0
w 31 5
w 31 9
w 31 13
w 31 17
w 31 18
w 32 0
w 32 1
w 32 3
w 32 5
w 32 6
w 32 7
w 32 10
w 32 13
w 32 14
w 32 15
w 32 17
w 32 18
w 33 0
w 33 1
w 33 4
w 33 8
w 33 17
w 34 15
w 34 19
p 7 17
p 34 17
p 27 11
p 3 17
p 25 2
p 31 16
p 16 2
p 12 6
p 30 3
p 10 6
p 14 9
p 19 12
p 17 11
p 22 3
p 33 14
p 0 11
t 1400 0
m 0 18
0 34 1
1 34 1
2 34 1
t 1399 0
m 1 18
0 34 2
1 34 2
2 34 2
t 1398 0
m 1 17
0 34 3
1 34 3
2 34 3
t 1397 0
m 2 17
0 34 4
1 34 4
2 34 4
t 1396 0
m 3 17
0 34 5
1 34 5
2 34 5
t 1395 6
m 4 17
0 33 5
1 33 5
2 33 5
t 1394 6
m 4 16
0 33 6
1 33 6
2 33 6
t 1393 6
m 5 16
0 33 7
1 33 7
2 33 7
t 1392 6
m 6 16
0 34 7
1 34 7
2 34 7
t 1391 6
m 7 16
0 34 8
1 34 8
2 34 8
t 1390 6
m 7 17
0 34 9
1 34 9
2 34 9
t 1389 12
m 7 16
0 33 9
1 33 9
2 33 9
t 1388 12
m 6 16
0 33 10
1 33 10
2 33 10
t 1387 12
m 5 16
0 33 11
1 33 11
2 33 11
t 1386 12
m 4 16
0 32 11
1 32 11
2 32 11
t 1385 12
m 4 17
0 31 11
1 31 11
2 31 11
t 1384 12
m 3 17
0 30 11
1 30 11
2 30 11
t 1383 12
m 2 17
0 29 11
1 29 11
2 29 11
t 1382 12
m 1 17
0 28 11
1 28 11
2 28 11
t 1381 12
m 1 16
0 27 11
1 27 11
2 27 11
t 1380 12
m 1 15
0 26 11
1 26 11
2 26 11
t 1379 12
m 1 14
0 25 11
1 25 11
2 25 11
t 1378 12
m 1 13
0 24 11
1 24 11
2 24 11
t 1377 12
m 0 13
0 23 11
1 23 11
2 23 11
t 1376 12
m 0 12
0 22 11
1 22 11
2 22 11
t 1375 12
m 0 11
0 21 11
1 21 11
2 21 11
t 1374 18
m 0 12
0 20 11
1 20 11
2 21 12
t 1373 18
m 1 12
0 19 11
1 19 11
2 21 13
t 1372 18
m 1 13
0 18 11
1 18 11
2 21 12
t 1371 18
m 1 14
0 17 11
1 17 11
2 21 11
t 1370 18
m 1 15
0 16 11
1 16 11
2 20 11
t 1369 18
m 2 15
0 16 12
1 16 12
2 19 11
t 1368 18
m 2 16
0 16 13
1 16 13
2 18 11
t 1367 18
m 2 17
0 16 14
1 15 13
2 17 11
t 1366 18
m 3 17
0 16 13
1 15 14
2 16 11
f 17 5
t 1365 18
m 4 17
0 15 13
1 14 14
2 16 10
t 1364 18
m 4 16
0 15 14
1 14 15
2 16 9
t 1363 18
m 4 16
0 14 14
1 13 15
2 16 8
t 1362 18
m 4 16
0 14 15
1 12 15
2 15 8
t 1361 18
m 4 16
0 13 15
1 11 15
2 14 8
t 1360 18
m 4 16
0 12 15
1 11 16
2 14 9
t 1359 18
m 4 16
0 11 15
1 11 17
2 14 10
t 1358 18
m 4 16
0 11 16
1 11 18
2 15 10
t 1357 18
m 4 16
0 11 17
1 11 19
2 15 11
t 1356 18
m 4 16
0 11 18
1 10 19
2 16 11
t 1355 18
m 4 16
0 11 19
1 9 19
2 16 12
t 1354 18
m 4 16
0 10 19
1 8 19
2 16 13
t 1353 18
m 4 16
0 9 19
1 7 19
2 15 13
t 1352 18
m 4 16
0 8 19
1 8 19
2 15 14
t 1351 18
m 4 16
0 7 19
1 7 19
2 14 14
t 1350 18
m 5 16
0 7 18
1 7 18
2 14 15
t 1349 18
m 6 16
0 7 17
1 7 17
2 13 15
t 1348 18
m 6 16
0 7 18
1 7 16
2 12 15
t 1347 18
m 6 16
0 7 17
1 6 16
2 11 15
t 1346 18
