35
20
m 0 19
0 34 0
1 34 0
2 34 0
w 1 1
w 1 2
w 1 4
w 1 5
w 1 6
w 1 8
w 1 9
w 1 11
w 1 12
w 1 14
w 1 15
w 1 16
w 1 17
w 1 18
w 2 2
w 2 5
w 2 6
w 2 9
w 2 12
w 2 14
w 2 15
w 2 16
w 2 18
w 3 1
w 3 3
w 3 4
w 3 5
w 3 6
w 3 7
w 3 8
w 3 9
w 3 10
w 3 11
w 3 12
w 3 13
w 3 14
w 3 15
w 3 16
w 3 18
w 4 1
w 4 5
w 4 6
w 4 9
w 4 12
w 4 13
w 4 14
w 4 15
w 4 16
w 5 7
w 5 9
w 5 11
w 5 12
w 5 13
w 5 14
w 5 15
w 6 2
w 6 4
w 6 5
w 6 11
w 6 12
w 6 13
w 6 14
w 6 15
w 6 16
w 7 4
w 7 9
w 7 11
w 7 12
w 7 13
w 7 14
w 7 15
w 7 16
w 7 17
w 7 18
w 8 2
w 8 3
w 8 6
w 8 8
w 8 9
w 8 10
w 8 11
w 8 12
w 8 13
w 8 14
w 8 15
w 8 16
w 8 17
w 8 18
w 9 1
w 9 2
w 9 3
w 9 6
w 9 7
w 9 8
w 9 9
w 9 10
w 9 11
w 9 12
w 9 13
w 10 1
w 10 2
w 10 3
w 10 4
w 10 6
w 10 7
w 10 8
w 10 9
w 10 10
w 10 11
w 10 12
w 10 13
w 10 14
w 10 15
w 10 16
w 10 18
w 11 1
w 11 2
w 11 3
w 11 5
w 11 6
w 11 7
w 11 8
w 11 9
w 11 10
w 11 11
w 11 12
w 11 13
w 11 14
w 11 15
w 11 16
w 12 1
w 12 2
w 12 3
w 12 6
w 12 7
w 12 8
w 12 9
w 12 10
w 12 11
w 12 12
w 12 13
w 12 14
w 12 15
w 12 16
w 12 17
w 13 5
w 13 6
w 13 7
w 13 8
w 13 9
w 13 10
w 13 11
w 13 12
w 13 13
w 13 14
w 13 15
w 13 16
w 13 17
w 13 18
w 14 1
w 14 2
w 14 4
w 14 9
w 14 10
w 14 11
w 14 12
w 14 13
w 14 14
w 14 15
w 14 16
w 14 17
w 14 18
w 15 1
w 15 2
w 15 3
w 15 10
w 15 11
w 15 12
w 15 13
w 15 14
w 15 15
w 15 16
w 15 17
w 15 18
w 16 1
w 16 6
w 16 10
w 16 11
w 16 12
w 16 13
w 16 14
w 16 15
w 16 16
w 16 17
w 17 1
w 17 3
w 17 4
w 17 6
w 17 7
w 17 11
w 17 12
w 17 13
w 17 14
w 17 15
w 17 16
w 17 18
w 18 5
w 18 9
w 18 10
w 18 11
w 18 12
w 18 13
w 18 14
w 18 15
w 18 16
w 18 18
w 19 1
w 19 3
w 19 5
w 19 6
w 19 7
w 19 8
w 19 9
w 19 10
w 19 11
w 19 12
w 19 13
w 19 14
w 19 15
w 19 16
w 20 3
w 20 5
w 20 6
w 20 7
w 20 8
w 20 9
w 20 10
w 20 11
w 20 12
w 20 13
w 20 14
w 20 15
w 20 16
w 20 17
w 21 1
w 21 2
w 21 3
w 21 5
w 21 6
w 21 7
w 21 8
w 21 9
w 21 10
w 21 11
w 21 12
w 21 13
w 21 14
w 21 15
w 21 16
w 21 17
w 21 18
w 22 4
w 22 5
w 22 6
w 22 8
w 22 9
w 22 10
w 22 11
w 22 12
w 22 13
w 22 14
w 22 15
w 22 16
w 22 17
w 22 18
w 23 2
w 23 3
w 23 4
w 23 5
w 23 6
w 23 9
w 23 10
w 23 11
w 23 12
w 23 13
w 23 14
w 23 15
w 23 16
w 23 17
w 23 18
w 24 2
w 24 3
w 24 4
w 24 5
w 24 6
w 24 9
w 24 10
w 24 11
w 24 12
w 24 13
w 24 16
w 24 17
w 24 18
w 25 1
w 25 2
w 25 3
w 25 4
w 25 5
w 25 6
w 25 9
w 25 11
w 25 12
w 25 13
w 25 17
w 26 3
w 26 5
w 26 6
w 26 11
w 26 15
w 26 16
w 26 17
w 26 18
w 27 3
w 27 10
w 27 11
w 27 17
w 28 5
w 28 7
w 28 8
w 28 9
w 28 10
w 28 11
w 28 12
w 28 14
w 28 17
w 29 1
w 29 3
w 29 5
w 29 7
w 29 8
w 29 9
w 29 10
w 29 13
w 29 14
w 29 15
w 29 18
w 30 2
w 30 4
w 30 9
w 30 10
w 30 12
w 30 13
w 30 14
w 30 15
w 30 16
w 31 1
w 31 2
w 31 4
w 31 8
w 31 9
w 31 10
w 31 12
w 31 13
w 31 14
w 31 17
w 31 18
w 33 2
w 33 3
w 33 4
w 33 5
w 33 7
w 33 8
w 33 10
w 33 17
w 33 18
w 33 19
w 34 1
w 34 7
w 34 8
w 34 9
w 34 10
w 34 11
w 34 15
w 34 16
w 34 17
w 34 18
w 34 19
p 16 7
p 22 2
p 4 0
p 0 0
p 27 4
p 32 7
p 14 0
p 5 16
p 7 6
p 10 0
p 25 14
p 28 15
p 30 11
p 33 14
p 1 3
p 18 8
t 1400 0
m 1 19
0 33 0
1 33 0
2 33 0
t 1399 0
m 2 19
0 32 0
1 32 0
2 32 0
t 1398 0
m 3 19
0 31 0
1 32 1
2 32 1
t 1397 0
m 4 19
0 30 0
1 32 2
2 32 2
t 1396 0
m 4 18
0 29 0
1 32 3
2 32 3
t 1395 0
m 4 17
0 28 0
1 32 4
2 32 4
t 1394 0
m 5 17
0 27 0
1 32 5
2 32 5
t 1393 0
m 5 16
0 26 0
1 32 6
2 32 6
t 1392 6
m 5 17
0 25 0
1 32 7
2 32 7
t 1391 6
m 4 17
0 24 0
1 32 8
2 32 8
t 1390 6
m 4 18
0 23 0
1 32 9
2 32 9
t 1389 6
m 4 19
0 22 0
1 32 10
2 32 10
t 1388 6
m 3 19
0 21 0
1 32 11
2 32 11
t 1387 6
m 2 19
0 20 0
1 32 12
2 32 12
t 1386 6
m 1 19
0 19 0
1 32 13
2 32 13
t 1385 6
m 0 19
0 18 0
1 32 14
2 32 14
t 1384 6
m 0 18
0 17 0
1 32 15
2 32 15
t 1383 6
m 0 17
0 16 0
1 32 16
2 32 16
t 1382 6
m 0 16
0 15 0
1 32 17
2 32 17
t 1381 6
m 0 15
0 14 0
1 32 18
2 32 18
t 1380 6
m 0 14
0 13 0
1 32 19
2 32 19
t 1379 6
m 0 13
0 12 0
1 31 19
2 31 19
t 1378 6
m 0 12
0 11 0
1 30 19
2 32 19
t 1377 6
m 0 11
0 10 0
1 29 19
2 31 19
t 1376 6
m 0 10
0 9 0
1 28 19
2 30 19
f 31 0
t 1375 6
m 0 9
0 8 0
1 27 19
2 29 19
t 1374 6
m 0 8
0 7 0
1 26 19
2 28 19
t 1373 6
m 0 7
0 6 0
1 25 19
2 27 19
t 1372 6
m 0 6
0 5 0
1 24 19
2 26 19
t 1371 6
m 0 5
0 4 0
1 23 19
2 25 19
t 1370 6
m 0 4
0 3 0
1 22 19
2 24 19
t 1369 6
m 0 3
0 2 0
1 21 19
2 23 19
t 1368 6
m 1 3
0 1 0
1 20 19
2 22 19
t 1367 12
m 0 3
0 0 0
1 19 19
2 21 19
t 1366 12
m 0 2
0 0 1
1 18 19
2 20 19
t 1365 12
m 0 2
0 0 2
1 17 19
2 19 19
t 1364 12
