35
20
m 0 19
0 34 0
1 34 0
2 34 0
w 0 0
w 0 1
w 0 2
w 0 3
w 0 4
w 0 5
w 0 6
w 0 7
w 0 8
w 0 10
w 0 11
w 0 12
w 0 13
w 1 0
w 1 1
w 1 2
w 1 5
w 1 6
w 1 7
w 1 11
w 1 12
w 1 18
w 1 19
w 2 0
w 2 1
w 2 2
w 2 3
w 2 5
w 2 7
w 2 8
w 2 9
w 2 14
w 2 16
w 3 0
w 3 1
w 3 2
w 3 3
w 3 5
w 3 7
w 3 8
w 3 9
w 3 10
w 3 13
w 3 14
w 4 0
w 4 1
w 4 2
w 4 3
w 4 8
w 4 9
w 4 10
w 4 11
w 4 15
w 4 18
w 4 19
w 5 0
w 5 1
w 5 2
w 5 3
w 5 4
w 5 8
w 5 9
w 5 10
w 5 11
w 5 12
w 5 13
w 5 14
w 5 18
w 6 0
w 6 1
w 6 2
w 6 3
w 6 7
w 6 8
w 6 9
w 6 10
w 6 11
w 6 12
w 6 13
w 6 16
w 6 18
w 7 0
w 7 1
w 7 2
w 7 5
w 7 7
w 7 8
w 7 9
w 7 10
w 7 11
w 7 12
w 7 13
w 7 14
w 7 15
w 7 16
w 8 0
w 8 4
w 8 8
w 8 9
w 8 10
w 8 11
w 8 12
w 8 14
w 8 15
w 8 16
w 8 17
w 8 18
w 9 0
w 9 2
w 9 3
w 9 4
w 9 5
w 9 6
w 9 8
w 9 9
w 9 10
w 9 11
w 9 12
w 9 16
w 9 18
w 10 3
w 10 5
w 10 7
w 10 10
w 10 11
w 10 14
w 11 18
w 11 19
w 12 1
w 12 8
w 12 9
w 12 16
w 12 17
w 12 18
w 12 19
w 13 4
w 13 5
w 13 7
w 13 8
w 13 9
w 13 10
w 13 11
w 13 12
w 13 14
w 13 17
w 13 18
w 13 19
w 14 2
w 14 3
w 14 7
w 14 8
w 14 9
w 14 10
w 14 11
w 14 12
w 14 13
w 14 16
w 14 19
w 15 3
w 15 4
w 15 5
w 15 6
w 15 7
w 15 8
w 15 9
w 15 10
w 15 11
w 15 12
w 15 13
w 15 14
w 15 16
w 15 17
w 16 5
w 16 7
w 16 10
w 16 11
w 16 12
w 16 13
w 16 16
w 16 17
w 16 18
w 17 1
w 17 2
w 17 3
w 17 7
w 17 8
w 17 11
w 17 16
w 17 17
w 18 1
w 18 2
w 18 3
w 18 5
w 18 6
w 18 10
w 18 11
w 18 13
w 18 14
w 18 16
w 19 2
w 19 9
w 19 10
w 19 11
w 19 12
w 19 13
w 19 14
w 19 16
w 19 18
w 20 1
w 20 2
w 20 3
w 20 4
w 20 9
w 20 10
w 20 11
w 20 12
w 20 13
w 20 14
w 20 19
w 21 1
w 21 2
w 21 3
w 21 4
w 21 5
w 21 6
w 21 10
w 21 11
w 21 12
w 21 16
w 22 2
w 22 3
w 22 4
w 22 5
w 22 6
w 22 7
w 22 8
w 22 9
w 22 10
w 22 11
w 22 12
w 22 13
w 22 14
w 22 17
w 22 18
w 22 19
w 23 3
w 23 4
w 23 5
w 23 7
w 23 8
w 23 9
w 23 10
w 23 11
w 23 12
w 23 13
w 23 14
w 23 17
w 23 18
w 23 19
w 24 3
w 24 4
w 24 5
w 24 8
w 24 11
w 24 13
w 24 14
w 24 16
w 24 17
w 24 18
w 24 19
w 25 2
w 25 8
w 25 13
w 25 17
w 25 18
w 25 19
w 26 7
w 26 9
w 26 12
w 26 13
w 26 18
w 26 19
w 27 3
w 27 5
w 27 9
w 27 11
w 27 12
w 27 13
w 27 14
w 27 18
w 27 19
w 28 2
w 28 3
w 28 6
w 28 8
w 28 11
w 28 12
w 28 13
w 28 16
w 28 18
w 28 19
w 29 1
w 29 2
w 29 6
w 29 7
w 29 8
w 29 11
w 29 12
w 29 13
w 29 14
w 29 16
w 29 17
w 29 18
w 29 19
w 30 4
w 30 6
w 30 7
w 30 8
w 30 10
w 30 13
w 30 14
w 30 17
w 30 18
w 30 19
w 31 1
w 31 3
w 31 7
w 31 10
w 31 14
w 32 17
w 32 18
w 32 19
w 33 2
w 33 6
w 33 8
w 33 10
w 33 11
w 33 14
w 33 17
w 33 18
w 33 19
w 34 1
w 34 2
w 34 6
w 34 11
w 34 13
w 34 17
w 34 18
w 34 19
p 11 7
p 29 4
p 31 8
p 4 13
p 21 0
p 27 4
p 10 1
p 0 9
p 19 0
p 24 0
p 32 10
p 7 6
p 12 12
p 2 12
p 25 14
p 17 5
p 14 18
p 34 5
t 1400 0
m 0 18
0 33 0
1 33 0
2 33 0
t 1399 0
m 0 17
0 32 0
1 32 0
2 34 0
t 1398 0
m 0 16
0 31 0
1 31 0
2 33 0
t 1397 0
m 0 15
0 30 0
1 30 0
2 32 0
t 1396 0
m 0 14
0 29 0
1 29 0
2 31 0
t 1395 0
m 1 14
0 28 0
1 28 0
2 30 0
t 1394 0
m 1 13
0 27 0
1 27 0
2 29 0
f 28 15
t 1393 0
m 2 13
0 26 0
1 26 0
2 28 0
t 1392 0
m 2 12
0 25 0
1 25 0
2 27 0
t 1391 5
m 3 12
0 24 0
1 24 0
2 26 0
t 1390 5
m 4 12
0 23 0
1 24 1
2 25 0
t 1389 5
m 4 13
0 22 0
1 25 1
2 24 0
t 1388 11
m 4 12
0 21 0
1 24 1
2 23 0
t 1387 11
m 3 12
0 20 0
1 23 1
2 22 0
t 1386 11
m 2 12
0 19 0
1 22 1
2 21 0
t 1385 11
m 2 11
0 18 0
1 22 0
2 20 0
t 1384 11
m 2 10
0 17 0
1 21 0
2 19 0
t 1383 11
m 1 10
0 16 0
1 20 0
2 18 0
t 1382 11
m 1 9
0 15 0
1 19 0
2 17 0
t 1381 11
m 0 9
0 14 0
1 18 0
2 16 0
t 1380 16
m 1 9
0 13 0
1 17 0
2 15 0
t 1379 16
m 1 10
0 13 1
1 16 0
2 14 0
t 1378 16
m 2 10
0 13 2
1 15 0
2 13 0
t 1377 16
m 2 11
0 12 2
1 14 0
2 13 1
t 1376 16
m 2 12
0 12 3
1 13 0
2 13 2
t 1375 16
m 2 13
0 11 3
1 13 1
2 12 2
t 1374 16
m 1 13
0 11 4
1 13 2
2 12 3
t 1373 16
m 1 14
0 11 5
1 12 2
2 11 3
t 1372 16
m 1 15
0 11 6
1 12 3
2 11 4
t 1371 16
m 2 15
0 11 7
1 11 3
2 11 5
t 1370 16
m 3 15
0 11 8
1 11 4
2 11 6
t 1369 16
m 3 16
0 11 9
1 11 5
2 11 7
t 1368 16
m 4 16
0 11 10
1 11 6
2 11 8
t 1367 16
m 5 16
0 11 11
1 11 7
2 11 9
t 1366 16
m 5 17
0 11 12
1 11 8
2 11 10
t 1365 16
m 6 17
0 11 13
1 11 9
2 11 11
t 1364 16
m 7 17
0 11 14
1 11 10
2 11 12
t 1363 16
m 7 18
0 11 15
1 11 11
2 11 13
t 1362 16
m 7 19
0 10 15
1 11 12
2 11 14
t 1361 16
m 8 19
0 11 15
1 11 13
2 11 13
t 1360 16
m 9 19
0 10 15
1 11 14
2 11 14
t 1359 16
m 10 19
0 10 16
1 11 15
2 11 15
t 1358 16
m 10 19
0 10 15
1 10 15
2 10 15
t 1357 16
m 10 18
0 11 15
1 10 16
2 10 16
t 1356 16
m 10 18
0 12 15
1 10 15
2 10 17
t 1355 16
m 10 18
0 11 15
1 10 16
2 10 18
t 1354 16
