35
20
m 0 19
0 34 0
1 34 0
2 34 0
w 0 0
w 0 1
w 0 2
w 0 3
w 0 4
w 0 6
w 0 7
w 0 8
w 0 13
w 0 14
w 0 15
w 0 17
w 1 0
w 1 1
w 1 2
w 1 4
w 1 10
w 1 11
w 1 14
w 2 0
w 2 1
w 2 2
w 2 6
w 2 10
w 2 11
w 2 12
w 2 16
w 2 17
w 3 4
w 3 7
w 3 11
w 3 14
w 3 15
w 3 16
w 3 17
w 4 0
w 4 3
w 4 8
w 4 9
w 4 11
w 4 13
w 4 14
w 4 15
w 4 16
w 4 17
w 5 0
w 5 1
w 5 4
w 5 5
w 5 9
w 5 10
w 5 11
w 5 13
w 5 14
w 5 15
w 5 16
w 5 18
w 6 12
w 6 13
w 6 14
w 6 15
w 6 16
w 7 3
w 7 4
w 7 5
w 7 7
w 7 8
w 7 11
w 7 12
w 7 13
w 7 14
w 7 15
w 7 16
w 7 17
w 7 18
w 8 2
w 8 3
w 8 4
w 8 5
w 8 6
w 8 7
w 8 10
w 8 11
w 8 12
w 8 13
w 8 14
w 8 15
w 8 16
w 8 17
w 9 1
w 9 2
w 9 3
w 9 4
w 9 5
w 9 6
w 9 7
w 9 8
w 9 10
w 9 11
w 9 12
w 9 13
w 9 14
w 9 15
w 9 16
w 9 17
w 9 18
w 9 19
w 10 2
w 10 5
w 10 6
w 10 7
w 10 8
w 10 11
w 10 14
w 10 15
w 10 16
w 10 17
w 10 18
w 10 19
w 11 1
w 11 7
w 11 8
w 11 10
w 11 13
w 11 14
w 11 15
w 11 16
w 11 17
w 11 18
w 11 19
w 12 2
w 12 3
w 12 6
w 12 8
w 12 10
w 12 13
w 12 14
w 12 15
w 12 16
w 12 17
w 12 18
w 12 19
w 13 6
w 13 12
w 13 13
w 13 14
w 13 15
w 13 16
w 13 17
w 13 18
w 13 19
w 14 2
w 14 8
w 14 11
w 14 12
w 14 13
w 14 14
w 14 15
w 14 16
w 14 17
w 14 18
w 14 19
w 15 2
w 15 3
w 15 10
w 15 12
w 15 13
w 15 14
w 15 15
w 15 16
w 15 17
w 15 18
w 15 19
w 16 1
w 16 2
w 16 3
w 16 5
w 16 7
w 16 12
w 16 13
w 16 14
w 16 15
w 16 16
w 16 17
w 16 18
w 16 19
w 17 1
w 17 2
w 17 7
w 17 11
w 17 12
w 17 13
w 17 14
w 17 15
w 17 16
w 17 17
w 17 18
w 17 19
w 18 2
w 18 6
w 18 7
w 18 8
w 18 10
w 18 11
w 18 12
w 18 13
w 18 14
w 18 15
w 18 16
w 18 17
w 18 18
w 18 19
w 19 1
w 19 2
w 19 3
w 19 4
w 19 5
w 19 6
w 19 7
w 19 10
w 19 11
w 19 12
w 19 13
w 19 14
w 19 15
w 19 16
w 19 17
w 19 18
w 19 19
w 20 1
w 20 2
w 20 3
w 20 4
w 20 5
w 20 6
w 20 7
w 20 8
w 20 12
w 20 13
w 20 14
w 20 15
w 20 16
w 20 17
w 20 18
w 20 19
w 21 1
w 21 2
w 21 3
w 21 4
w 21 5
w 21 6
w 21 7
w 21 8
w 21 10
w 21 12
w 21 13
w 21 14
w 21 15
w 21 16
w 21 17
w 21 18
w 21 19
w 22 1
w 22 2
w 22 3
w 22 4
w 22 5
w 22 6
w 22 7
w 22 8
w 22 11
w 22 12
w 22 13
w 22 14
w 22 15
w 22 16
w 22 17
w 22 18
w 22 19
w 23 1
w 23 2
w 23 3
w 23 4
w 23 5
w 23 6
w 23 7
w 23 8
w 23 10
w 23 11
w 23 13
w 23 14
w 23 15
w 23 16
w 23 17
w 23 18
w 23 19
w 24 2
w 24 3
w 24 4
w 24 5
w 24 6
w 24 7
w 24 16
w 24 17
w 24 18
w 24 19
w 25 1
w 25 3
w 25 4
w 25 5
w 25 6
w 25 11
w 25 12
w 25 13
w 25 14
w 25 15
w 25 16
w 25 17
w 25 18
w 25 19
w 26 1
w 26 3
w 26 4
w 26 5
w 26 6
w 26 7
w 26 8
w 26 10
w 26 13
w 26 14
w 26 15
w 26 16
w 26 17
w 26 18
w 26 19
w 27 1
w 27 4
w 27 5
w 27 6
w 27 7
w 27 8
w 27 11
w 27 13
w 27 14
w 27 15
w 27 16
w 27 17
w 27 18
w 27 19
w 28 5
w 28 6
w 28 7
w 28 8
w 28 13
w 28 14
w 28 15
w 28 16
w 28 17
w 28 18
w 28 19
w 29 1
w 29 2
w 29 6
w 29 7
w 29 10
w 29 12
w 29 13
w 29 14
w 29 15
w 29 16
w 29 17
w 29 18
w 29 19
w 30 1
w 30 2
w 30 3
w 30 5
w 30 6
w 30 7
w 30 11
w 30 12
w 30 13
w 30 14
w 30 15
w 30 16
w 30 17
w 30 18
w 30 19
w 31 2
w 31 4
w 31 5
w 31 8
w 31 11
w 31 12
w 31 13
w 31 14
w 31 15
w 31 16
w 31 17
w 31 18
w 31 19
w 32 11
w 32 12
w 32 13
w 32 14
w 32 15
w 32 16
w 32 17
w 32 18
w 32 19
w 33 1
w 33 3
w 33 5
w 33 7
w 33 10
w 33 11
w 33 12
w 33 13
w 33 14
w 33 15
w 33 16
w 33 17
w 33 18
w 33 19
w 34 1
w 34 3
w 34 5
w 34 7
w 34 8
w 34 9
w 34 10
w 34 11
w 34 12
w 34 13
w 34 14
w 34 15
w 34 16
w 34 17
w 34 18
w 34 19
p 15 5
p 11 0
p 17 10
p 23 0
p 5 17
p 2 3
p 13 3
p 29 3
p 7 6
p 0 5
p 3 12
p 26 2
p 32 2
t 1400 0
m 1 19
0 33 0
1 33 0
2 33 0
t 1399 0
m 2 19
0 32 0
1 32 0
2 32 0
f 15 8
t 1398 0
m 3 19
0 31 0
1 31 0
2 31 0
t 1397 0
m 4 19
0 30 0
1 30 0
2 30 0
t 1396 0
m 5 19
0 29 0
1 29 0
2 29 0
t 1395 0
m 6 19
0 28 0
1 28 0
2 28 0
t 1394 0
m 6 18
0 27 0
1 27 0
2 27 0
t 1393 0
m 6 17
0 26 0
1 26 0
2 26 0
t 1392 0
m 5 17
0 25 0
1 25 0
2 25 0
t 1391 7
m 6 17
0 24 0
1 24 0
2 24 0
t 1390 7
m 6 18
0 23 0
1 23 0
2 23 0
t 1389 7
m 6 19
0 22 0
1 22 0
2 22 0
t 1388 7
m 5 19
0 21 0
1 21 0
2 21 0
t 1387 7
m 4 19
0 20 0
1 20 0
2 20 0
t 1386 7
m 4 18
0 19 0
1 19 0
2 19 0
t 1385 7
m 3 18
0 18 0
1 18 0
2 18 0
t 1384 7
m 2 18
0 17 0
1 17 0
2 17 0
t 1383 7
m 1 18
0 16 0
1 16 0
2 16 0
t 1382 7
m 1 17
0 15 0
1 15 0
2 15 0
t 1381 7
m 1 16
0 14 0
1 14 0
2 14 0
t 1380 7
m 1 15
0 13 0
1 13 0
2 13 0
t 1379 7
m 2 15
0 12 0
1 12 0
2 12 0
t 1378 7
m 2 14
0 11 0
1 11 0
2 11 0
t 1377 7
m 2 13
0 10 0
1 10 0
2 10 0
t 1376 7
m 3 13
0 9 0
1 9 0
2 9 0
t 1375 7
m 3 12
0 8 0
1 8 0
2 8 0
t 1374 15
m 3 13
0 7 0
1 7 0
2 7 0
t 1373 15
m 2 13
0 6 0
1 6 0
2 6 0
t 1372 15
m 1 13
0 6 1
1 6 1
2 6 1
t 1371 15
m 1 12
0 6 2
1 6 2
2 6 2
t 1370 15
m 0 12
0 5 2
1 5 2
2 5 2
t 1369 15
m 0 11
0 4 2
1 4 2
2 4 2
t 1368 15
m 0 10
0 3 2
1 3 2
2 3 2
t 1367 15
m 0 9
0 3 3
1 3 3
2 3 3
t 1366 15
m 1 9
0 2 3
1 2 3
2 2 3
t 1365 15
m 1 8
0 2 4
1 2 4
2 2 4
t 1364 15
m 1 7
0 2 5
1 2 5
2 2 5
t 1363 15
m 1 6
0 2 4
1 1 5
2 1 5
t 1362 15
m 1 6
0 2 5
1 1 6
2 1 6
t 1361 15
