35
20
m 0 19
0 34 0
1 34 0
2 34 0
w 0 0
w 0 1
w 0 2
w 0 3
w 0 4
w 0 5
w 0 6
w 0 8
w 0 12
w 0 13
w 0 16
w 0 17
w 0 18
w 1 0
w 1 2
w 1 4
w 1 5
w 1 8
w 1 11
w 1 12
w 1 13
w 1 17
w 1 18
w 3 3
w 3 4
w 3 6
w 3 7
w 3 9
w 3 11
w 3 12
w 3 13
w 3 15
w 3 16
w 3 17
w 3 18
w 4 0
w 4 3
w 4 4
w 4 8
w 4 9
w 4 10
w 4 11
w 4 12
w 4 13
w 4 14
w 4 15
w 5 0
w 5 1
w 5 8
w 5 9
w 5 13
w 5 14
w 5 15
w 5 18
w 6 0
w 6 1
w 6 5
w 6 6
w 6 14
w 6 15
w 6 16
w 6 18
w 7 0
w 7 1
w 7 4
w 7 5
w 7 6
w 7 10
w 7 12
w 7 16
w 7 17
w 7 18
w 8 5
w 8 6
w 8 7
w 8 11
w 8 12
w 8 13
w 8 14
w 8 15
w 8 16
w 8 17
w 8 18
w 9 1
w 9 4
w 9 5
w 9 6
w 9 7
w 9 8
w 9 9
w 9 11
w 9 12
w 9 13
w 9 14
w 9 15
w 9 16
w 9 17
w 10 7
w 10 8
w 10 9
w 10 12
w 10 13
w 10 14
w 10 15
w 10 17
w 11 5
w 11 8
w 11 12
w 11 13
w 11 14
w 11 15
w 11 18
w 12 0
w 12 4
w 12 7
w 12 8
w 12 9
w 12 15
w 12 16
w 13 0
w 13 4
w 13 5
w 13 8
w 13 10
w 13 13
w 13 14
w 13 15
w 13 17
w 13 18
w 14 0
w 14 1
w 14 6
w 14 17
w 14 18
w 15 0
w 15 5
w 15 6
w 15 8
w 15 12
w 15 13
w 15 14
w 15 15
w 15 18
w 16 5
w 16 6
w 16 7
w 16 8
w 16 9
w 16 11
w 16 12
w 16 13
w 16 14
w 16 15
w 16 16
w 16 18
w 17 0
w 17 3
w 17 6
w 17 7
w 17 8
w 17 9
w 17 10
w 17 11
w 17 12
w 17 13
w 17 14
w 17 15
w 17 16
w 17 17
w 18 1
w 18 3
w 18 4
w 18 6
w 18 7
w 18 8
w 18 9
w 18 11
w 18 12
w 18 13
w 18 14
w 18 15
w 18 16
w 18 17
w 18 18
w 19 1
w 19 5
w 19 6
w 19 7
w 19 8
w 19 11
w 19 12
w 19 13
w 19 14
w 19 15
w 19 16
w 19 17
w 20 5
w 20 6
w 20 7
w 20 8
w 20 11
w 20 12
w 20 13
w 20 14
w 20 15
w 20 16
w 21 0
w 21 1
w 21 6
w 21 7
w 21 8
w 21 9
w 21 12
w 21 13
w 21 14
w 21 15
w 21 16
w 21 17
w 22 3
w 22 8
w 22 11
w 22 12
w 22 13
w 22 14
w 22 15
w 23 0
w 23 1
w 23 6
w 23 7
w 23 12
w 23 13
w 23 14
w 23 15
w 23 16
w 24 0
w 24 1
w 24 3
w 24 4
w 24 10
w 24 11
w 24 13
w 24 14
w 24 15
w 25 0
w 25 1
w 25 6
w 25 8
w 25 9
w 25 18
w 26 0
w 26 1
w 26 3
w 26 4
w 26 5
w 26 6
w 26 7
w 26 13
w 26 14
w 26 15
w 26 17
w 27 0
w 27 3
w 27 5
w 27 6
w 27 7
w 27 8
w 27 9
w 27 14
w 27 18
w 28 0
w 28 1
w 28 7
w 28 8
w 28 13
w 28 15
w 29 0
w 29 1
w 29 3
w 29 4
w 29 8
w 29 10
w 29 11
w 29 18
w 30 0
w 30 4
w 30 8
w 30 9
w 30 10
w 30 11
w 30 12
w 30 14
w 30 15
w 30 17
w 30 18
w 32 4
w 32 5
w 32 6
w 32 10
w 32 12
w 32 13
w 32 14
w 33 0
w 33 4
w 33 5
w 33 6
w 33 7
w 33 8
w 33 9
w 33 10
w 33 11
w 33 12
w 33 13
w 33 14
w 34 2
w 34 3
w 34 4
w 34 5
w 34 6
w 34 7
w 34 8
w 34 9
w 34 10
w 34 11
w 34 12
w 34 13
w 34 14
w 34 15
w 34 16
w 34 17
w 34 19
p 21 19
p 23 10
p 30 6
p 14 13
p 25 7
p 16 4
p 0 7
p 2 4
p 11 7
p 13 1
p 31 15
p 27 2
p 3 8
p 5 11
p 28 16
p 19 10
p 33 3
p 9 18
p 7 8
t 1400 0
m 1 19
0 34 1
1 34 1
2 34 1
t 1399 0
m 2 19
0 33 1
1 33 1
2 33 1
t 1398 0
m 3 19
0 32 1
1 32 1
2 32 1
f 31 11
t 1397 0
m 4 19
0 31 1
1 31 1
2 31 1
t 1396 0
m 5 19
0 30 1
1 30 1
2 30 1
t 1395 0
m 6 19
0 30 2
1 30 2
2 30 2
t 1394 0
m 7 19
0 29 2
1 29 2
2 29 2
t 1393 0
m 8 19
0 28 2
1 28 2
2 28 2
t 1392 0
m 9 19
0 27 2
1 27 2
2 27 2
t 1391 0
m 9 18
0 26 2
1 26 2
2 26 2
t 1390 5
m 10 18
0 27 2
1 25 2
2 27 2
t 1389 5
m 10 19
0 28 2
1 26 2
2 28 2
t 1388 5
m 11 19
0 28 3
1 27 2
2 28 3
t 1387 5
m 12 19
0 28 4
1 28 2
2 28 4
t 1386 5
m 13 19
0 28 5
1 28 3
2 28 5
t 1385 5
m 14 19
0 28 6
1 28 4
2 28 6
t 1384 5
m 15 19
0 29 6
1 28 5
2 29 6
t 1383 5
m 16 19
0 29 7
1 28 6
2 29 7
t 1382 5
m 17 19
0 30 7
1 29 6
2 30 7
t 1381 5
m 18 19
0 31 7
1 29 7
2 31 7
t 1380 5
m 19 19
0 31 8
1 30 7
2 31 8
t 1379 5
m 20 19
0 31 9
1 31 7
2 31 9
t 1378 5
m 21 19
0 31 10
1 31 8
2 31 10
t 1377 10
m 21 18
0 31 9
1 31 9
2 31 11
t 1376 10
m 22 18
0 31 10
1 31 10
2 31 12
t 1375 10
m 22 17
0 31 11
1 31 11
2 31 13
t 1374 10
m 23 17
0 31 12
1 31 12
2 30 13
t 1373 10
m 24 17
0 31 13
1 31 13
2 29 13
t 1372 10
m 24 16
0 30 13
1 30 13
2 29 14
t 1371 10
m 25 16
0 29 13
1 29 13
2 29 15
t 1370 10
m 26 16
0 29 14
1 29 14
2 29 16
t 1369 10
m 27 16
0 28 14
1 29 15
2 28 16
t 1368 10
m 28 16
0 29 14
1 29 16
2 27 16
t 1367 10
