35
20
m 0 19
0 34 0
1 34 0
2 34 0
w 0 0
w 0 1
w 0 3
w 0 4
w 0 5
w 0 6
w 0 7
w 0 8
w 0 9
w 0 10
w 0 11
w 0 16
w 0 17
w 0 18
w 1 4
w 1 5
w 1 6
w 1 7
w 1 8
w 1 9
w 1 10
w 1 11
w 1 13
w 1 14
w 1 17
w 2 2
w 2 5
w 2 6
w 2 7
w 2 8
w 2 9
w 2 10
w 2 11
w 2 15
w 2 19
w 3 2
w 3 3
w 3 4
w 3 6
w 3 7
w 3 8
w 3 9
w 3 10
w 3 11
w 3 12
w 3 13
w 3 14
w 3 15
w 3 16
w 3 17
w 4 2
w 4 3
w 4 6
w 4 7
w 4 8
w 4 9
w 4 10
w 4 11
w 4 12
w 4 13
w 4 17
w 5 1
w 5 2
w 5 3
w 5 4
w 5 7
w 5 9
w 5 10
w 5 11
w 5 12
w 5 13
w 5 14
w 5 15
w 5 19
w 6 10
w 6 11
w 6 12
w 6 18
w 6 19
w 7 2
w 7 3
w 7 5
w 7 6
w 7 8
w 7 10
w 7 11
w 7 12
w 7 13
w 7 14
w 7 18
w 7 19
w 8 1
w 8 3
w 8 4
w 8 6
w 8 13
w 8 16
w 8 17
w 8 18
w 8 19
w 9 4
w 9 6
w 9 7
w 9 8
w 9 10
w 9 12
w 9 15
w 9 16
w 9 17
w 9 18
w 9 19
w 10 6
w 10 14
w 10 15
w 10 16
w 10 17
w 10 18
w 10 19
w 11 2
w 11 4
w 11 6
w 11 12
w 11 13
w 11 14
w 11 15
w 11 16
w 11 17
w 11 18
w 11 19
w 12 1
w 12 2
w 12 3
w 12 7
w 12 8
w 12 10
w 12 14
w 12 15
w 12 16
w 12 17
w 12 18
w 12 19
w 13 1
w 13 2
w 13 3
w 13 4
w 13 10
w 13 13
w 13 14
w 13 15
w 13 16
w 13 17
w 13 18
w 13 19
w 14 2
w 14 3
w 14 4
w 14 5
w 14 6
w 14 7
w 14 8
w 14 10
w 14 12
w 14 13
w 14 14
w 14 15
w 14 16
w 14 17
w 14 18
w 14 19
w 15 1
w 15 2
w 15 3
w 15 4
w 15 5
w 15 6
w 15 7
w 15 8
w 15 10
w 15 12
w 15 13
w 15 14
w 15 15
w 15 16
w 15 17
w 15 18
w 15 19
w 16 1
w 16 2
w 16 3
w 16 4
w 16 5
w 16 6
w 16 7
w 16 8
w 16 11
w 16 12
w 16 13
w 16 14
w 16 15
w 16 16
w 16 17
w 16 18
w 16 19
w 17 2
w 17 3
w 17 4
w 17 5
w 17 7
w 17 10
w 17 11
w 17 12
w 17 13
w 17 14
w 17 15
w 17 16
w 17 17
w 17 18
w 17 19
w 18 1
w 18 2
w 18 3
w 18 4
w 18 5
w 18 8
w 18 10
w 18 12
w 18 13
w 18 14
w 18 15
w 18 16
w 18 17
w 18 18
w 18 19
w 19 1
w 19 2
w 19 3
w 19 4
w 19 5
w 19 6
w 19 12
w 19 13
w 19 14
w 19 15
w 19 16
w 19 17
w 19 18
w 19 19
w 20 2
w 20 3
w 20 4
w 20 5
w 20 6
w 20 7
w 20 8
w 20 13
w 20 14
w 20 15
w 20 16
w 20 17
w 20 18
w 20 19
w 21 1
w 21 2
w 21 3
w 21 4
w 21 5
w 21 6
w 21 7
w 21 8
w 21 10
w 21 12
w 21 13
w 21 14
w 21 15
w 21 16
w 21 17
w 21 18
w 21 19
w 22 2
w 22 3
w 22 4
w 22 5
w 22 6
w 22 7
w 22 8
w 22 10
w 22 11
w 22 12
w 22 13
w 22 14
w 22 15
w 22 16
w 22 17
w 22 18
w 22 19
w 23 2
w 23 3
w 23 4
w 23 5
w 23 6
w 23 7
w 23 10
w 23 11
w 23 12
w 23 13
w 23 14
w 23 15
w 23 16
w 23 17
w 23 18
w 23 19
w 24 1
w 24 2
w 24 3
w 24 4
w 24 5
w 24 6
w 24 7
w 24 10
w 24 11
w 24 12
w 24 13
w 24 14
w 24 15
w 24 16
w 24 17
w 24 18
w 24 19
w 25 1
w 25 2
w 25 3
w 25 4
w 25 10
w 25 11
w 25 13
w 25 14
w 25 15
w 25 16
w 25 17
w 25 18
w 25 19
w 26 1
w 26 2
w 26 3
w 26 5
w 26 6
w 26 7
w 26 13
w 26 14
w 26 15
w 26 16
w 26 17
w 26 18
w 26 19
w 27 3
w 27 11
w 27 14
w 27 15
w 27 16
w 27 17
w 27 18
w 27 19
w 28 1
w 28 2
w 28 3
w 28 5
w 28 8
w 28 11
w 28 14
w 28 15
w 28 16
w 28 17
w 28 18
w 28 19
w 29 2
w 29 3
w 29 4
w 29 5
w 29 6
w 29 10
w 29 11
w 29 14
w 29 15
w 29 16
w 29 17
w 29 18
w 29 19
w 30 1
w 30 5
w 30 6
w 30 13
w 30 14
w 30 15
w 30 16
w 30 17
w 30 18
w 30 19
w 31 5
w 31 6
w 31 7
w 31 8
w 31 10
w 31 12
w 31 15
w 31 16
w 31 17
w 31 18
w 31 19
w 32 2
w 32 4
w 32 5
w 32 6
w 32 8
w 32 10
w 32 11
w 32 14
w 32 15
w 32 16
w 32 17
w 32 18
w 32 19
w 33 1
w 33 2
w 33 3
w 33 4
w 33 5
w 33 6
w 33 11
w 33 15
w 33 16
w 33 17
w 33 18
w 33 19
w 34 13
w 34 14
w 34 15
w 34 16
w 34 17
w 34 18
w 34 19
p 2 14
p 28 7
p 26 8
p 7 0
p 33 8
p 10 13
p 17 9
p 0 2
p 5 6
p 13 6
p 9 1
p 21 11
p 30 11
t 1400 0
m 1 19
0 33 0
1 34 1
2 34 1
t 1399 0
m 1 18
0 34 0
1 34 2
2 34 2
t 1398 0
m 2 18
0 34 1
1 34 3
2 34 3
t 1397 0
m 2 17
0 34 2
1 34 4
2 34 4
t 1396 0
m 2 16
0 34 3
1 34 5
2 34 5
t 1395 0
m 1 16
0 34 4
1 34 6
2 34 6
t 1394 0
m 1 15
0 34 5
1 34 7
2 34 7
t 1393 0
m 0 15
0 34 6
1 33 7
2 33 7
t 1392 0
m 0 14
0 34 7
1 33 8
2 33 8
t 1391 0
m 0 13
0 33 7
1 33 9
2 33 9
t 1390 0
m 0 12
0 33 8
1 32 9
2 32 9
t 1389 0
m 1 12
0 33 9
1 31 9
2 31 9
t 1388 0
m 2 12
0 32 9
1 30 9
2 30 9
t 1387 0
m 2 13
0 31 9
1 29 9
2 30 10
t 1386 0
m 2 14
0 30 9
1 28 9
2 30 9
t 1385 7
m 2 13
0 29 9
1 27 9
2 29 9
t 1384 7
m 2 12
0 28 9
1 26 9
2 28 9
t 1383 7
m 1 12
0 27 9
1 25 9
2 27 9
t 1382 7
m 0 12
0 26 9
1 24 9
2 26 9
t 1381 7
m 0 13
0 25 9
1 23 9
2 25 9
t 1380 7
m 0 14
0 24 9
1 22 9
2 24 9
t 1379 7
m 0 15
0 23 9
1 21 9
2 23 9
t 1378 7
m 1 15
0 22 9
1 20 9
2 22 9
t 1377 7
m 1 16
0 21 9
1 19 9
2 21 9
t 1376 7
m 2 16
0 20 9
1 18 9
2 20 9
t 1375 7
m 2 17
0 19 9
1 17 9
2 19 9
t 1374 7
m 2 18
0 20 9
1 16 9
2 18 9
t 1373 7
m 3 18
0 20 10
1 15 9
2 17 9
f 33 7
t 1372 7
m 4 18
0 19 10
1 16 9
2 16 9
t 1371 7
m 5 18
0 19 9
1 15 9
2 15 9
t 1370 7
m 5 17
0 18 9
1 14 9
2 14 9
t 1369 7
m 5 16
0 17 9
1 13 9
2 13 9
t 1368 7
m 6 16
0 16 9
1 12 9
2 12 9
t 1367 7
m 6 15
0 17 9
1 11 9
2 11 9
t 1366 7
m 7 15
0 16 9
1 10 9
2 10 9
t 1365 7
m 8 15
0 15 9
1 10 10
2 10 10
t 1364 7
m 8 14
0 14 9
1 10 11
2 10 11
t 1363 7
m 9 14
0 13 9
1 10 12
2 10 12
t 1362 7
m 9 13
0 12 9
1 10 11
2 10 13
t 1361 7
m 10 13
0 11 9
1 10 12
2 10 12
t 1360 15
m 10 13
0 10 9
1 10 13
2 10 13
t 1359 15
