35
20
m 0 19
0 34 0
1 34 0
2 34 0
w 0 0
w 0 1
w 0 2
w 0 3
w 0 4
w 0 5
w 0 6
w 0 11
w 0 12
w 0 13
w 0 14
w 0 15
w 0 16
w 0 18
w 1 0
w 1 1
w 1 2
w 1 3
w 1 4
w 1 5
w 1 6
w 1 7
w 1 9
w 1 13
w 1 15
w 1 16
w 2 0
w 2 1
w 2 2
w 2 3
w 2 4
w 2 5
w 2 6
w 2 7
w 2 8
w 2 9
w 2 10
w 2 17
w 2 18
w 3 0
w 3 1
w 3 2
w 3 3
w 3 4
w 3 6
w 3 7
w 3 8
w 3 9
w 3 12
w 3 13
w 4 0
w 4 1
w 4 6
w 4 7
w 4 8
w 4 9
w 4 10
w 4 11
w 4 12
w 4 13
w 4 15
w 4 16
w 4 18
w 5 2
w 5 6
w 5 7
w 5 8
w 5 9
w 5 13
w 5 14
w 5 15
w 6 2
w 6 3
w 6 12
w 6 13
w 6 14
w 6 15
w 6 16
w 6 17
w 6 19
w 7 9
w 7 10
w 7 13
w 8 1
w 8 2
w 8 3
w 8 4
w 8 10
w 8 15
w 8 17
w 8 18
w 8 19
w 9 1
w 9 3
w 9 7
w 9 14
w 9 15
w 9 16
w 9 17
w 9 18
w 9 19
w 10 4
w 10 6
w 10 9
w 10 10
w 10 13
w 10 14
w 10 15
w 10 16
w 10 17
w 10 18
w 10 19
w 11 4
w 11 10
w 11 12
w 11 13
w 11 14
w 11 15
w 11 16
w 11 17
w 11 18
w 11 19
w 12 3
w 12 4
w 12 5
w 12 9
w 12 12
w 12 13
w 12 14
w 12 15
w 12 16
w 12 17
w 12 18
w 12 19
w 13 2
w 13 3
w 13 4
w 13 5
w 13 6
w 13 12
w 13 13
w 13 14
w 13 15
w 13 16
w 13 17
w 13 18
w 13 19
w 14 1
w 14 3
w 14 6
w 14 7
w 14 9
w 14 10
w 14 14
w 14 15
w 14 16
w 14 17
w 14 18
w 14 19
w 15 1
w 15 4
w 15 10
w 15 14
w 15 15
w 15 16
w 15 17
w 15 18
w 15 19
w 16 1
w 16 3
w 16 5
w 16 6
w 16 7
w 16 10
w 16 14
w 16 15
w 16 16
w 16 17
w 16 18
w 16 19
w 17 1
w 17 5
w 17 9
w 17 15
w 17 16
w 17 17
w 17 18
w 17 19
w 18 4
w 18 5
w 18 6
w 18 10
w 18 12
w 18 13
w 18 14
w 18 15
w 18 16
w 18 17
w 18 18
w 18 19
w 19 1
w 19 2
w 19 5
w 19 6
w 19 7
w 19 9
w 19 10
w 19 11
w 19 12
w 19 13
w 19 14
w 19 15
w 19 16
w 19 18
w 19 19
w 20 1
w 20 4
w 20 5
w 20 6
w 20 10
w 20 11
w 20 12
w 20 13
w 20 14
w 20 15
w 20 16
w 20 19
w 21 1
w 21 2
w 21 3
w 21 7
w 21 13
w 21 19
w 22 1
w 22 5
w 22 7
w 22 9
w 22 10
w 22 17
w 22 18
w 22 19
w 23 1
w 23 2
w 23 5
w 23 6
w 23 7
w 23 9
w 23 10
w 23 11
w 23 13
w 23 14
w 23 15
w 23 17
w 23 19
w 24 2
w 24 4
w 24 5
w 24 10
w 24 11
w 24 12
w 24 13
w 24 19
w 25 1
w 25 7
w 25 10
w 25 13
w 25 14
w 25 15
w 25 16
w 25 17
w 25 19
w 26 1
w 26 2
w 26 3
w 26 7
w 26 9
w 26 10
w 26 11
w 26 14
w 26 17
w 26 19
w 27 2
w 27 3
w 27 7
w 27 16
w 27 17
w 28 2
w 28 3
w 28 4
w 28 5
w 28 6
w 28 7
w 28 11
w 28 12
w 29 1
w 29 2
w 29 3
w 29 4
w 29 6
w 29 13
w 29 16
w 30 1
w 30 2
w 30 3
w 30 9
w 30 11
w 30 13
w 30 15
w 30 17
w 30 19
w 31 1
w 31 2
w 31 3
w 31 4
w 31 7
w 31 9
w 31 10
w 31 13
w 32 1
w 32 2
w 32 3
w 32 4
w 32 5
w 32 7
w 32 11
w 32 12
w 32 15
w 32 17
w 33 1
w 33 2
w 33 3
w 33 4
w 33 6
w 33 7
w 33 9
w 33 11
w 33 12
w 33 13
w 33 14
w 33 19
w 34 9
w 34 10
w 34 11
w 34 12
w 34 13
w 34 14
w 34 15
w 34 17
w 34 18
w 34 19
p 23 4
p 8 8
p 0 7
p 5 5
p 7 1
p 10 2
p 27 4
p 21 12
p 12 6
p 15 0
p 17 2
p 19 3
p 28 15
p 31 19
p 34 2
p 25 4
p 30 5
p 3 5
t 1400 0
m 1 19
0 34 1
1 34 1
2 34 1
t 1399 0
m 2 19
0 34 2
1 34 2
2 34 2
t 1398 0
m 3 19
0 34 3
1 34 3
2 34 3
t 1397 0
m 3 18
0 34 4
1 34 4
2 34 4
t 1396 0
m 3 17
0 34 5
1 34 5
2 34 5
t 1395 0
m 3 16
0 34 6
1 34 6
2 34 6
f 1 18
t 1394 0
m 3 15
0 34 7
1 34 7
2 34 7
t 1393 0
m 3 14
0 34 8
1 34 8
2 34 8
t 1392 0
m 2 14
0 33 8
1 33 8
2 33 8
t 1391 0
m 2 13
0 32 8
1 32 8
2 32 8
t 1390 0
m 2 12
0 31 8
1 31 8
2 31 8
t 1389 0
m 2 13
0 30 8
1 30 8
2 32 8
t 1388 0
m 2 14
0 29 8
1 29 8
2 33 8
t 1387 0
m 2 15
0 28 8
1 28 8
2 32 8
t 1386 0
m 2 16
0 27 8
1 27 8
2 31 8
t 1385 0
m 3 16
0 26 8
1 26 8
2 30 8
t 1384 0
m 3 17
0 25 8
1 25 8
2 29 8
t 1383 0
m 3 18
0 24 8
1 24 8
2 28 8
t 1382 0
m 3 19
0 23 8
1 23 8
2 27 8
t 1381 0
m 2 19
0 22 8
1 22 8
2 26 8
t 1380 0
m 1 19
0 21 8
1 21 8
2 25 8
t 1379 0
m 1 18
0 20 8
1 20 8
2 24 8
t 1378 10
m 1 19
0 19 8
1 19 8
2 23 8
t 1377 10
m 2 19
0 18 8
1 18 8
2 22 8
t 1376 10
m 3 19
0 17 8
1 17 8
2 21 8
t 1375 10
m 3 18
0 16 8
1 16 8
2 20 8
t 1374 10
m 3 17
0 15 8
1 15 8
2 19 8
f 22 15
t 1373 10
m 3 16
0 14 8
1 14 8
2 18 8
t 1372 10
m 3 15
0 13 8
1 13 8
2 17 8
t 1371 10
m 3 14
0 12 8
1 12 8
2 16 8
t 1370 10
m 2 14
0 11 8
1 12 7
2 15 8
t 1369 10
m 2 13
0 10 8
1 11 7
2 14 8
t 1368 10
m 2 12
0 9 8
1 10 7
2 13 8
t 1367 10
m 1 12
0 9 9
1 10 8
2 12 8
t 1366 10
m 1 11
0 9 10
1 9 8
2 11 8
t 1365 10
m 1 10
0 9 11
1 9 9
2 10 8
t 1364 10
m 0 10
0 8 11
1 9 10
2 9 8
t 1363 10
m 0 9
0 8 12
1 9 11
2 9 9
t 1362 10
m 0 8
0 9 12
1 8 11
2 9 10
t 1361 10
m 0 7
0 8 12
1 8 12
2 9 11
t 1360 15
m 0 8
0 8 13
1 8 13
2 8 11
t 1359 15
m 0 9
0 8 14
1 8 14
2 8 12
t 1358 15
m 0 10
0 7 14
1 7 14
2 8 13
t 1357 15
m 1 10
0 7 15
1 7 15
2 8 14
t 1356 15
m 1 11
0 7 16
1 7 16
2 7 14
t 1355 15
m 1 12
0 7 15
1 7 17
2 7 15
t 1354 15
m 2 12
0 7 16
1 7 18
2 7 16
t 1353 15
m 2 13
0 7 17
1 6 18
2 7 17
t 1352 15
m 2 14
0 7 18
1 5 18
2 7 18
t 1351 15
m 2 15
0 6 18
1 5 17
2 6 18
t 1350 15
m 2 16
0 5 18
1 4 17
2 5 18
t 1349 15
m 2 16
0 5 17
1 3 17
2 5 17
t 1348 15
m 2 16
0 4 17
1 3 16
2 4 17
t 1347 15
m 2 16
0 3 17
1 2 16
2 3 17
t 1346 15
