35
20
m 0 19
0 34 0
1 34 0
2 34 0
w 1 2
w 1 3
w 1 4
w 1 5
w 1 9
w 1 10
w 1 13
w 1 15
w 1 16
w 1 17
w 1 18
w 2 0
w 2 2
w 2 3
w 2 4
w 2 5
w 2 7
w 2 9
w 2 12
w 2 16
w 2 17
w 3 0
w 3 2
w 3 5
w 3 6
w 3 7
w 3 9
w 3 10
w 3 12
w 3 13
w 3 14
w 3 15
w 3 16
w 3 17
w 3 18
w 4 4
w 4 5
w 4 6
w 4 7
w 4 8
w 4 9
w 4 10
w 4 12
w 4 13
w 4 14
w 4 15
w 4 16
w 4 17
w 4 18
w 5 0
w 5 2
w 5 3
w 5 4
w 5 5
w 5 6
w 5 7
w 5 8
w 5 9
w 5 10
w 5 13
w 5 16
w 5 17
w 5 18
w 6 5
w 6 6
w 6 7
w 6 8
w 6 9
w 6 10
w 6 11
w 6 12
w 6 13
w 6 14
w 6 17
w 7 2
w 7 7
w 7 8
w 7 9
w 7 10
w 7 11
w 7 12
w 7 13
w 7 14
w 7 16
w 7 17
w 7 18
w 8 3
w 8 4
w 8 10
w 8 11
w 8 14
w 8 17
w 8 18
w 9 0
w 9 2
w 9 3
w 9 9
w 9 10
w 9 11
w 9 12
w 9 15
w 10 2
w 10 8
w 10 9
w 10 10
w 10 12
w 10 16
w 11 0
w 11 5
w 11 6
w 11 9
w 11 15
w 11 16
w 11 17
w 12 0
w 12 2
w 12 3
w 12 4
w 12 5
w 12 6
w 12 7
w 12 12
w 12 13
w 12 14
w 12 15
w 12 16
w 12 17
w 12 18
w 13 2
w 13 3
w 13 4
w 13 5
w 13 6
w 13 7
w 13 9
w 13 10
w 13 12
w 13 13
w 13 14
w 13 15
w 13 16
w 13 17
w 13 18
w 14 2
w 14 3
w 14 4
w 14 5
w 14 6
w 14 7
w 14 8
w 14 9
w 14 12
w 14 13
w 14 14
w 14 15
w 14 16
w 14 17
w 14 18
w 15 0
w 15 2
w 15 3
w 15 4
w 15 5
w 15 6
w 15 7
w 15 8
w 15 9
w 15 10
w 15 11
w 15 12
w 15 13
w 15 14
w 15 15
w 15 16
w 15 17
w 15 18
w 16 0
w 16 2
w 16 3
w 16 4
w 16 5
w 16 6
w 16 7
w 16 8
w 16 9
w 16 10
w 16 11
w 16 12
w 16 13
w 16 14
w 16 15
w 16 16
w 16 17
w 16 18
w 17 0
w 17 2
w 17 3
w 17 4
w 17 5
w 17 6
w 17 7
w 17 8
w 17 9
w 17 10
w 17 11
w 17 12
w 17 13
w 17 14
w 17 15
w 17 16
w 17 17
w 17 18
w 18 2
w 18 3
w 18 4
w 18 5
w 18 6
w 18 7
w 18 8
w 18 9
w 18 10
w 18 11
w 18 12
w 18 13
w 18 14
w 18 15
w 18 16
w 18 17
w 19 2
w 19 3
w 19 4
w 19 5
w 19 6
w 19 7
w 19 8
w 19 9
w 19 10
w 19 11
w 19 12
w 19 13
w 19 14
w 19 15
w 19 16
w 19 17
w 19 18
w 20 0
w 20 2
w 20 3
w 20 4
w 20 5
w 20 6
w 20 7
w 20 8
w 20 9
w 20 10
w 20 11
w 20 12
w 20 13
w 20 14
w 20 16
w 20 17
w 21 0
w 21 3
w 21 5
w 21 6
w 21 7
w 21 8
w 21 9
w 21 10
w 21 11
w 21 12
w 21 16
w 21 17
w 21 18
w 22 6
w 22 7
w 22 8
w 22 9
w 22 10
w 22 11
w 22 15
w 23 0
w 23 2
w 23 8
w 23 10
w 23 11
w 23 14
w 23 15
w 23 16
w 23 17
w 24 2
w 24 3
w 24 4
w 24 6
w 24 10
w 24 14
w 24 15
w 24 16
w 24 17
w 25 2
w 25 8
w 25 11
w 25 13
w 25 14
w 25 15
w 25 16
w 25 17
w 25 18
w 26 0
w 26 2
w 26 3
w 26 7
w 26 8
w 26 9
w 26 10
w 26 13
w 26 14
w 26 15
w 26 16
w 26 17
w 27 3
w 27 4
w 27 6
w 27 7
w 27 8
w 27 9
w 27 10
w 27 12
w 27 15
w 27 16
w 27 17
w 28 2
w 28 3
w 28 4
w 28 8
w 28 10
w 28 14
w 28 15
w 28 16
w 28 17
w 28 18
w 29 0
w 29 2
w 29 3
w 29 4
w 29 5
w 29 6
w 29 13
w 29 14
w 29 15
w 29 16
w 29 17
w 29 18
w 30 2
w 30 3
w 30 4
w 30 5
w 30 7
w 30 8
w 30 9
w 30 11
w 30 16
w 30 17
w 30 18
w 31 0
w 31 2
w 31 3
w 31 4
w 31 5
w 31 11
w 31 12
w 31 13
w 31 17
w 31 18
w 32 3
w 32 4
w 32 5
w 32 6
w 32 9
w 32 10
w 32 11
w 32 12
w 32 13
w 32 14
w 32 15
w 32 16
w 32 17
w 32 18
w 33 0
w 33 2
w 33 3
w 33 8
w 33 10
w 33 13
w 33 15
w 33 18
p 23 4
p 25 0
p 3 4
p 0 0
p 27 1
p 33 16
p 1 1
p 6 4
p 31 10
p 11 12
p 14 19
p 8 9
p 34 18
p 10 3
p 21 4
p 29 8
t 1400 0
m 1 19
0 34 1
1 34 1
2 34 1
t 1399 0
m 2 19
0 33 1
1 34 2
2 33 1
t 1398 0
m 3 19
0 32 1
1 34 3
2 32 1
t 1397 0
m 4 19
0 31 1
1 34 4
2 31 1
t 1396 0
m 5 19
0 30 1
1 33 4
2 30 1
t 1395 0
m 6 19
0 29 1
1 33 5
2 29 1
t 1394 0
m 7 19
0 28 1
1 33 6
2 28 1
t 1393 0
m 8 19
0 27 1
1 33 7
2 27 1
t 1392 0
m 9 19
0 26 1
1 34 7
2 26 1
t 1391 0
m 10 19
0 25 1
1 34 8
2 25 1
t 1390 0
m 11 19
0 24 1
1 34 9
2 24 1
t 1389 0
m 12 19
0 23 1
1 34 8
2 23 1
t 1388 0
m 13 19
0 22 1
1 34 9
2 22 1
t 1387 0
m 14 19
0 21 1
1 34 10
2 21 1
t 1386 6
m 15 19
0 20 1
1 34 11
2 20 1
t 1385 6
m 16 19
0 19 1
1 34 12
2 19 1
f 5 14
t 1384 6
m 17 19
0 18 1
1 34 13
2 18 1
t 1383 6
m 18 19
0 17 1
1 34 14
2 17 1
t 1382 6
m 19 19
0 16 1
1 34 15
2 16 1
t 1381 6
m 20 19
0 15 1
1 34 14
2 15 1
t 1380 6
m 21 19
0 14 1
1 34 15
2 14 1
t 1379 6
m 22 19
0 13 1
1 34 16
2 13 1
t 1378 6
m 23 19
0 12 1
1 34 17
2 12 1
t 1377 6
m 24 19
0 11 1
1 34 18
2 11 1
t 1376 6
m 25 19
0 10 1
1 34 19
2 10 1
t 1375 6
m 24 19
0 9 1
1 33 19
2 9 1
t 1374 6
m 23 19
0 8 1
1 32 19
2 8 1
t 1373 6
m 22 19
0 7 1
1 31 19
2 7 1
t 1372 6
m 21 19
0 6 1
1 30 19
2 6 1
t 1371 6
m 20 19
0 5 1
1 29 19
2 5 1
t 1370 6
m 19 19
0 4 1
1 28 19
2 4 1
t 1369 6
m 18 19
0 3 1
1 27 19
2 3 1
t 1368 6
m 17 19
0 2 1
1 26 19
2 2 1
t 1367 6
m 16 19
0 1 1
1 25 19
2 1 1
t 1366 6
m 15 19
0 0 1
1 26 19
2 0 1
t 1365 6
m 14 19
0 0 2
1 25 19
2 0 2
t 1364 6
m 13 19
0 0 3
1 24 19
2 0 3
t 1363 6
m 12 19
0 0 4
1 24 18
2 0 4
t 1362 6
m 11 19
0 0 5
1 23 18
2 0 5
t 1361 6
m 10 19
0 0 6
1 22 18
2 0 6
t 1360 6
m 9 19
0 0 7
1 22 19
2 0 7
t 1359 6
m 9 18
0 0 8
1 23 19
2 0 8
t 1358 6
m 9 17
0 0 9
1 22 19
2 0 9
t 1357 6
m 9 16
0 0 10
1 21 19
2 0 10
t 1356 6
m 8 16
0 0 11
1 20 19
2 0 11
t 1355 6
m 8 15
0 0 12
1 19 19
2 0 12
t 1354 6
m 7 15
0 0 13
1 18 19
2 0 13
t 1353 6
m 6 15
0 0 14
1 17 19
2 0 14
t 1352 6
m 5 15
0 0 15
1 16 19
2 0 13
t 1351 6
m 5 14
0 0 16
1 15 19
2 0 14
t 1350 16
m 5 14
0 0 17
1 14 19
2 0 15
t 1349 16
m 5 14
0 0 18
1 13 19
2 0 16
t 1348 16
m 5 14
0 0 19
1 12 19
2 0 17
t 1347 16
m 5 14
0 1 19
1 11 19
2 0 18
f 14 1
t 1346 16
m 5 14
0 2 19
1 10 19
2 0 19
t 1345 16
m 5 15
0 3 19
1 9 19
2 1 19
t 1344 16
m 6 15
0 4 19
1 9 18
2 2 19
t 1343 16
m 7 15
0 5 19
1 9 17
2 3 19
t 1342 16
m 8 15
0 6 19
1 9 16
2 4 19
t 1341 16
m 8 15
0 7 19
1 8 16
2 5 19
t 1340 16
m 8 15
0 8 19
1 8 15
2 6 19
t 1339 16
