35
20
m 0 19
0 34 0
1 34 0
2 34 0
w 0 0
w 0 1
w 0 2
w 0 3
w 0 4
w 0 5
w 0 6
w 0 7
w 0 8
w 0 9
w 0 10
w 0 11
w 0 12
w 0 13
w 0 14
w 1 0
w 1 1
w 1 2
w 1 3
w 1 4
w 1 5
w 1 6
w 1 7
w 1 8
w 1 9
w 1 10
w 1 11
w 1 12
w 1 15
w 1 18
w 2 0
w 2 1
w 2 2
w 2 3
w 2 4
w 2 5
w 2 6
w 2 7
w 2 8
w 2 9
w 2 12
w 2 16
w 2 18
w 3 0
w 3 1
w 3 2
w 3 3
w 3 4
w 3 5
w 3 6
w 3 7
w 3 8
w 3 9
w 3 10
w 3 18
w 3 19
w 4 0
w 4 1
w 4 2
w 4 3
w 4 4
w 4 5
w 4 6
w 4 7
w 4 8
w 4 9
w 4 10
w 4 14
w 4 15
w 4 17
w 4 18
w 4 19
w 5 0
w 5 3
w 5 4
w 5 5
w 5 6
w 5 7
w 5 8
w 5 9
w 5 10
w 5 12
w 5 14
w 5 15
w 5 17
w 5 18
w 5 19
w 6 3
w 6 8
w 6 9
w 6 12
w 6 14
w 6 16
w 6 17
w 6 18
w 6 19
w 7 0
w 7 3
w 7 7
w 7 8
w 7 11
w 7 13
w 7 14
w 7 16
w 7 17
w 7 18
w 7 19
w 8 4
w 8 5
w 8 7
w 8 10
w 8 16
w 8 17
w 8 18
w 8 19
w 9 1
w 9 2
w 9 9
w 9 14
w 9 15
w 9 16
w 9 18
w 9 19
w 10 0
w 10 1
w 10 4
w 10 5
w 10 6
w 10 7
w 10 8
w 10 14
w 10 15
w 11 0
w 11 1
w 11 4
w 11 7
w 11 8
w 11 9
w 11 10
w 11 15
w 11 16
w 11 18
w 11 19
w 12 0
w 12 1
w 12 10
w 12 11
w 12 13
w 12 14
w 12 15
w 13 0
w 13 1
w 13 2
w 13 3
w 13 4
w 13 8
w 13 9
w 14 0
w 14 4
w 14 7
w 14 9
w 14 10
w 14 11
w 14 17
w 15 1
w 15 3
w 15 4
w 15 10
w 15 12
w 15 13
w 15 15
w 15 16
w 15 17
w 15 18
w 16 12
w 16 13
w 16 16
w 16 17
w 16 18
w 16 19
w 17 3
w 17 4
w 17 5
w 17 6
w 17 12
w 17 13
w 17 16
w 17 19
w 18 2
w 18 3
w 18 4
w 18 8
w 18 9
w 18 12
w 18 13
w 18 15
w 19 3
w 19 4
w 19 5
w 19 6
w 19 7
w 19 9
w 19 12
w 19 13
w 19 17
w 19 18
w 19 19
w 20 2
w 20 3
w 20 4
w 20 5
w 20 6
w 20 10
w 20 12
w 20 13
w 20 14
w 20 17
w 20 18
w 20 19
w 21 1
w 21 2
w 21 3
w 21 4
w 21 5
w 21 10
w 21 12
w 21 13
w 21 14
w 21 17
w 21 18
w 21 19
w 22 1
w 22 2
w 22 3
w 22 4
w 22 12
w 22 18
w 22 19
w 23 1
w 23 2
w 23 3
w 23 6
w 23 7
w 23 8
w 23 9
w 23 15
w 23 17
w 23 18
w 23 19
w 24 2
w 24 8
w 24 9
w 24 12
w 24 14
w 24 17
w 24 18
w 24 19
w 25 1
w 25 5
w 25 7
w 25 8
w 25 9
w 25 12
w 25 16
w 25 17
w 25 18
w 25 19
w 26 1
w 26 4
w 26 5
w 26 8
w 26 15
w 26 16
w 26 18
w 26 19
w 27 5
w 27 6
w 27 14
w 27 19
w 28 1
w 28 3
w 28 4
w 28 5
w 28 6
w 28 8
w 28 9
w 28 10
w 28 13
w 28 14
w 28 17
w 28 18
w 28 19
w 29 8
w 29 9
w 29 10
w 29 12
w 29 17
w 29 18
w 29 19
w 30 1
w 30 6
w 30 7
w 30 9
w 30 10
w 30 14
w 30 15
w 30 16
w 30 17
w 30 18
w 30 19
w 31 3
w 31 4
w 31 9
w 31 10
w 31 12
w 31 13
w 31 14
w 31 16
w 31 17
w 31 18
w 31 19
w 32 1
w 32 2
w 32 5
w 32 7
w 32 8
w 32 9
w 32 10
w 32 16
w 32 17
w 32 18
w 32 19
w 33 1
w 33 5
w 33 6
w 33 10
w 33 14
w 33 18
w 33 19
w 34 12
w 34 15
w 34 16
w 34 17
w 34 18
w 34 19
p 17 1
p 10 11
p 18 17
p 15 8
p 21 0
p 6 11
p 34 1
p 28 0
p 32 4
p 13 18
p 22 17
p 30 0
p 12 6
p 0 15
p 8 12
p 24 15
p 26 12
p 3 15
t 1400 0
m 0 18
0 33 0
1 33 0
2 33 0
t 1399 0
m 0 17
0 32 0
1 32 0
2 32 0
t 1398 0
m 0 16
0 31 0
1 31 0
2 31 0
t 1397 0
m 0 15
0 30 0
1 30 0
2 30 0
t 1396 5
m 0 16
0 29 0
1 29 0
2 29 0
t 1395 5
m 1 16
0 28 0
1 28 0
2 28 0
t 1394 5
m 1 17
0 27 0
1 27 0
2 27 0
t 1393 5
m 2 17
0 26 0
1 26 0
2 26 0
t 1392 5
m 3 17
0 25 0
1 25 0
2 25 0
t 1391 5
m 3 16
0 24 0
1 24 0
2 24 0
t 1390 5
m 3 15
0 23 0
1 23 0
2 23 0
t 1389 11
m 3 14
0 22 0
1 22 0
2 22 0
t 1388 11
m 3 13
0 21 0
1 21 0
2 21 0
f 23 11
t 1387 11
m 3 12
0 20 0
1 20 0
2 20 0
t 1386 11
m 3 11
0 19 0
1 19 0
2 19 0
t 1385 11
m 4 11
0 18 0
1 18 0
2 18 0
t 1384 11
m 5 11
0 17 0
1 17 0
2 17 0
t 1383 11
m 6 11
0 16 0
1 16 0
2 16 0
t 1382 16
m 6 10
0 16 1
1 16 1
2 16 1
t 1381 16
m 7 10
0 16 2
1 16 2
2 16 2
t 1380 16
m 7 9
0 16 3
1 16 3
2 16 3
t 1379 16
m 8 9
0 16 4
1 16 4
2 16 4
t 1378 16
m 8 8
0 16 5
1 16 5
2 16 5
t 1377 16
m 9 8
0 15 5
1 15 5
2 15 5
t 1376 16
m 9 7
0 14 5
1 14 5
2 14 5
t 1375 16
m 9 6
0 13 5
1 13 5
2 13 5
t 1374 16
m 9 5
0 12 5
1 12 5
2 12 5
t 1373 16
m 9 5
0 12 4
1 12 4
2 12 4
t 1372 16
m 9 5
0 12 3
1 12 3
2 12 3
t 1371 16
m 9 5
0 11 3
1 11 3
2 11 3
t 1370 16
m 9 4
0 10 3
1 10 3
2 10 3
t 1369 16
m 9 4
0 9 3
1 9 3
2 9 3
t 1368 16
m 9 4
0 9 4
1 9 4
2 9 4
t 1367 16
