35
20
m 0 19
0 34 0
1 34 0
2 34 0
w 0 0
w 0 2
w 0 3
w 0 4
w 0 5
w 0 6
w 0 7
w 0 8
w 0 9
w 0 14
w 0 17
w 1 3
w 1 4
w 1 5
w 1 6
w 1 7
w 1 8
w 1 9
w 1 10
w 1 17
w 2 3
w 2 4
w 2 5
w 2 6
w 2 7
w 2 8
w 2 9
w 2 10
w 2 11
w 2 12
w 2 13
w 2 14
w 2 15
w 2 19
w 3 3
w 3 4
w 3 5
w 3 6
w 3 7
w 3 8
w 3 12
w 3 13
w 3 15
w 4 0
w 4 2
w 4 3
w 4 5
w 4 6
w 4 7
w 4 8
w 4 10
w 4 13
w 4 15
w 4 17
w 4 19
w 5 2
w 5 3
w 5 7
w 5 12
w 5 13
w 5 18
w 5 19
w 6 0
w 6 10
w 6 11
w 6 12
w 6 13
w 6 16
w 7 2
w 7 7
w 7 8
w 7 12
w 7 13
w 7 15
w 7 17
w 7 19
w 8 3
w 8 5
w 8 6
w 8 7
w 8 8
w 8 12
w 8 13
w 8 14
w 8 17
w 9 0
w 9 2
w 9 3
w 9 5
w 9 7
w 9 11
w 9 12
w 9 13
w 9 14
w 9 19
w 10 0
w 10 3
w 10 5
w 10 8
w 10 13
w 10 14
w 10 17
w 10 19
w 11 5
w 11 8
w 11 13
w 11 14
w 11 16
w 11 17
w 11 18
w 11 19
w 12 2
w 12 5
w 12 8
w 12 10
w 12 18
w 12 19
w 13 0
w 13 6
w 13 10
w 13 11
w 13 12
w 13 18
w 13 19
w 14 3
w 14 4
w 14 6
w 14 8
w 14 10
w 14 11
w 14 12
w 14 14
w 14 15
w 14 16
w 14 17
w 14 18
w 14 19
w 15 3
w 15 4
w 15 6
w 15 7
w 15 8
w 15 11
w 15 12
w 15 13
w 15 14
w 15 15
w 15 16
w 15 17
w 15 18
w 15 19
w 16 7
w 16 10
w 16 11
w 16 12
w 16 13
w 16 14
w 16 15
w 16 16
w 16 17
w 16 18
w 16 19
w 17 0
w 17 6
w 17 11
w 17 12
w 17 13
w 17 14
w 17 15
w 17 16
w 17 17
w 17 18
w 17 19
w 18 0
w 18 3
w 18 5
w 18 8
w 18 10
w 18 11
w 18 12
w 18 13
w 18 14
w 18 15
w 18 16
w 18 17
w 18 18
w 18 19
w 19 4
w 19 5
w 19 7
w 19 8
w 19 11
w 19 12
w 19 13
w 19 14
w 19 15
w 19 16
w 19 17
w 19 18
w 19 19
w 20 2
w 20 4
w 20 5
w 20 7
w 20 11
w 20 12
w 20 13
w 20 14
w 20 15
w 20 16
w 20 17
w 20 18
w 20 19
w 21 0
w 21 3
w 21 5
w 21 6
w 21 7
w 21 8
w 21 10
w 21 11
w 21 13
w 21 14
w 21 15
w 21 16
w 21 17
w 21 18
w 21 19
w 22 2
w 22 7
w 22 8
w 22 11
w 22 14
w 22 15
w 22 16
w 22 17
w 22 18
w 22 19
w 23 0
w 23 3
w 23 4
w 23 13
w 23 14
w 23 15
w 24 2
w 24 7
w 24 13
w 24 15
w 24 18
w 25 3
w 25 5
w 25 6
w 25 7
w 25 8
w 25 10
w 25 11
w 25 16
w 25 19
w 26 2
w 26 3
w 26 5
w 26 6
w 26 7
w 26 8
w 26 10
w 26 11
w 26 14
w 26 19
w 27 0
w 27 3
w 27 4
w 27 5
w 27 6
w 27 7
w 27 8
w 27 10
w 27 11
w 27 12
w 27 14
w 27 16
w 27 19
w 28 0
w 28 2
w 28 6
w 28 7
w 28 8
w 28 10
w 28 11
w 28 12
w 28 13
w 28 16
w 29 0
w 29 2
w 29 4
w 29 5
w 29 6
w 29 7
w 29 8
w 29 10
w 29 11
w 29 12
w 29 13
w 29 19
w 30 5
w 30 7
w 30 8
w 30 10
w 30 11
w 30 12
w 30 13
w 30 14
w 30 15
w 30 18
w 30 19
w 31 0
w 31 2
w 31 3
w 31 7
w 31 8
w 31 10
w 31 11
w 31 12
w 31 13
w 31 14
w 31 15
w 31 16
w 31 17
w 31 18
w 31 19
w 32 0
w 32 2
w 32 11
w 32 12
w 32 13
w 32 14
w 32 15
w 32 16
w 32 17
w 32 18
w 32 19
w 33 0
w 33 3
w 33 5
w 33 6
w 33 7
w 33 8
w 33 12
w 33 13
w 33 14
w 33 15
w 33 16
w 33 17
w 33 18
w 33 19
w 34 12
w 34 13
w 34 14
w 34 15
w 34 16
w 34 17
w 34 18
w 34 19
p 0 1
p 30 4
p 2 1
p 12 16
p 20 1
p 4 12
p 6 4
p 24 6
p 9 15
p 22 13
p 17 4
p 25 18
p 14 9
p 28 4
p 33 2
p 11 4
p 7 14
t 1400 0
m 0 18
0 34 1
1 34 1
2 34 1
t 1399 0
m 1 18
0 34 2
1 34 2
2 34 2
t 1398 0
m 2 18
0 34 3
1 34 3
2 34 3
t 1397 0
m 2 17
0 34 4
1 34 4
2 34 4
t 1396 0
m 2 16
0 33 4
1 33 4
2 33 4
t 1395 0
m 3 16
0 32 4
1 32 4
2 32 4
t 1394 0
m 4 16
0 32 5
1 32 5
2 32 5
t 1393 0
m 5 16
0 32 6
1 32 6
2 32 6
t 1392 0
m 5 15
0 32 7
1 32 7
2 32 7
t 1391 0
m 5 14
0 32 8
1 32 8
2 32 8
t 1390 0
m 6 14
0 32 9
1 32 9
2 32 9
t 1389 0
m 7 14
0 32 10
1 31 9
2 31 9
t 1388 5
m 6 14
0 33 10
1 30 9
2 30 9
t 1387 5
m 5 14
0 32 10
1 29 9
2 29 9
t 1386 5
m 5 15
0 32 9
1 28 9
2 28 9
t 1385 5
m 5 16
0 31 9
1 27 9
2 27 9
t 1384 5
m 5 17
0 30 9
1 26 9
2 26 9
t 1383 5
m 6 17
0 29 9
1 25 9
2 25 9
t 1382 5
m 6 18
0 28 9
1 24 9
2 24 9
t 1381 5
m 7 18
0 27 9
1 23 9
2 23 9
t 1380 5
m 8 18
0 26 9
1 22 9
2 22 9
t 1379 5
m 9 18
0 25 9
1 21 9
2 21 9
t 1378 5
m 9 17
0 24 9
1 20 9
2 20 9
t 1377 5
m 9 16
0 23 9
1 19 9
2 19 9
t 1376 5
m 9 15
0 22 9
1 18 9
2 18 9
t 1375 11
m 10 15
0 21 9
1 17 9
2 17 9
t 1374 11
m 11 15
0 20 9
1 16 9
2 16 9
t 1373 11
m 12 15
0 19 9
1 15 9
2 15 9
t 1372 11
m 12 16
0 20 9
1 14 9
2 15 10
t 1371 17
m 12 15
0 19 9
1 13 9
2 15 9
t 1370 17
m 12 14
0 18 9
1 12 9
2 15 10
t 1369 17
m 12 13
0 17 9
1 11 9
2 15 9
t 1368 17
m 12 12
0 16 9
1 11 10
2 14 9
t 1367 17
m 11 12
0 15 9
1 11 11
2 13 9
t 1366 17
m 10 12
0 14 9
1 11 12
2 12 9
t 1365 17
m 10 11
0 13 9
1 10 12
2 11 9
t 1364 17
m 10 10
0 12 9
1 10 11
2 10 9
t 1363 17
m 9 10
0 11 9
1 10 10
2 11 9
t 1362 17
m 8 10
0 11 10
1 9 10
2 10 9
t 1361 17
m 7 10
0 10 10
1 8 10
2 9 9
t 1360 17
m 7 9
0 11 10
1 7 10
2 8 9
t 1359 17
m 6 9
0 10 10
1 7 9
2 7 9
t 1358 17
m 5 9
0 9 10
1 6 9
2 6 9
t 1357 17
m 5 10
0 10 10
1 5 9
2 5 9
f 13 16
t 1356 17
m 5 11
0 11 10
1 5 10
2 5 10
t 1355 17
m 4 11
0 11 9
1 5 11
2 5 11
t 1354 17
m 4 12
0 10 9
1 4 11
2 4 11
t 1353 23
m 4 12
0 9 9
1 5 11
2 4 12
t 1352 23
