35
20
m 0 19
0 34 0
1 34 0
2 34 0
w 0 0
w 0 1
w 0 2
w 0 3
w 0 4
w 0 5
w 0 6
w 0 7
w 0 8
w 0 9
w 0 10
w 0 11
w 0 12
w 0 13
w 0 14
w 0 15
w 0 16
w 0 17
w 1 0
w 1 1
w 1 2
w 1 3
w 1 4
w 1 5
w 1 6
w 1 7
w 1 8
w 1 9
w 1 10
w 1 11
w 1 12
w 1 13
w 1 14
w 1 15
w 1 16
w 1 18
w 2 0
w 2 1
w 2 2
w 2 3
w 2 4
w 2 5
w 2 7
w 2 8
w 2 9
w 2 10
w 2 11
w 2 12
w 2 13
w 2 14
w 2 15
w 2 16
w 3 0
w 3 1
w 3 2
w 3 3
w 3 4
w 3 7
w 3 9
w 3 10
w 3 11
w 3 12
w 3 13
w 3 14
w 3 15
w 3 19
w 4 0
w 4 1
w 4 2
w 4 3
w 4 4
w 4 7
w 4 10
w 4 11
w 4 12
w 4 13
w 4 14
w 4 15
w 4 16
w 4 17
w 5 0
w 5 1
w 5 2
w 5 3
w 5 4
w 5 12
w 5 13
w 5 14
w 5 15
w 5 16
w 5 19
w 6 0
w 6 4
w 6 9
w 6 11
w 6 12
w 6 13
w 6 14
w 6 15
w 6 17
w 7 0
w 7 1
w 7 2
w 7 6
w 7 8
w 7 9
w 7 10
w 7 11
w 7 12
w 7 13
w 7 14
w 7 15
w 7 18
w 8 0
w 8 5
w 8 6
w 8 8
w 8 10
w 8 11
w 8 12
w 8 13
w 8 14
w 8 15
w 9 0
w 9 1
w 9 4
w 9 6
w 9 10
w 9 11
w 9 12
w 9 13
w 9 14
w 9 18
w 10 0
w 10 1
w 10 2
w 10 6
w 10 8
w 10 9
w 10 10
w 10 11
w 10 12
w 10 13
w 10 16
w 10 17
w 10 18
w 10 19
w 11 0
w 11 1
w 11 2
w 11 5
w 11 8
w 11 9
w 11 10
w 11 11
w 11 12
w 11 13
w 11 15
w 11 16
w 11 17
w 11 18
w 11 19
w 12 0
w 12 1
w 12 5
w 12 7
w 12 8
w 12 9
w 12 10
w 12 11
w 12 12
w 12 16
w 12 17
w 12 18
w 12 19
w 13 0
w 13 1
w 13 6
w 13 7
w 13 8
w 13 9
w 13 10
w 13 11
w 13 12
w 13 13
w 13 14
w 13 18
w 13 19
w 14 1
w 14 2
w 14 3
w 14 7
w 14 8
w 14 9
w 14 10
w 14 11
w 14 12
w 14 13
w 14 14
w 14 16
w 14 19
w 15 1
w 15 2
w 15 9
w 15 10
w 15 11
w 15 12
w 15 13
w 15 14
w 15 15
w 15 18
w 15 19
w 16 1
w 16 2
w 16 3
w 16 4
w 16 5
w 16 8
w 16 9
w 16 10
w 16 11
w 16 12
w 16 13
w 16 14
w 16 15
w 17 4
w 17 8
w 17 11
w 17 12
w 17 14
w 17 15
w 17 16
w 17 17
w 17 18
w 18 15
w 19 0
w 19 1
w 19 3
w 19 4
w 19 7
w 19 9
w 19 10
w 20 0
w 20 1
w 20 7
w 20 8
w 20 16
w 20 17
w 21 3
w 21 4
w 21 5
w 21 7
w 21 10
w 21 11
w 21 12
w 21 13
w 21 15
w 21 16
w 21 17
w 21 18
w 21 19
w 22 0
w 22 1
w 22 3
w 22 4
w 22 5
w 22 6
w 22 7
w 22 9
w 22 10
w 22 11
w 22 15
w 22 16
w 22 17
w 22 18
w 22 19
w 23 3
w 23 4
w 23 5
w 23 6
w 23 7
w 23 8
w 23 9
w 23 10
w 23 11
w 23 12
w 23 15
w 23 16
w 23 17
w 23 18
w 23 19
w 24 0
w 24 5
w 24 6
w 24 7
w 24 8
w 24 9
w 24 10
w 24 11
w 24 12
w 24 13
w 24 16
w 24 17
w 24 18
w 24 19
w 25 0
w 25 5
w 25 6
w 25 7
w 25 8
w 25 9
w 25 10
w 25 11
w 25 12
w 25 13
w 25 17
w 25 18
w 25 19
w 26 1
w 26 3
w 26 5
w 26 6
w 26 7
w 26 8
w 26 9
w 26 10
w 26 11
w 26 12
w 26 17
w 26 18
w 26 19
w 27 1
w 27 3
w 27 4
w 27 5
w 27 7
w 27 8
w 27 9
w 27 10
w 27 11
w 27 13
w 27 15
w 27 16
w 27 17
w 27 18
w 27 19
w 28 1
w 28 4
w 28 5
w 28 7
w 28 8
w 28 9
w 28 10
w 28 16
w 28 17
w 28 18
w 28 19
w 29 3
w 29 4
w 29 5
w 29 8
w 29 9
w 29 10
w 29 11
w 29 12
w 29 17
w 29 18
w 29 19
w 30 1
w 30 3
w 30 8
w 30 10
w 30 13
w 30 15
w 30 16
w 30 17
w 30 18
w 30 19
w 31 15
w 31 16
w 31 17
w 31 18
w 31 19
w 32 3
w 32 5
w 32 6
w 32 8
w 32 14
w 32 15
w 32 16
w 32 17
w 32 18
w 32 19
w 33 0
w 33 4
w 33 5
w 33 6
w 33 7
w 33 8
w 33 9
w 33 10
w 33 11
w 33 13
w 33 14
w 33 15
w 33 16
w 33 17
w 33 18
w 33 19
w 34 4
w 34 5
w 34 6
w 34 7
w 34 8
w 34 9
w 34 10
w 34 11
w 34 12
w 34 13
w 34 14
w 34 15
w 34 16
w 34 17
w 34 18
w 34 19
p 20 5
p 7 4
p 25 16
p 17 7
p 30 14
p 15 4
p 18 16
p 32 7
p 12 6
p 9 8
p 5 6
p 0 18
p 28 14
p 22 12
t 1400 0
m 0 18
0 34 1
1 34 1
2 34 1
f 15 16
t 1399 7
m 0 19
0 33 1
1 33 1
2 33 1
t 1398 7
m 1 19
0 32 1
1 32 1
2 32 1
t 1397 7
m 2 19
0 31 1
1 31 1
2 31 1
t 1396 7
m 2 18
0 31 2
1 31 2
2 31 2
t 1395 7
m 3 18
0 31 3
1 31 3
2 31 3
t 1394 7
m 4 18
0 31 4
1 31 4
2 31 4
t 1393 7
m 5 18
0 30 4
1 30 4
2 30 4
t 1392 7
m 6 18
0 30 5
1 30 5
2 30 5
t 1391 7
m 6 19
0 30 6
1 30 6
2 30 6
t 1390 7
m 7 19
0 30 7
1 30 7
2 30 7
t 1389 7
m 8 19
0 31 7
1 31 7
2 31 7
t 1388 7
m 8 18
0 31 8
1 31 8
2 31 8
t 1387 7
m 8 17
0 31 9
1 31 9
2 31 9
t 1386 7
m 8 16
0 31 10
1 31 10
2 31 10
t 1385 7
m 9 16
0 31 11
1 31 11
2 31 11
t 1384 7
m 9 15
0 31 12
1 31 12
2 31 12
t 1383 7
m 10 15
0 31 13
1 31 13
2 31 13
t 1382 7
m 10 14
0 31 14
1 31 14
2 31 14
t 1381 7
m 11 14
0 30 14
1 30 14
2 30 14
t 1380 7
m 12 14
0 29 14
1 29 14
2 29 14
t 1379 7
m 12 15
0 28 14
1 28 14
2 28 14
t 1378 7
m 13 15
0 27 14
1 27 14
2 27 14
t 1377 7
m 13 16
0 26 14
1 26 14
2 26 14
t 1376 7
m 13 17
0 25 14
1 25 14
2 25 14
t 1375 7
m 14 17
0 24 14
1 24 14
2 24 14
t 1374 7
m 15 17
0 23 14
1 23 14
2 23 14
t 1373 7
m 15 16
0 22 14
1 22 14
2 22 14
f 15 0
t 1372 17
m 15 17
0 21 14
1 21 14
2 21 14
t 1371 17
m 16 17
0 20 14
1 20 14
2 20 14
t 1370 17
m 16 18
0 21 14
1 19 14
2 19 14
t 1369 17
m 16 19
0 20 14
1 19 15
2 19 15
t 1368 17
m 17 19
0 19 14
1 19 16
2 19 16
t 1367 17
m 18 19
0 19 15
1 18 16
2 18 16
t 1366 17
m 18 18
0 19 16
1 18 17
2 18 17
t 1365 17
m 18 18
0 19 15
1 18 18
2 18 16
t 1364 17
