35
20
m 0 19
0 34 0
1 34 0
2 34 0
w 0 0
w 0 1
w 0 3
w 1 0
w 1 3
w 1 5
w 1 6
w 1 7
w 1 8
w 1 9
w 1 10
w 1 12
w 1 13
w 1 14
w 1 17
w 1 18
w 2 0
w 2 1
w 2 3
w 2 5
w 2 6
w 2 7
w 2 8
w 2 9
w 2 10
w 2 11
w 2 12
w 2 13
w 2 14
w 2 15
w 2 16
w 2 17
w 2 18
w 3 0
w 3 1
w 3 3
w 3 5
w 3 7
w 3 8
w 3 9
w 3 10
w 3 11
w 3 12
w 3 13
w 3 14
w 3 15
w 3 16
w 3 17
w 4 0
w 4 1
w 4 8
w 4 9
w 4 10
w 4 11
w 4 12
w 4 13
w 4 14
w 4 15
w 4 16
w 4 17
w 4 18
w 5 0
w 5 1
w 5 2
w 5 6
w 5 7
w 5 8
w 5 9
w 5 10
w 5 11
w 5 12
w 5 13
w 5 14
w 5 15
w 5 16
w 5 17
w 5 18
w 6 2
w 6 3
w 6 5
w 6 6
w 6 7
w 6 8
w 6 9
w 6 10
w 6 11
w 6 12
w 6 13
w 6 14
w 6 15
w 6 16
w 7 3
w 7 5
w 7 6
w 7 7
w 7 8
w 7 9
w 7 10
w 7 11
w 7 12
w 7 13
w 7 14
w 7 15
w 7 16
w 7 17
w 8 0
w 8 1
w 8 3
w 8 6
w 8 7
w 8 8
w 8 9
w 8 10
w 8 11
w 8 12
w 8 13
w 8 14
w 8 15
w 8 16
w 8 17
w 9 0
w 9 3
w 9 6
w 9 7
w 9 8
w 9 9
w 9 10
w 9 11
w 9 12
w 9 13
w 9 14
w 9 15
w 9 17
w 9 18
w 10 0
w 10 2
w 10 3
w 10 6
w 10 7
w 10 8
w 10 9
w 10 10
w 10 11
w 10 12
w 10 13
w 11 6
w 11 7
w 11 8
w 11 9
w 11 10
w 11 11
w 11 12
w 11 13
w 11 14
w 11 15
w 11 17
w 11 18
w 12 0
w 12 1
w 12 2
w 12 8
w 12 9
w 12 10
w 12 11
w 12 12
w 12 13
w 12 14
w 12 15
w 12 17
w 13 0
w 13 1
w 13 2
w 13 3
w 13 5
w 13 6
w 13 7
w 13 8
w 13 9
w 13 10
w 13 11
w 13 12
w 13 13
w 13 14
w 13 15
w 14 0
w 14 1
w 14 2
w 14 3
w 14 7
w 14 9
w 14 10
w 14 11
w 14 12
w 14 13
w 14 14
w 14 17
w 14 18
w 15 0
w 15 1
w 15 2
w 15 3
w 15 6
w 15 7
w 15 10
w 15 11
w 15 12
w 15 13
w 15 14
w 15 16
w 15 17
w 15 18
w 16 0
w 16 1
w 16 2
w 16 3
w 16 5
w 16 6
w 16 9
w 16 10
w 16 11
w 16 12
w 16 13
w 16 14
w 16 15
w 16 16
w 16 17
w 17 0
w 17 1
w 17 5
w 17 6
w 17 9
w 17 10
w 17 11
w 17 12
w 17 13
w 17 14
w 17 15
w 17 16
w 18 0
w 18 2
w 18 3
w 18 9
w 18 10
w 18 11
w 18 12
w 18 13
w 18 14
w 18 15
w 18 16
w 18 17
w 18 18
w 19 0
w 19 6
w 19 9
w 19 10
w 19 11
w 19 12
w 19 13
w 19 14
w 19 15
w 20 0
w 20 1
w 20 5
w 20 6
w 20 7
w 20 10
w 20 11
w 20 12
w 20 13
w 20 14
w 20 15
w 20 16
w 20 17
w 21 0
w 21 6
w 21 11
w 21 12
w 21 13
w 21 14
w 21 15
w 21 16
w 21 17
w 21 18
w 22 2
w 22 7
w 22 10
w 22 11
w 22 12
w 22 13
w 22 14
w 22 15
w 23 3
w 23 5
w 23 6
w 23 8
w 23 9
w 23 10
w 23 11
w 23 12
w 23 13
w 23 14
w 23 15
w 23 17
w 23 18
w 24 0
w 24 9
w 24 10
w 24 11
w 24 12
w 24 13
w 24 14
w 24 17
w 24 18
w 25 0
w 25 1
w 25 5
w 25 6
w 25 8
w 25 9
w 25 10
w 25 11
w 25 12
w 25 13
w 25 14
w 25 15
w 25 17
w 25 18
w 26 0
w 26 1
w 26 6
w 26 7
w 26 8
w 26 9
w 26 10
w 26 11
w 26 12
w 26 13
w 26 14
w 27 0
w 27 3
w 27 5
w 27 6
w 27 7
w 27 8
w 27 9
w 27 10
w 27 12
w 27 13
w 27 14
w 27 17
w 28 0
w 28 1
w 28 5
w 28 6
w 28 7
w 28 8
w 28 9
w 28 10
w 28 14
w 28 16
w 29 0
w 29 1
w 29 2
w 29 5
w 29 6
w 29 7
w 29 8
w 29 9
w 29 10
w 29 11
w 29 14
w 29 15
w 29 16
w 29 17
w 30 0
w 30 1
w 30 3
w 30 5
w 30 6
w 30 7
w 30 8
w 30 9
w 30 10
w 30 12
w 30 16
w 30 17
w 30 18
w 31 0
w 31 3
w 31 5
w 31 6
w 31 7
w 31 8
w 31 12
w 31 13
w 31 14
w 31 17
w 31 18
w 32 2
w 32 3
w 32 5
w 32 7
w 32 9
w 32 10
w 32 12
w 32 13
w 32 14
w 32 17
w 32 18
w 34 1
w 34 2
w 34 5
w 34 7
w 34 8
w 34 9
w 34 10
w 34 13
w 34 15
w 34 18
p 29 4
p 5 5
p 1 15
p 11 16
p 22 5
p 33 10
p 17 19
p 9 2
p 14 16
p 24 6
p 0 2
p 31 19
p 20 3
p 26 19
t 1400 0
m 0 18
0 33 0
1 33 0
2 33 0
t 1399 0
m 0 17
0 33 1
1 33 1
2 33 1
t 1398 0
m 0 16
0 33 2
1 33 2
2 33 2
f 33 4
t 1397 0
m 0 15
0 33 3
1 33 3
2 33 3
t 1396 0
m 1 15
0 33 4
1 33 4
2 33 4
t 1395 7
m 0 15
0 32 4
1 32 4
2 32 4
t 1394 7
m 0 14
0 31 4
1 31 4
2 31 4
t 1393 7
m 0 13
0 30 4
1 30 4
2 30 4
t 1392 7
m 0 12
0 29 4
1 29 4
2 29 4
t 1391 7
m 0 11
0 28 4
1 28 4
2 28 4
t 1390 7
m 0 10
0 27 4
1 27 4
2 27 4
t 1389 7
m 0 9
0 26 4
1 26 4
2 26 4
t 1388 7
m 0 8
0 25 4
1 25 4
2 25 4
t 1387 7
m 0 7
0 24 4
1 24 4
2 24 4
t 1386 7
m 0 6
0 23 4
1 23 4
2 23 4
t 1385 7
m 0 5
0 22 4
1 22 4
2 22 4
t 1384 7
m 0 4
0 21 4
1 21 4
2 21 4
t 1383 7
m 1 4
0 20 4
1 20 4
2 20 4
t 1382 7
m 2 4
0 19 4
1 19 4
2 19 4
t 1381 7
m 3 4
0 18 4
1 18 4
2 18 4
t 1380 7
m 4 4
0 17 4
1 17 4
2 17 4
t 1379 7
m 4 5
0 16 4
1 16 4
2 17 3
t 1378 7
m 5 5
0 15 4
1 15 4
2 17 4
t 1377 14
m 5 4
0 14 4
1 14 4
2 16 4
t 1376 14
m 5 3
0 13 4
1 13 4
2 15 4
t 1375 14
m 4 3
0 12 4
1 12 4
2 15 5
t 1374 14
m 4 2
0 11 4
1 11 4
2 14 5
t 1373 14
m 3 2
0 10 4
1 11 3
2 14 4
t 1372 14
m 2 2
0 9 4
1 11 2
2 13 4
t 1371 14
m 1 2
0 8 4
1 11 3
2 14 4
t 1370 14
m 0 2
0 7 4
1 11 4
2 13 4
t 1369 21
m 1 2
0 6 4
1 10 4
2 12 4
t 1368 21
m 2 2
0 5 4
1 9 4
2 11 4
t 1367 21
m 3 2
0 4 4
1 8 4
2 10 4
t 1366 21
m 3 2
0 4 3
1 7 4
2 9 4
t 1365 21
m 3 2
0 4 2
1 6 4
2 8 4
t 1364 21
m 3 2
0 3 2
1 5 4
2 7 4
t 1363 21
