35
20
m 0 19
0 34 0
1 34 0
2 34 0
w 0 0
w 0 1
w 0 2
w 0 3
w 0 6
w 0 8
w 0 9
w 0 11
w 0 14
w 1 0
w 1 1
w 1 2
w 1 3
w 1 4
w 1 11
w 1 13
w 1 14
w 1 15
w 1 17
w 1 18
w 1 19
w 2 0
w 2 1
w 2 2
w 2 3
w 2 4
w 2 5
w 2 8
w 2 9
w 2 17
w 2 18
w 3 0
w 3 1
w 3 2
w 3 3
w 3 4
w 3 8
w 3 14
w 3 18
w 4 0
w 4 1
w 4 2
w 4 3
w 4 4
w 4 5
w 4 8
w 4 12
w 4 13
w 4 14
w 5 0
w 5 1
w 5 2
w 5 3
w 5 4
w 5 5
w 5 6
w 5 8
w 5 9
w 5 10
w 5 11
w 5 12
w 5 13
w 5 14
w 5 15
w 5 16
w 5 18
w 5 19
w 6 0
w 6 1
w 6 2
w 6 3
w 6 4
w 6 5
w 6 6
w 6 7
w 6 10
w 6 11
w 6 12
w 6 13
w 6 14
w 6 15
w 6 18
w 6 19
w 7 0
w 7 1
w 7 2
w 7 3
w 7 4
w 7 5
w 7 6
w 7 8
w 7 10
w 7 12
w 7 13
w 7 14
w 7 17
w 7 18
w 7 19
w 8 0
w 8 1
w 8 2
w 8 3
w 8 4
w 8 12
w 8 13
w 8 15
w 8 19
w 9 0
w 9 1
w 9 2
w 9 3
w 9 4
w 9 5
w 9 7
w 9 8
w 9 11
w 9 12
w 9 17
w 9 18
w 9 19
w 10 0
w 10 1
w 10 2
w 10 3
w 10 4
w 10 5
w 10 8
w 10 9
w 10 10
w 10 12
w 10 17
w 10 18
w 10 19
w 11 0
w 11 1
w 11 2
w 11 3
w 11 8
w 11 14
w 11 16
w 11 17
w 11 19
w 12 0
w 12 3
w 12 4
w 12 7
w 12 8
w 12 10
w 12 13
w 12 14
w 12 15
w 12 19
w 13 0
w 13 3
w 13 4
w 13 6
w 13 7
w 13 8
w 13 9
w 13 10
w 13 12
w 13 13
w 13 14
w 13 15
w 13 18
w 13 19
w 14 3
w 14 10
w 14 13
w 14 14
w 14 15
w 14 17
w 14 18
w 14 19
w 15 14
w 15 17
w 15 18
w 15 19
w 16 1
w 16 7
w 16 10
w 16 11
w 16 13
w 16 18
w 16 19
w 17 0
w 17 3
w 17 4
w 17 5
w 17 6
w 17 8
w 17 9
w 17 11
w 17 17
w 17 18
w 17 19
w 18 0
w 18 3
w 18 4
w 18 5
w 18 6
w 18 11
w 18 13
w 18 18
w 18 19
w 19 0
w 19 3
w 19 4
w 19 9
w 19 10
w 19 11
w 19 13
w 19 18
w 19 19
w 20 3
w 20 6
w 20 10
w 20 11
w 20 13
w 20 15
w 21 0
w 21 1
w 21 3
w 21 5
w 21 8
w 21 9
w 21 10
w 22 0
w 22 1
w 22 3
w 22 5
w 22 6
w 22 10
w 22 15
w 23 0
w 23 1
w 23 3
w 23 9
w 23 10
w 23 14
w 23 16
w 23 18
w 24 0
w 24 3
w 24 5
w 24 6
w 24 9
w 24 10
w 24 11
w 24 13
w 24 16
w 24 19
w 25 0
w 25 4
w 25 5
w 25 6
w 25 10
w 25 18
w 25 19
w 26 0
w 26 4
w 26 5
w 26 6
w 26 11
w 26 14
w 26 15
w 26 17
w 26 18
w 26 19
w 27 4
w 27 5
w 27 7
w 27 8
w 27 10
w 27 11
w 27 13
w 27 14
w 27 15
w 27 16
w 27 17
w 27 18
w 27 19
w 28 1
w 28 3
w 28 8
w 28 10
w 28 11
w 28 14
w 28 15
w 28 16
w 28 17
w 28 18
w 28 19
w 29 6
w 29 7
w 29 10
w 29 14
w 29 15
w 29 16
w 29 17
w 29 18
w 29 19
w 30 5
w 30 8
w 30 13
w 30 14
w 30 15
w 30 16
w 30 17
w 30 18
w 30 19
w 31 15
w 31 16
w 31 17
w 31 18
w 31 19
w 32 4
w 32 5
w 32 7
w 32 8
w 32 13
w 32 14
w 32 15
w 32 16
w 32 17
w 32 18
w 32 19
w 33 2
w 33 5
w 33 8
w 33 10
w 33 11
w 33 14
w 33 15
w 33 16
w 33 17
w 33 18
w 33 19
w 34 2
w 34 4
w 34 5
w 34 7
w 34 8
w 34 9
w 34 10
w 34 11
w 34 12
w 34 13
w 34 14
w 34 15
w 34 16
w 34 17
w 34 18
w 34 19
p 14 8
p 0 4
p 26 1
p 24 7
p 7 16
p 2 10
p 4 6
p 10 7
p 22 14
p 33 13
p 15 16
p 12 6
p 30 3
p 19 12
p 28 5
p 31 12
p 21 4
p 17 14
t 1400 0
m 0 18
0 33 0
1 34 1
2 33 0
t 1399 0
m 0 17
0 32 0
1 33 1
2 32 0
t 1398 0
m 0 16
0 31 0
1 32 1
2 31 0
t 1397 0
m 1 16
0 31 1
1 31 1
2 31 1
t 1396 0
m 2 16
0 31 2
1 31 2
2 31 2
t 1395 0
m 2 15
0 31 3
1 31 3
2 31 3
t 1394 0
m 2 14
0 31 4
1 31 4
2 31 4
t 1393 0
m 2 13
0 31 5
1 31 5
2 31 5
f 27 3
t 1392 0
m 2 12
0 31 6
1 31 6
2 31 6
t 1391 0
m 2 11
0 31 7
1 31 7
2 31 7
t 1390 0
m 2 10
0 31 8
1 31 8
2 31 8
t 1389 5
m 1 10
0 31 9
1 31 9
2 31 9
t 1388 5
m 1 9
0 30 9
1 30 9
2 30 9
t 1387 5
m 1 8
0 30 10
1 30 10
2 30 10
t 1386 5
m 1 7
0 30 11
1 30 11
2 30 11
t 1385 5
m 1 6
0 29 11
1 29 11
2 29 11
t 1384 5
m 1 5
0 29 12
1 29 12
2 29 12
t 1383 5
m 0 5
0 28 12
1 28 12
2 28 12
t 1382 5
m 0 4
0 29 12
1 27 12
2 27 12
t 1381 11
m 0 5
0 28 12
1 26 12
2 26 12
t 1380 11
m 1 5
0 27 12
1 25 12
2 25 12
t 1379 11
m 1 6
0 26 12
1 24 12
2 24 12
t 1378 11
m 2 6
0 25 12
1 23 12
2 23 12
t 1377 11
m 3 6
0 24 12
1 22 12
2 22 12
t 1376 11
m 4 6
0 23 12
1 21 12
2 21 12
t 1375 16
m 3 6
0 22 12
1 20 12
2 20 12
t 1374 16
m 2 6
0 21 12
1 19 12
2 19 12
t 1373 16
m 1 6
0 20 12
1 18 12
2 18 12
t 1372 16
m 1 7
0 19 12
1 17 12
2 17 12
t 1371 16
m 1 8
0 18 12
1 16 12
2 16 12
t 1370 16
m 1 9
0 17 12
1 15 12
2 15 12
t 1369 16
m 1 10
0 16 12
1 14 12
2 14 12
t 1368 16
m 2 10
0 15 12
1 14 11
2 14 11
t 1367 16
m 2 11
0 16 12
1 13 11
2 13 11
t 1366 16
m 2 12
0 15 12
1 12 11
2 12 11
t 1365 16
m 2 13
0 14 12
1 11 11
2 11 11
t 1364 16
m 2 14
0 14 11
1 11 12
2 11 12
t 1363 16
m 2 15
0 13 11
1 11 11
2 11 13
t 1362 16
m 2 16
0 12 11
1 11 12
2 10 13
t 1361 16
m 3 16
0 11 11
1 11 13
2 9 13
t 1360 16
m 4 16
0 11 12
1 10 13
2 9 14
t 1359 16
m 4 17
0 11 13
1 9 13
2 9 15
t 1358 16
m 5 17
0 10 13
1 9 14
2 9 16
t 1357 16
m 6 17
0 9 13
1 9 15
2 8 16
t 1356 16
m 6 16
0 9 14
1 9 16
2 7 16
t 1355 16
m 7 16
0 9 15
1 8 16
2 6 16
t 1354 16
