35
20
m 0 19
0 34 0
1 34 0
2 34 0
w 0 0
w 0 5
w 0 6
w 0 7
w 0 8
w 0 9
w 0 10
w 0 11
w 0 12
w 0 13
w 0 14
w 1 0
w 1 2
w 1 4
w 1 5
w 1 6
w 1 9
w 1 10
w 1 11
w 1 12
w 1 13
w 1 14
w 1 15
w 1 17
w 1 19
w 2 3
w 2 6
w 2 8
w 2 10
w 2 11
w 2 12
w 2 13
w 2 15
w 2 17
w 2 18
w 2 19
w 3 1
w 3 3
w 3 4
w 3 8
w 3 12
w 3 17
w 3 19
w 4 1
w 4 4
w 4 5
w 4 12
w 4 15
w 4 19
w 5 2
w 5 4
w 5 5
w 5 6
w 5 7
w 5 8
w 5 10
w 5 11
w 5 12
w 5 13
w 5 14
w 5 17
w 5 18
w 5 19
w 6 1
w 6 10
w 6 12
w 6 13
w 6 14
w 6 17
w 6 18
w 6 19
w 7 4
w 7 5
w 7 6
w 7 8
w 7 13
w 7 17
w 7 18
w 7 19
w 8 0
w 8 3
w 8 6
w 8 7
w 8 8
w 9 0
w 9 1
w 9 3
w 9 6
w 9 7
w 9 8
w 9 10
w 9 11
w 9 13
w 9 15
w 9 17
w 9 19
w 10 0
w 10 3
w 10 4
w 10 6
w 10 7
w 10 8
w 10 10
w 10 11
w 10 12
w 10 13
w 10 14
w 10 15
w 10 17
w 11 3
w 11 4
w 11 7
w 11 12
w 11 13
w 11 14
w 11 15
w 11 18
w 12 0
w 12 3
w 12 6
w 12 8
w 12 10
w 12 11
w 12 12
w 12 13
w 12 14
w 12 15
w 12 16
w 12 19
w 13 0
w 13 5
w 13 10
w 13 11
w 13 12
w 13 13
w 13 14
w 13 15
w 13 16
w 13 18
w 13 19
w 14 0
w 14 1
w 14 8
w 14 11
w 14 12
w 14 17
w 14 18
w 14 19
w 15 1
w 15 3
w 15 4
w 15 6
w 15 7
w 15 10
w 15 14
w 15 18
w 15 19
w 16 1
w 16 4
w 16 12
w 16 14
w 16 17
w 16 18
w 16 19
w 17 1
w 17 3
w 17 4
w 17 7
w 17 10
w 17 11
w 17 12
w 17 14
w 17 18
w 17 19
w 18 3
w 18 5
w 18 11
w 18 14
w 18 19
w 19 0
w 19 1
w 19 5
w 19 7
w 19 10
w 19 11
w 19 13
w 19 16
w 19 17
w 19 19
w 20 4
w 20 8
w 20 11
w 20 16
w 20 17
w 21 1
w 21 3
w 21 6
w 21 14
w 21 15
w 21 16
w 21 17
w 21 18
w 22 3
w 22 4
w 22 6
w 22 8
w 22 12
w 22 15
w 22 16
w 22 17
w 22 18
w 22 19
w 23 0
w 23 4
w 23 10
w 23 11
w 23 12
w 23 14
w 23 15
w 23 16
w 23 17
w 23 18
w 23 19
w 24 0
w 24 3
w 24 4
w 24 6
w 24 7
w 24 8
w 24 10
w 24 11
w 24 14
w 24 15
w 24 16
w 24 17
w 24 18
w 24 19
w 25 4
w 25 5
w 25 6
w 25 8
w 25 10
w 25 11
w 25 12
w 25 13
w 25 14
w 25 15
w 25 16
w 25 17
w 25 18
w 25 19
w 26 1
w 26 6
w 26 11
w 26 12
w 26 13
w 26 14
w 26 15
w 26 16
w 26 17
w 26 18
w 26 19
w 27 1
w 27 4
w 27 10
w 27 11
w 27 12
w 27 13
w 27 14
w 27 15
w 27 16
w 27 17
w 27 18
w 27 19
w 28 3
w 28 4
w 28 5
w 28 10
w 28 11
w 28 12
w 28 13
w 28 14
w 28 15
w 28 16
w 28 17
w 28 18
w 28 19
w 29 1
w 29 3
w 29 6
w 29 7
w 29 10
w 29 11
w 29 12
w 29 13
w 29 14
w 29 15
w 29 16
w 29 17
w 29 18
w 29 19
w 30 0
w 30 1
w 30 7
w 30 8
w 30 10
w 30 11
w 30 12
w 30 13
w 30 14
w 30 15
w 30 16
w 30 17
w 30 18
w 30 19
w 31 0
w 31 1
w 31 3
w 31 4
w 31 7
w 31 8
w 31 11
w 31 12
w 31 13
w 31 14
w 31 15
w 31 16
w 31 17
w 31 18
w 31 19
w 32 5
w 32 6
w 32 8
w 32 11
w 32 12
w 32 13
w 32 14
w 32 15
w 32 16
w 32 17
w 32 18
w 32 19
w 33 1
w 33 3
w 33 5
w 33 6
w 33 10
w 33 11
w 33 12
w 33 13
w 33 14
w 33 15
w 33 16
w 33 17
w 33 18
w 33 19
w 34 10
w 34 11
w 34 12
w 34 13
w 34 14
w 34 15
w 34 16
w 34 17
w 34 18
w 34 19
p 0 1
p 33 7
p 27 5
p 22 5
p 6 5
p 8 1
p 30 4
p 20 13
p 17 9
p 2 9
p 15 16
p 14 3
p 9 14
p 24 12
p 19 2
p 4 7
p 11 17
t 1400 0
m 0 18
0 34 1
1 33 0
2 34 1
t 1399 0
m 0 17
0 34 2
1 32 0
2 34 2
t 1398 0
m 0 16
0 34 3
1 32 1
2 34 3
t 1397 0
m 1 16
0 34 4
1 32 2
2 34 4
t 1396 0
m 2 16
0 34 5
1 31 2
2 34 5
t 1395 0
m 3 16
0 34 6
1 30 2
2 34 6
t 1394 0
m 4 16
0 34 7
1 29 2
2 34 7
t 1393 0
m 5 16
0 33 7
1 28 2
2 33 7
t 1392 0
m 5 15
0 33 8
1 27 2
2 33 8
f 28 0
t 1391 0
m 6 15
0 33 9
1 26 2
2 33 9
t 1390 0
m 7 15
0 32 9
1 25 2
2 32 9
t 1389 0
m 7 14
0 31 9
1 24 2
2 31 9
t 1388 0
m 8 14
0 30 9
1 23 2
2 30 9
t 1387 0
m 9 14
0 29 9
1 22 2
2 29 9
t 1386 5
m 8 14
0 28 9
1 21 2
2 28 9
t 1385 5
m 8 15
0 27 9
1 20 2
2 27 9
t 1384 5
m 8 16
0 26 9
1 19 2
2 26 9
t 1383 5
m 9 16
0 25 9
1 18 2
2 25 9
t 1382 5
m 10 16
0 24 9
1 17 2
2 24 9
t 1381 5
m 11 16
0 23 9
1 16 2
2 23 9
t 1380 5
m 11 17
0 24 9
1 15 2
2 22 9
t 1379 11
m 11 16
0 23 9
1 14 2
2 21 9
t 1378 11
m 10 16
0 22 9
1 13 2
2 20 9
t 1377 11
m 9 16
0 21 9
1 13 3
2 19 9
t 1376 11
m 8 16
0 20 9
1 13 4
2 18 9
t 1375 11
m 8 15
0 19 9
1 14 4
2 17 9
t 1374 11
m 8 14
0 18 9
1 14 5
2 16 9
t 1373 11
m 8 13
0 17 9
1 14 6
2 15 9
t 1372 11
m 8 12
0 16 9
1 13 6
2 14 9
t 1371 11
m 7 12
0 15 9
1 13 7
2 13 9
t 1370 11
m 7 11
0 14 9
1 13 8
2 12 9
t 1369 11
m 7 10
0 13 9
1 13 9
2 11 9
t 1368 11
m 7 9
0 12 9
1 12 9
2 10 9
t 1367 11
m 6 9
0 11 9
1 11 9
2 9 9
t 1366 11
m 5 9
0 10 9
1 10 9
2 8 9
t 1365 11
m 4 9
0 9 9
1 9 9
2 7 9
t 1364 11
m 3 9
0 8 9
1 8 9
2 6 9
t 1363 11
m 2 9
0 7 9
1 9 9
2 5 9
t 1362 17
m 3 9
0 6 9
1 8 9
2 4 9
t 1361 17
m 3 9
0 5 9
1 7 9
2 3 9
t 1360 17
