35
20
m 0 19
0 34 0
1 34 0
2 34 0
w 0 0
w 1 0
w 1 1
w 1 3
w 1 4
w 1 6
w 1 8
w 1 9
w 1 10
w 1 13
w 1 14
w 1 15
w 1 16
w 1 18
w 1 19
w 2 0
w 2 1
w 2 5
w 2 6
w 2 7
w 2 8
w 2 9
w 2 10
w 2 11
w 2 15
w 2 18
w 2 19
w 3 0
w 3 1
w 3 3
w 3 4
w 3 5
w 3 6
w 3 7
w 3 8
w 3 9
w 3 10
w 3 11
w 3 12
w 3 13
w 3 14
w 3 15
w 3 16
w 3 19
w 4 0
w 4 4
w 4 5
w 4 6
w 4 7
w 4 8
w 4 9
w 4 10
w 4 11
w 4 12
w 4 13
w 4 14
w 4 15
w 4 16
w 4 18
w 4 19
w 5 0
w 5 1
w 5 3
w 5 4
w 5 6
w 5 7
w 5 8
w 5 9
w 5 10
w 5 11
w 5 12
w 5 13
w 5 14
w 5 15
w 5 16
w 5 18
w 5 19
w 6 0
w 6 7
w 6 8
w 6 9
w 6 10
w 6 11
w 6 12
w 6 13
w 6 14
w 6 15
w 6 19
w 7 4
w 7 7
w 7 8
w 7 9
w 7 10
w 7 11
w 7 12
w 7 13
w 7 14
w 7 15
w 7 16
w 7 18
w 8 0
w 8 3
w 8 5
w 8 8
w 8 9
w 8 10
w 8 11
w 8 12
w 8 13
w 8 14
w 8 15
w 9 0
w 9 1
w 9 3
w 9 5
w 9 8
w 9 9
w 9 10
w 9 11
w 9 12
w 9 13
w 9 14
w 9 15
w 9 16
w 9 18
w 10 0
w 10 1
w 10 5
w 10 7
w 10 8
w 10 9
w 10 10
w 10 11
w 10 12
w 10 13
w 10 14
w 10 15
w 10 16
w 11 0
w 11 1
w 11 4
w 11 5
w 11 6
w 11 7
w 11 8
w 11 9
w 11 10
w 11 12
w 11 13
w 11 14
w 11 15
w 12 0
w 12 1
w 12 3
w 12 4
w 12 5
w 12 6
w 12 7
w 12 8
w 12 9
w 12 10
w 12 14
w 12 15
w 12 19
w 13 0
w 13 1
w 13 3
w 13 4
w 13 5
w 13 8
w 13 9
w 13 10
w 13 13
w 13 14
w 13 15
w 13 16
w 13 18
w 13 19
w 14 0
w 14 1
w 14 4
w 14 5
w 14 6
w 14 12
w 14 13
w 14 14
w 14 15
w 14 19
w 15 0
w 15 1
w 15 4
w 15 5
w 15 6
w 15 7
w 15 10
w 15 11
w 15 12
w 15 13
w 15 14
w 15 18
w 15 19
w 16 6
w 16 7
w 16 8
w 16 11
w 16 12
w 16 13
w 16 16
w 17 0
w 17 1
w 17 3
w 17 4
w 17 5
w 17 6
w 17 7
w 17 8
w 17 9
w 17 12
w 17 13
w 17 18
w 17 19
w 18 0
w 18 1
w 18 3
w 18 4
w 18 5
w 18 6
w 18 7
w 18 15
w 18 16
w 19 0
w 19 3
w 19 4
w 19 8
w 19 9
w 19 10
w 19 11
w 19 14
w 19 15
w 19 16
w 19 18
w 20 1
w 20 6
w 20 7
w 20 8
w 20 9
w 20 10
w 20 11
w 20 12
w 20 14
w 20 16
w 20 19
w 21 1
w 21 3
w 21 5
w 21 6
w 21 7
w 21 8
w 21 9
w 21 10
w 21 11
w 21 12
w 21 16
w 21 18
w 21 19
w 22 3
w 22 4
w 22 5
w 22 6
w 22 7
w 22 8
w 22 9
w 22 10
w 22 11
w 22 12
w 22 14
w 22 18
w 22 19
w 23 3
w 23 4
w 23 5
w 23 6
w 23 7
w 23 8
w 23 9
w 23 10
w 23 11
w 23 12
w 23 18
w 23 19
w 24 0
w 24 4
w 24 5
w 24 6
w 24 7
w 24 8
w 24 9
w 24 10
w 24 11
w 24 12
w 24 13
w 24 14
w 24 15
w 24 19
w 25 0
w 25 1
w 25 3
w 25 4
w 25 5
w 25 6
w 25 7
w 25 8
w 25 9
w 25 10
w 25 11
w 25 12
w 25 13
w 25 14
w 25 15
w 25 16
w 25 19
w 26 0
w 26 1
w 26 3
w 26 4
w 26 5
w 26 6
w 26 7
w 26 8
w 26 9
w 26 10
w 26 11
w 26 12
w 26 13
w 26 14
w 26 15
w 26 16
w 26 19
w 27 0
w 27 4
w 27 5
w 27 6
w 27 8
w 27 9
w 27 10
w 27 11
w 27 12
w 27 13
w 27 14
w 27 18
w 27 19
w 28 10
w 28 11
w 28 12
w 28 13
w 28 14
w 28 15
w 28 16
w 28 18
w 28 19
w 29 0
w 29 3
w 29 4
w 29 5
w 29 7
w 29 10
w 29 11
w 29 12
w 29 13
w 29 14
w 29 16
w 29 18
w 29 19
w 30 0
w 30 1
w 30 6
w 30 9
w 30 10
w 30 11
w 30 12
w 30 13
w 30 14
w 30 18
w 30 19
w 31 0
w 31 1
w 31 4
w 31 5
w 31 6
w 31 8
w 31 10
w 31 11
w 31 12
w 31 13
w 31 16
w 31 18
w 31 19
w 32 0
w 32 4
w 32 5
w 32 6
w 32 7
w 32 11
w 32 12
w 32 13
w 32 15
w 32 16
w 32 18
w 32 19
w 33 3
w 33 4
w 33 5
w 33 9
w 33 10
w 33 11
w 33 12
w 33 13
w 33 14
w 33 16
w 33 18
w 33 19
w 34 19
p 0 1
p 5 5
p 13 17
p 22 17
p 34 3
p 18 9
p 16 2
p 1 7
p 20 3
p 10 19
p 29 2
p 8 2
p 26 18
p 31 15
t 1400 0
m 0 18
0 33 0
1 33 0
2 34 1
t 1399 0
m 0 17
0 33 1
1 33 1
2 34 0
t 1398 0
m 0 16
0 32 1
1 32 1
2 33 0
f 17 11
t 1397 0
m 0 15
0 32 2
1 32 2
2 33 1
t 1396 0
m 0 14
0 31 2
1 31 2
2 32 1
t 1395 0
m 0 13
0 30 2
1 30 2
2 32 2
t 1394 0
m 0 12
0 29 2
1 29 2
2 31 2
t 1393 0
m 0 11
0 28 2
1 28 2
2 30 2
t 1392 0
m 0 10
0 27 2
1 27 2
2 29 2
t 1391 0
m 0 9
0 26 2
1 26 2
2 28 2
t 1390 0
m 0 8
0 25 2
1 25 2
2 27 2
t 1389 0
m 0 7
0 24 2
1 24 2
2 26 2
t 1388 0
m 1 7
0 23 2
1 23 2
2 27 2
t 1387 7
m 0 7
0 22 2
1 22 2
2 26 2
t 1386 7
m 0 6
0 21 2
1 21 2
2 25 2
t 1385 7
m 0 5
0 20 2
1 20 2
2 24 2
t 1384 7
m 0 4
0 19 2
1 19 2
2 23 2
t 1383 7
m 0 3
0 18 2
1 18 2
2 22 2
t 1382 7
m 0 2
0 17 2
1 17 2
2 21 2
t 1381 7
m 0 1
0 16 2
1 16 2
2 20 2
t 1380 14
m 0 2
0 15 2
1 15 2
2 19 2
t 1379 14
m 1 2
0 14 2
1 14 2
2 18 2
t 1378 14
m 2 2
0 13 2
1 13 2
2 17 2
t 1377 14
m 3 2
0 12 2
1 12 2
2 16 2
t 1376 14
m 4 2
0 11 2
1 11 2
2 15 2
t 1375 14
m 5 2
0 10 2
1 10 2
2 14 2
t 1374 14
m 6 2
0 9 2
1 9 2
2 13 2
t 1373 14
m 7 2
0 8 2
1 10 2
2 12 2
t 1372 14
m 8 2
0 7 2
1 10 3
2 11 2
t 1371 14
