35
20
m 0 19
0 34 0
1 34 0
2 34 0
w 0 0
w 0 1
w 0 2
w 0 3
w 0 4
w 0 5
w 0 6
w 0 7
w 0 8
w 0 9
w 0 10
w 0 13
w 0 14
w 1 0
w 1 1
w 1 2
w 1 3
w 1 4
w 1 5
w 1 6
w 1 7
w 1 8
w 1 9
w 1 10
w 1 11
w 1 16
w 1 19
w 2 0
w 2 1
w 2 3
w 2 4
w 2 5
w 2 6
w 2 7
w 2 8
w 2 9
w 2 10
w 2 11
w 2 14
w 2 16
w 3 0
w 3 1
w 3 3
w 3 6
w 3 7
w 3 8
w 3 9
w 3 10
w 3 11
w 3 13
w 3 14
w 3 16
w 4 1
w 4 6
w 4 8
w 4 9
w 4 10
w 4 11
w 4 13
w 4 14
w 4 15
w 4 16
w 4 17
w 4 19
w 5 1
w 5 6
w 5 12
w 5 13
w 5 14
w 5 16
w 6 10
w 6 12
w 6 13
w 6 14
w 6 16
w 6 19
w 7 1
w 7 4
w 7 7
w 7 8
w 7 10
w 7 12
w 7 13
w 7 14
w 7 19
w 8 1
w 8 4
w 8 7
w 8 10
w 8 13
w 8 16
w 8 17
w 8 18
w 8 19
w 9 4
w 9 5
w 9 11
w 9 12
w 9 13
w 9 14
w 9 17
w 9 18
w 9 19
w 10 1
w 10 2
w 10 3
w 10 7
w 10 10
w 10 13
w 10 17
w 10 18
w 10 19
w 11 1
w 11 4
w 11 5
w 11 7
w 11 15
w 11 17
w 11 18
w 11 19
w 12 8
w 12 14
w 12 15
w 12 16
w 12 17
w 12 18
w 12 19
w 13 1
w 13 5
w 13 7
w 13 12
w 13 14
w 13 15
w 13 16
w 13 17
w 13 18
w 13 19
w 14 3
w 14 6
w 14 8
w 14 12
w 14 13
w 14 14
w 14 15
w 14 16
w 14 17
w 14 18
w 14 19
w 15 2
w 15 5
w 15 6
w 15 13
w 15 14
w 15 15
w 15 16
w 15 17
w 15 18
w 15 19
w 16 3
w 16 6
w 16 10
w 16 11
w 16 13
w 16 14
w 16 15
w 16 16
w 16 17
w 16 18
w 16 19
w 17 2
w 17 3
w 17 6
w 17 8
w 17 10
w 17 11
w 17 12
w 17 13
w 17 14
w 17 15
w 17 16
w 17 17
w 17 18
w 17 19
w 18 1
w 18 2
w 18 3
w 18 4
w 18 7
w 18 11
w 18 12
w 18 13
w 18 14
w 18 15
w 18 16
w 18 17
w 18 18
w 18 19
w 19 1
w 19 2
w 19 3
w 19 7
w 19 8
w 19 11
w 19 12
w 19 13
w 19 14
w 19 15
w 19 16
w 19 17
w 19 18
w 19 19
w 20 2
w 20 5
w 20 7
w 20 8
w 20 13
w 20 14
w 20 15
w 20 16
w 20 17
w 20 18
w 20 19
w 21 1
w 21 2
w 21 3
w 21 4
w 21 5
w 21 6
w 21 7
w 21 12
w 21 13
w 21 14
w 21 15
w 21 16
w 21 17
w 21 18
w 21 19
w 22 2
w 22 3
w 22 4
w 22 5
w 22 6
w 22 7
w 22 8
w 22 10
w 22 11
w 22 12
w 22 13
w 22 14
w 22 15
w 22 16
w 22 17
w 22 18
w 22 19
w 23 2
w 23 3
w 23 4
w 23 5
w 23 6
w 23 7
w 23 8
w 23 13
w 23 14
w 23 15
w 23 16
w 23 17
w 23 18
w 23 19
w 24 2
w 24 3
w 24 4
w 24 5
w 24 6
w 24 7
w 24 14
w 24 15
w 24 16
w 24 17
w 24 18
w 24 19
w 25 1
w 25 2
w 25 3
w 25 4
w 25 5
w 25 6
w 25 10
w 25 11
w 25 14
w 25 15
w 25 16
w 25 17
w 25 18
w 25 19
w 26 1
w 26 2
w 26 3
w 26 4
w 26 5
w 26 6
w 26 7
w 26 10
w 26 11
w 26 12
w 26 13
w 26 14
w 26 15
w 26 16
w 26 17
w 26 18
w 26 19
w 27 1
w 27 2
w 27 3
w 27 4
w 27 5
w 27 6
w 27 10
w 27 11
w 27 14
w 27 15
w 27 16
w 27 17
w 27 18
w 27 19
w 28 1
w 28 2
w 28 3
w 28 4
w 28 6
w 28 13
w 28 14
w 28 15
w 28 16
w 28 17
w 28 18
w 28 19
w 29 2
w 29 3
w 29 4
w 29 6
w 29 7
w 29 11
w 29 12
w 29 13
w 29 14
w 29 15
w 29 16
w 29 17
w 29 18
w 29 19
w 30 1
w 30 2
w 30 3
w 30 7
w 30 10
w 30 11
w 30 12
w 30 13
w 30 14
w 30 15
w 30 16
w 30 17
w 30 18
w 30 19
w 31 2
w 31 4
w 31 5
w 31 7
w 31 8
w 31 11
w 31 12
w 31 13
w 31 14
w 31 15
w 31 16
w 31 17
w 31 18
w 31 19
w 32 1
w 32 8
w 32 11
w 32 12
w 32 13
w 32 14
w 32 15
w 32 16
w 32 17
w 32 18
w 32 19
w 33 1
w 33 5
w 33 10
w 33 11
w 33 12
w 33 13
w 33 14
w 33 15
w 33 16
w 33 17
w 33 18
w 33 19
w 34 10
w 34 11
w 34 12
w 34 13
w 34 14
w 34 15
w 34 16
w 34 17
w 34 18
w 34 19
p 34 4
p 12 1
p 6 15
p 3 4
p 10 8
p 21 10
p 5 7
p 18 9
p 8 9
p 25 7
p 32 0
p 28 11
p 15 12
p 13 11
p 0 11
t 1400 0
m 0 18
0 34 1
1 34 1
2 34 1
t 1399 0
m 0 17
0 34 2
1 34 2
2 34 2
t 1398 0
m 0 16
0 34 3
1 34 3
2 34 3
t 1397 0
m 0 15
0 34 4
1 34 4
2 34 4
t 1396 0
m 1 15
0 34 5
1 34 5
2 34 5
f 9 6
t 1395 0
m 1 14
0 34 6
1 34 6
2 34 6
t 1394 0
m 1 13
0 34 7
1 34 7
2 34 7
t 1393 0
m 1 12
0 34 8
1 34 8
2 34 8
t 1392 0
m 0 12
0 33 8
1 33 8
2 33 8
t 1391 0
m 0 11
0 33 9
1 33 9
2 33 9
t 1390 6
m 0 12
0 32 9
1 32 9
2 32 9
t 1389 6
m 1 12
0 31 9
1 31 9
2 31 9
t 1388 6
m 1 13
0 30 9
1 30 9
2 30 9
t 1387 6
m 1 14
0 29 9
1 29 9
2 29 9
t 1386 6
m 1 15
0 28 9
1 28 9
2 28 9
t 1385 6
m 0 15
0 27 9
1 27 9
2 27 9
t 1384 6
m 0 16
0 26 9
1 26 9
2 26 9
t 1383 6
m 0 17
0 25 9
1 25 9
2 25 9
t 1382 6
m 1 17
0 24 9
1 24 9
2 24 9
t 1381 6
m 2 17
0 23 9
1 23 9
2 23 9
t 1380 6
m 3 17
0 22 9
1 22 9
2 22 9
t 1379 6
m 3 18
0 21 9
1 21 9
2 21 9
t 1378 6
m 4 18
0 20 9
1 20 9
2 20 9
t 1377 6
m 5 18
0 19 9
1 19 9
2 19 9
t 1376 6
m 5 17
0 18 9
1 19 10
2 19 10
t 1375 6
m 6 17
0 17 9
1 18 10
2 18 10
t 1374 6
m 7 17
0 16 9
1 18 9
2 18 9
t 1373 6
m 7 16
0 15 9
1 17 9
2 17 9
t 1372 6
m 7 15
0 14 9
1 16 9
2 16 9
t 1371 6
m 8 15
0 13 9
1 15 9
2 15 9
t 1370 6
m 9 15
0 12 9
1 14 9
2 14 9
t 1369 6
m 10 15
0 11 9
1 13 9
2 13 9
t 1368 6
m 9 15
0 11 10
1 12 9
2 12 9
t 1367 6
m 8 15
0 11 11
1 11 9
2 11 9
t 1366 6
m 7 15
0 11 12
1 10 9
2 11 10
t 1365 6
m 6 15
0 11 11
1 11 9
2 11 11
t 1364 13
m 7 15
0 11 12
1 11 10
2 11 12
t 1363 13
m 8 15
0 11 13
1 11 11
2 11 13
t 1362 13
m 9 15
0 11 14
1 11 12
2 11 14
t 1361 13
m 9 15
0 10 14
1 12 12
2 11 13
t 1360 13
m 9 15
0 10 15
1 11 12
2 11 14
t 1359 13
m 9 15
0 9 15
1 11 13
2 10 14
t 1358 13
