35
20
m 0 19
0 34 0
1 34 0
2 34 0
w 0 0
w 0 1
w 0 2
w 1 7
w 1 8
w 1 9
w 1 13
w 1 16
w 1 17
w 1 18
w 2 1
w 2 5
w 2 6
w 2 7
w 2 8
w 2 9
w 2 11
w 2 13
w 2 14
w 2 15
w 2 16
w 2 17
w 2 18
w 3 0
w 3 1
w 3 5
w 3 7
w 3 8
w 3 9
w 3 10
w 3 16
w 3 17
w 3 18
w 4 0
w 4 1
w 4 3
w 4 8
w 4 9
w 4 10
w 4 12
w 4 14
w 4 15
w 4 16
w 4 17
w 5 0
w 5 1
w 5 2
w 5 5
w 5 6
w 5 8
w 5 9
w 5 10
w 5 11
w 5 13
w 5 14
w 5 15
w 5 16
w 5 17
w 5 18
w 6 0
w 6 1
w 6 2
w 6 3
w 6 6
w 6 7
w 6 8
w 6 10
w 6 11
w 6 14
w 6 16
w 7 1
w 7 2
w 7 8
w 7 10
w 7 16
w 7 18
w 8 5
w 8 6
w 8 15
w 8 17
w 9 3
w 9 5
w 9 6
w 9 8
w 9 9
w 9 10
w 9 11
w 9 13
w 9 17
w 10 3
w 10 5
w 10 8
w 10 11
w 10 12
w 10 13
w 10 16
w 11 2
w 11 3
w 11 7
w 11 8
w 11 10
w 11 17
w 11 18
w 12 3
w 12 5
w 12 6
w 12 7
w 12 8
w 12 10
w 12 11
w 12 12
w 12 14
w 12 15
w 12 16
w 12 17
w 13 1
w 13 3
w 13 5
w 13 10
w 13 11
w 13 12
w 13 13
w 13 16
w 14 0
w 14 3
w 14 5
w 14 6
w 14 7
w 14 8
w 14 11
w 14 12
w 14 13
w 14 14
w 14 18
w 15 2
w 15 5
w 15 6
w 15 7
w 15 9
w 15 12
w 15 13
w 15 16
w 15 17
w 16 3
w 16 6
w 16 11
w 16 12
w 16 13
w 16 14
w 17 0
w 17 1
w 17 2
w 17 8
w 17 12
w 17 13
w 17 14
w 17 16
w 18 0
w 18 1
w 18 3
w 18 6
w 18 7
w 18 11
w 18 12
w 18 13
w 18 14
w 18 17
w 19 5
w 19 6
w 19 7
w 19 9
w 19 10
w 19 11
w 19 12
w 19 13
w 19 14
w 19 15
w 19 17
w 19 18
w 20 3
w 20 7
w 20 9
w 20 10
w 20 11
w 20 12
w 20 13
w 20 14
w 20 15
w 20 16
w 21 1
w 21 2
w 21 7
w 21 9
w 21 10
w 21 11
w 21 12
w 21 13
w 21 14
w 21 15
w 21 16
w 22 6
w 22 7
w 22 8
w 22 9
w 22 10
w 22 11
w 22 12
w 22 13
w 22 14
w 22 15
w 22 16
w 23 0
w 23 1
w 23 2
w 23 5
w 23 7
w 23 8
w 23 9
w 23 10
w 23 11
w 23 12
w 23 13
w 23 14
w 23 15
w 23 18
w 24 0
w 24 1
w 24 5
w 24 7
w 24 8
w 24 9
w 24 10
w 24 11
w 24 12
w 24 13
w 24 14
w 24 15
w 24 16
w 24 17
w 24 18
w 25 0
w 25 1
w 25 2
w 25 8
w 25 9
w 25 10
w 25 11
w 25 12
w 25 13
w 25 14
w 25 15
w 25 16
w 25 17
w 26 0
w 26 1
w 26 2
w 26 5
w 26 7
w 26 8
w 26 9
w 26 10
w 26 11
w 26 12
w 26 13
w 26 14
w 26 15
w 26 16
w 26 17
w 26 18
w 27 0
w 27 1
w 27 2
w 27 3
w 27 8
w 27 10
w 27 11
w 27 12
w 27 13
w 27 14
w 27 15
w 27 16
w 27 17
w 28 0
w 28 1
w 28 2
w 28 7
w 28 10
w 28 11
w 28 12
w 28 15
w 28 18
w 29 0
w 29 1
w 29 5
w 29 6
w 29 9
w 29 12
w 29 13
w 29 17
w 30 0
w 30 2
w 30 5
w 30 6
w 30 7
w 30 10
w 30 13
w 30 14
w 31 0
w 31 2
w 31 6
w 31 7
w 31 8
w 31 12
w 31 13
w 31 15
w 31 16
w 31 17
w 31 18
w 32 2
w 32 3
w 32 7
w 32 8
w 32 9
w 32 12
w 32 16
w 32 18
w 34 5
w 34 7
w 34 8
w 34 9
w 34 12
w 34 13
w 34 16
w 34 18
w 34 19
p 14 10
p 28 6
p 17 18
p 25 4
p 22 1
p 12 9
p 31 19
p 9 1
p 33 7
p 10 17
p 6 4
p 20 0
p 7 15
p 34 14
p 3 11
p 30 1
p 0 3
p 1 4
p 16 5
t 1400 0
m 0 18
0 33 0
1 33 0
2 33 0
f 9 2
t 1399 0
m 0 17
0 33 1
1 33 1
2 33 1
t 1398 0
m 0 16
0 33 2
1 33 2
2 33 2
t 1397 0
m 0 15
0 33 3
1 33 3
2 33 3
t 1396 0
m 0 14
0 33 4
1 33 4
2 33 4
t 1395 0
m 0 13
0 32 4
1 32 4
2 32 4
t 1394 0
m 0 12
0 31 4
1 31 4
2 31 4
t 1393 0
m 1 12
0 30 4
1 30 4
2 30 4
t 1392 0
m 2 12
0 29 4
1 29 4
2 29 4
t 1391 0
m 3 12
0 28 4
1 28 4
2 28 4
t 1390 0
m 3 11
0 27 4
1 27 4
2 27 4
t 1389 5
m 3 12
0 26 4
1 26 4
2 26 4
t 1388 5
m 2 12
0 25 4
1 25 4
2 25 4
t 1387 5
m 1 12
0 24 4
1 24 4
2 24 4
t 1386 5
m 1 11
0 23 4
1 23 4
2 23 4
t 1385 5
m 1 10
0 22 4
1 22 4
2 22 4
t 1384 5
m 0 10
0 21 4
1 21 4
2 21 4
t 1383 5
m 0 9
0 20 4
1 20 4
2 20 4
t 1382 5
m 0 8
0 19 4
1 19 4
2 19 4
t 1381 5
m 0 7
0 18 4
1 18 4
2 18 4
t 1380 5
m 0 6
0 17 4
1 17 4
2 17 4
t 1379 5
m 0 5
0 16 4
1 16 4
2 16 4
t 1378 5
m 0 4
0 15 4
1 15 4
2 15 4
t 1377 5
m 1 4
0 14 4
1 14 4
2 14 4
t 1376 10
m 0 4
0 13 4
1 13 4
2 13 4
t 1375 10
m 0 3
0 12 4
1 12 4
2 12 4
t 1374 15
m 1 3
0 11 4
1 11 4
2 11 4
t 1373 15
m 2 3
0 10 4
1 10 4
2 10 4
t 1372 15
m 3 3
0 9 4
1 9 4
2 9 4
t 1371 15
m 3 4
0 8 4
1 8 4
2 8 4
t 1370 15
m 4 4
0 9 4
1 7 4
2 7 4
t 1369 15
m 5 4
0 8 4
1 6 4
2 6 4
t 1368 15
m 6 4
0 9 4
1 5 4
2 5 4
t 1367 15
