35
20
m 0 19
0 34 0
1 34 0
2 34 0
w 0 0
w 0 1
w 0 4
w 0 5
w 0 7
w 0 8
w 0 11
w 0 12
w 0 15
w 0 16
w 0 18
w 1 0
w 1 1
w 2 0
w 2 4
w 2 10
w 2 13
w 2 16
w 2 18
w 3 1
w 3 3
w 3 4
w 3 5
w 3 6
w 3 7
w 3 9
w 3 10
w 3 13
w 3 14
w 3 15
w 3 18
w 4 1
w 4 3
w 4 4
w 4 5
w 4 9
w 4 10
w 4 12
w 4 13
w 4 14
w 4 15
w 4 16
w 4 18
w 5 3
w 5 5
w 5 6
w 5 10
w 5 11
w 5 13
w 5 14
w 5 16
w 6 1
w 6 10
w 6 14
w 6 17
w 7 3
w 7 6
w 7 7
w 7 8
w 7 9
w 7 12
w 7 14
w 7 17
w 7 18
w 8 0
w 8 1
w 8 5
w 8 6
w 8 7
w 8 10
w 9 0
w 9 1
w 9 3
w 9 6
w 9 11
w 9 13
w 9 15
w 9 17
w 9 18
w 10 0
w 10 1
w 10 3
w 10 4
w 10 6
w 10 7
w 10 8
w 10 9
w 10 11
w 10 13
w 10 14
w 10 18
w 11 0
w 11 1
w 11 4
w 11 5
w 11 11
w 11 12
w 11 13
w 11 14
w 11 15
w 11 16
w 12 0
w 12 4
w 12 5
w 12 6
w 12 9
w 12 10
w 12 12
w 12 13
w 12 14
w 12 15
w 12 16
w 12 17
w 13 5
w 13 6
w 13 7
w 13 12
w 13 13
w 13 14
w 13 15
w 13 16
w 14 0
w 14 1
w 14 4
w 14 5
w 14 6
w 14 7
w 14 8
w 14 12
w 14 13
w 14 14
w 14 15
w 14 16
w 14 17
w 15 1
w 15 5
w 15 10
w 15 13
w 15 14
w 15 15
w 15 16
w 15 17
w 15 18
w 16 3
w 16 5
w 16 6
w 16 8
w 16 9
w 16 14
w 16 15
w 16 16
w 16 17
w 16 18
w 17 5
w 17 6
w 17 7
w 17 8
w 17 9
w 17 10
w 17 11
w 17 14
w 17 15
w 18 1
w 18 5
w 18 6
w 18 7
w 18 8
w 18 9
w 18 10
w 18 11
w 18 12
w 18 16
w 19 4
w 19 5
w 19 6
w 19 7
w 19 8
w 19 9
w 19 10
w 19 15
w 19 16
w 19 17
w 19 18
w 20 0
w 20 1
w 20 3
w 20 4
w 20 5
w 20 6
w 20 7
w 20 8
w 20 9
w 20 10
w 20 11
w 20 12
w 20 14
w 20 17
w 20 18
w 21 0
w 21 1
w 21 4
w 21 5
w 21 6
w 21 7
w 21 8
w 21 9
w 21 10
w 21 11
w 21 16
w 21 17
w 21 18
w 22 0
w 22 4
w 22 5
w 22 6
w 22 7
w 22 8
w 22 9
w 22 10
w 22 11
w 22 14
w 22 17
w 22 18
w 23 5
w 23 6
w 23 7
w 23 8
w 23 9
w 23 10
w 23 11
w 23 13
w 23 15
w 23 18
w 24 1
w 24 5
w 24 6
w 24 7
w 24 8
w 24 9
w 24 10
w 24 11
w 24 16
w 24 18
w 25 0
w 25 6
w 25 7
w 25 8
w 25 9
w 25 10
w 25 11
w 25 14
w 26 1
w 26 3
w 26 6
w 26 7
w 26 8
w 26 9
w 26 10
w 26 11
w 26 12
w 26 16
w 26 18
w 27 3
w 27 4
w 27 5
w 27 6
w 27 7
w 27 8
w 27 9
w 27 10
w 27 11
w 27 18
w 28 3
w 28 4
w 28 5
w 28 6
w 28 7
w 28 8
w 28 9
w 28 10
w 28 11
w 28 12
w 28 13
w 28 16
w 28 17
w 29 3
w 29 4
w 29 5
w 29 6
w 29 7
w 29 8
w 29 9
w 29 10
w 29 11
w 29 12
w 29 13
w 29 14
w 29 15
w 29 16
w 29 17
w 30 0
w 30 1
w 30 3
w 30 4
w 30 5
w 30 6
w 30 7
w 30 8
w 30 9
w 30 10
w 30 13
w 30 14
w 30 16
w 30 17
w 30 18
w 31 0
w 31 3
w 31 4
w 31 5
w 31 6
w 31 7
w 31 8
w 31 9
w 31 10
w 31 11
w 31 13
w 31 17
w 32 0
w 32 1
w 32 3
w 32 4
w 32 5
w 32 6
w 32 7
w 32 8
w 32 9
w 32 10
w 32 16
w 33 0
w 33 1
w 33 3
w 33 4
w 33 5
w 33 7
w 33 8
w 33 9
w 33 12
w 33 16
p 16 7
p 18 4
p 23 4
p 6 15
p 10 2
p 34 10
p 1 14
p 5 7
p 3 0
p 12 3
p 25 5
p 0 2
p 27 12
p 14 9
p 20 19
p 32 19
p 30 11
p 8 11
t 1400 0
m 1 19
0 34 1
1 34 1
2 34 1
t 1399 0
m 1 18
0 34 2
1 34 2
2 34 2
t 1398 0
m 1 17
0 33 2
1 33 2
2 33 2
f 13 1
t 1397 0
m 1 16
0 32 2
1 32 2
2 32 2
t 1396 0
m 1 15
0 31 2
1 31 2
2 31 2
t 1395 0
m 1 14
0 30 2
1 30 2
2 30 2
t 1394 5
m 1 13
0 29 2
1 29 2
2 29 2
t 1393 5
m 1 12
0 28 2
1 28 2
2 28 2
t 1392 5
m 1 11
0 27 2
1 27 2
2 27 2
t 1391 5
m 1 10
0 26 2
1 26 2
2 28 2
t 1390 5
m 1 9
0 25 2
1 25 2
2 27 2
t 1389 5
m 1 8
0 24 2
1 24 2
2 26 2
t 1388 5
m 1 7
0 23 2
1 23 2
2 25 2
t 1387 5
m 1 6
0 22 2
1 22 2
2 24 2
t 1386 5
m 1 5
0 21 2
1 21 2
2 23 2
t 1385 5
m 1 4
0 20 2
1 20 2
2 22 2
t 1384 5
m 1 3
0 19 2
1 19 2
2 22 3
t 1383 5
m 0 3
0 18 2
1 18 2
2 21 3
t 1382 5
m 0 2
0 17 2
1 17 2
2 21 2
t 1381 11
m 1 2
0 16 2
1 16 2
2 20 2
t 1380 11
m 2 2
0 15 2
1 15 2
2 19 2
t 1379 11
m 3 2
0 14 2
1 14 2
2 18 2
t 1378 11
m 4 2
0 15 2
1 13 2
2 17 2
t 1377 11
m 5 2
0 14 2
1 12 2
2 16 2
t 1376 11
m 6 2
0 13 2
1 11 2
2 15 2
t 1375 11
m 7 2
0 14 2
1 10 2
2 14 2
t 1374 11
m 6 2
0 13 2
1 9 2
2 13 2
t 1373 11
m 5 2
0 12 2
1 8 2
2 12 2
t 1372 11
m 5 1
0 11 2
1 8 3
2 11 2
t 1371 11
m 5 0
0 10 2
1 8 2
2 12 2
t 1370 11
m 4 0
0 9 2
1 8 3
2 11 2
t 1369 11
m 3 0
0 8 2
1 8 2
2 10 2
t 1368 16
m 4 0
0 7 2
1 7 2
2 9 2
t 1367 16
m 5 0
0 6 2
1 6 2
2 8 2
t 1366 16
m 5 1
0 5 2
1 5 2
2 7 2
t 1365 16
m 5 1
0 5 1
1 5 1
2 6 2
t 1364 16
