35
20
m 0 19
0 34 0
1 34 0
2 34 0
w 0 0
w 0 1
w 0 2
w 0 3
w 0 4
w 0 5
w 0 6
w 0 7
w 0 9
w 0 14
w 0 18
w 1 0
w 1 1
w 2 0
w 2 4
w 2 6
w 2 7
w 2 8
w 2 9
w 2 11
w 2 12
w 2 14
w 2 15
w 2 16
w 2 19
w 3 0
w 3 1
w 3 7
w 3 8
w 3 9
w 3 10
w 3 11
w 3 12
w 3 14
w 3 16
w 3 19
w 4 0
w 4 1
w 4 3
w 4 4
w 4 5
w 4 6
w 4 7
w 4 8
w 4 9
w 4 10
w 4 11
w 4 12
w 4 16
w 4 19
w 5 5
w 5 6
w 5 7
w 5 8
w 5 9
w 5 10
w 5 11
w 5 12
w 5 13
w 5 15
w 5 16
w 6 3
w 6 4
w 6 5
w 6 6
w 6 7
w 6 8
w 6 9
w 6 10
w 6 11
w 6 12
w 6 13
w 6 16
w 6 17
w 6 19
w 7 3
w 7 5
w 7 6
w 7 7
w 7 8
w 7 9
w 7 10
w 7 11
w 7 12
w 7 13
w 7 14
w 7 15
w 7 16
w 7 17
w 7 19
w 8 0
w 8 1
w 8 5
w 8 6
w 8 7
w 8 8
w 8 9
w 8 10
w 8 11
w 8 12
w 8 13
w 8 14
w 8 16
w 8 17
w 9 3
w 9 5
w 9 6
w 9 7
w 9 8
w 9 9
w 9 10
w 9 11
w 9 13
w 9 14
w 9 16
w 9 17
w 9 19
w 10 3
w 10 4
w 10 5
w 10 6
w 10 7
w 10 8
w 10 9
w 10 10
w 10 11
w 10 17
w 10 19
w 11 0
w 11 1
w 11 5
w 11 6
w 11 7
w 11 8
w 11 9
w 11 15
w 11 17
w 12 6
w 12 7
w 12 8
w 12 9
w 12 10
w 12 11
w 12 12
w 12 13
w 12 16
w 12 17
w 12 19
w 13 0
w 13 1
w 13 4
w 13 5
w 13 6
w 13 7
w 13 8
w 13 9
w 13 10
w 13 13
w 13 16
w 13 19
w 14 0
w 14 1
w 14 4
w 14 5
w 14 6
w 14 7
w 14 9
w 14 10
w 14 12
w 14 15
w 14 16
w 14 17
w 14 19
w 15 0
w 15 1
w 15 3
w 15 4
w 15 5
w 15 6
w 15 9
w 15 10
w 15 12
w 15 15
w 15 19
w 16 1
w 16 3
w 16 4
w 16 5
w 16 6
w 16 7
w 16 14
w 16 15
w 16 16
w 16 19
w 17 1
w 17 3
w 17 4
w 17 5
w 17 6
w 17 8
w 17 9
w 17 10
w 17 12
w 17 13
w 17 14
w 17 15
w 18 1
w 18 3
w 18 4
w 18 10
w 18 15
w 18 16
w 18 17
w 18 19
w 19 12
w 19 13
w 19 14
w 19 15
w 19 16
w 19 17
w 19 19
w 20 0
w 20 1
w 20 3
w 20 4
w 20 8
w 20 9
w 20 11
w 20 12
w 20 13
w 20 14
w 20 15
w 20 16
w 20 17
w 21 0
w 21 3
w 21 4
w 21 6
w 21 7
w 21 8
w 21 9
w 21 10
w 21 11
w 21 12
w 21 13
w 21 14
w 21 15
w 21 16
w 21 17
w 22 3
w 22 4
w 22 6
w 22 7
w 22 8
w 22 9
w 22 10
w 22 11
w 22 12
w 22 13
w 22 14
w 22 15
w 22 16
w 22 17
w 22 19
w 23 4
w 23 5
w 23 6
w 23 7
w 23 8
w 23 9
w 23 10
w 23 11
w 23 12
w 23 13
w 23 14
w 23 15
w 23 16
w 24 1
w 24 3
w 24 4
w 24 6
w 24 7
w 24 8
w 24 9
w 24 10
w 24 11
w 24 12
w 24 13
w 24 14
w 24 15
w 24 16
w 24 17
w 25 0
w 25 6
w 25 7
w 25 8
w 25 9
w 25 10
w 25 11
w 25 12
w 25 13
w 25 14
w 25 15
w 26 0
w 26 3
w 26 5
w 26 6
w 26 7
w 26 8
w 26 9
w 26 10
w 26 11
w 26 12
w 26 13
w 26 14
w 26 15
w 26 16
w 26 19
w 27 0
w 27 1
w 27 5
w 27 6
w 27 7
w 27 8
w 27 9
w 27 10
w 27 11
w 27 12
w 27 13
w 27 14
w 27 15
w 27 16
w 27 19
w 28 0
w 28 1
w 28 3
w 28 6
w 28 7
w 28 8
w 28 9
w 28 10
w 28 11
w 28 12
w 28 13
w 28 14
w 28 15
w 28 17
w 28 19
w 29 0
w 29 1
w 29 5
w 29 6
w 29 7
w 29 8
w 29 9
w 29 10
w 29 11
w 29 12
w 29 13
w 29 14
w 29 15
w 29 17
w 29 19
w 30 0
w 30 1
w 30 3
w 30 6
w 30 7
w 30 8
w 30 9
w 30 10
w 30 11
w 30 12
w 30 13
w 30 15
w 30 19
w 31 0
w 31 1
w 31 3
w 31 4
w 31 5
w 31 6
w 31 7
w 31 8
w 31 9
w 31 11
w 31 13
w 31 16
w 31 19
w 32 0
w 32 4
w 32 5
w 32 6
w 32 7
w 32 8
w 32 9
w 32 15
w 32 16
w 33 0
w 33 1
w 33 4
w 33 5
w 33 7
w 33 10
w 33 15
w 33 16
w 33 19
p 6 2
p 1 14
p 30 16
p 9 15
p 26 18
p 34 9
p 20 6
p 14 3
p 23 18
p 32 19
p 11 18
p 0 8
p 18 11
p 3 15
p 16 11
t 1400 0
m 1 19
0 34 1
1 34 1
2 34 1
t 1399 0
m 1 18
0 34 2
1 34 0
2 34 2
t 1398 0
m 1 17
0 34 3
1 34 1
2 33 2
t 1397 0
m 1 16
0 34 4
1 34 2
2 32 2
t 1396 0
m 1 15
0 34 5
1 33 2
2 31 2
t 1395 0
m 1 14
0 34 6
1 32 2
2 30 2
f 18 18
t 1394 6
m 1 15
0 34 7
1 31 2
2 29 2
t 1393 6
m 1 16
0 34 8
1 30 2
2 28 2
t 1392 6
m 1 17
0 34 9
1 29 2
2 27 2
t 1391 6
m 1 18
0 34 10
1 28 2
2 26 2
t 1390 6
m 2 18
0 34 11
1 27 2
2 25 2
t 1389 6
m 3 18
0 34 12
1 26 2
2 24 2
t 1388 6
m 4 18
0 34 13
1 25 2
2 23 2
t 1387 6
m 5 18
0 34 14
1 24 2
2 22 2
t 1386 6
m 6 18
0 34 15
1 23 2
2 21 2
t 1385 6
m 7 18
0 34 16
1 22 2
2 20 2
t 1384 6
m 8 18
0 34 17
1 21 2
2 19 2
t 1383 6
m 9 18
0 33 17
1 20 2
2 19 3
t 1382 6
m 10 18
0 32 17
1 19 2
2 19 2
t 1381 6
m 11 18
0 31 17
1 18 2
2 18 2
t 1380 13
m 12 18
0 30 17
1 17 2
2 17 2
t 1379 13
m 13 18
0 30 18
1 16 2
2 16 2
t 1378 13
m 14 18
0 29 18
1 15 2
2 15 2
t 1377 13
m 15 18
0 28 18
1 14 2
2 14 2
t 1376 13
m 16 18
0 27 18
1 13 2
2 13 2
t 1375 13
m 17 18
0 26 18
1 12 2
2 12 2
t 1374 13
m 18 18
0 25 18
1 11 2
2 11 2
t 1373 23
m 17 18
0 24 18
1 10 2
2 10 2
t 1372 23
m 16 18
0 23 18
1 9 2
2 9 2
t 1371 23
m 15 18
0 22 18
1 8 2
2 8 2
t 1370 23
m 14 18
0 21 18
1 7 2
2 7 2
t 1369 23
m 13 18
0 20 18
1 6 2
2 6 2
t 1368 23
m 12 18
0 19 18
1 5 2
2 5 2
t 1367 23
m 11 18
0 18 18
1 4 2
2 4 2
t 1366 23
m 10 18
0 17 18
1 3 2
2 3 2
t 1365 23
m 9 18
0 16 18
1 3 3
2 3 3
t 1364 23
m 8 18
0 15 18
1 3 4
2 3 4
t 1363 23
m 7 18
0 14 18
1 3 5
2 3 5
t 1362 23
m 6 18
0 13 18
1 2 5
2 2 5
t 1361 23
m 5 18
0 12 18
1 1 5
2 1 5
t 1360 23
m 4 18
0 11 18
1 1 6
2 1 6
t 1359 23
m 3 18
0 10 18
1 1 5
2 1 7
t 1358 23
m 3 17
0 9 18
1 1 6
2 1 8
f 3 2
t 1357 23
m 2 17
0 8 18
1 1 7
2 1 9
t 1356 23
m 1 17
0 7 18
1 1 8
2 1 10
t 1355 23
m 1 16
0 6 18
1 1 9
2 1 11
t 1354 23
m 1 15
0 7 18
1 1 10
2 1 12
t 1353 23
m 1 14
0 6 18
1 1 11
2 1 13
t 1352 23
m 1 14
0 5 18
1 1 12
2 1 14
t 1351 23
