35
20
m 0 19
0 34 0
1 34 0
2 34 0
w 0 1
w 0 3
w 0 7
w 0 8
w 0 12
w 0 13
w 0 18
w 1 3
w 1 4
w 2 0
w 2 2
w 2 3
w 2 4
w 2 6
w 2 9
w 2 10
w 2 11
w 2 13
w 2 14
w 2 16
w 2 17
w 3 3
w 3 4
w 3 6
w 3 8
w 3 9
w 3 10
w 3 11
w 3 12
w 3 15
w 3 16
w 4 2
w 4 3
w 4 4
w 4 7
w 4 17
w 4 18
w 5 0
w 5 4
w 5 7
w 5 8
w 5 9
w 5 11
w 5 12
w 5 13
w 5 16
w 5 17
w 5 18
w 6 0
w 6 1
w 6 2
w 6 6
w 6 8
w 6 9
w 6 11
w 6 12
w 6 18
w 7 0
w 7 1
w 7 2
w 7 4
w 7 9
w 7 12
w 7 14
w 7 16
w 8 0
w 8 1
w 8 2
w 8 6
w 8 7
w 8 9
w 8 10
w 8 11
w 9 1
w 9 4
w 9 7
w 9 8
w 9 9
w 9 10
w 9 11
w 9 12
w 9 13
w 9 14
w 9 15
w 9 18
w 10 2
w 10 4
w 10 7
w 10 9
w 10 10
w 10 11
w 10 12
w 10 13
w 10 14
w 10 15
w 10 16
w 10 18
w 11 0
w 11 10
w 11 11
w 11 12
w 11 13
w 11 14
w 11 15
w 11 16
w 11 17
w 11 18
w 12 0
w 12 1
w 12 2
w 12 3
w 12 8
w 12 9
w 12 10
w 12 11
w 12 12
w 12 13
w 12 14
w 12 15
w 12 16
w 12 17
w 12 18
w 13 0
w 13 1
w 13 2
w 13 3
w 13 4
w 13 6
w 13 9
w 13 10
w 13 11
w 13 12
w 13 13
w 13 14
w 13 15
w 13 16
w 13 17
w 14 0
w 14 1
w 14 2
w 14 3
w 14 8
w 14 9
w 14 10
w 14 11
w 14 12
w 14 13
w 14 14
w 14 15
w 14 16
w 14 17
w 14 18
w 15 0
w 15 1
w 15 2
w 15 4
w 15 9
w 15 10
w 15 11
w 15 13
w 15 14
w 15 15
w 15 16
w 15 17
w 15 18
w 16 0
w 16 1
w 16 2
w 16 6
w 16 7
w 16 13
w 16 14
w 16 15
w 16 16
w 16 17
w 17 0
w 17 1
w 17 2
w 17 3
w 17 4
w 17 6
w 17 7
w 17 9
w 17 13
w 17 14
w 17 15
w 17 16
w 18 0
w 18 1
w 18 2
w 18 6
w 18 7
w 18 8
w 18 12
w 18 14
w 18 15
w 18 16
w 18 17
w 18 18
w 19 0
w 19 1
w 19 2
w 19 3
w 19 6
w 19 8
w 19 14
w 19 15
w 19 16
w 19 17
w 20 0
w 20 1
w 20 2
w 20 10
w 20 12
w 20 14
w 20 15
w 20 16
w 20 17
w 20 18
w 21 0
w 21 1
w 21 2
w 21 4
w 21 6
w 21 8
w 21 10
w 21 13
w 21 14
w 21 15
w 21 16
w 22 0
w 22 1
w 22 2
w 22 4
w 22 6
w 22 8
w 22 9
w 22 10
w 22 11
w 22 13
w 22 14
w 22 15
w 22 16
w 23 0
w 23 1
w 23 4
w 23 7
w 23 8
w 23 13
w 23 14
w 23 15
w 23 16
w 23 18
w 24 0
w 24 1
w 24 2
w 24 3
w 24 4
w 24 6
w 24 7
w 24 8
w 24 9
w 24 10
w 24 11
w 24 12
w 24 13
w 24 14
w 24 15
w 24 17
w 25 0
w 25 1
w 25 2
w 25 3
w 25 4
w 25 6
w 25 7
w 25 8
w 25 12
w 25 13
w 25 18
w 26 0
w 26 1
w 26 2
w 26 3
w 26 4
w 26 8
w 26 10
w 26 12
w 26 13
w 26 14
w 27 0
w 27 1
w 27 2
w 27 3
w 27 6
w 27 10
w 27 12
w 27 13
w 27 17
w 28 0
w 28 1
w 28 2
w 28 4
w 28 6
w 28 7
w 28 8
w 28 9
w 28 10
w 28 13
w 28 14
w 28 15
w 29 0
w 29 1
w 29 2
w 29 7
w 29 8
w 29 9
w 29 10
w 29 11
w 29 13
w 29 14
w 29 15
w 29 18
w 30 0
w 30 1
w 30 3
w 30 4
w 30 6
w 30 8
w 30 9
w 30 10
w 30 11
w 30 12
w 30 13
w 30 15
w 30 17
w 31 1
w 31 6
w 31 8
w 31 9
w 31 10
w 31 11
w 31 12
w 31 15
w 31 16
w 31 17
w 31 18
w 32 2
w 32 4
w 32 8
w 32 9
w 32 10
w 32 11
w 32 15
w 33 0
w 33 2
w 33 3
w 33 4
w 33 6
w 33 7
w 33 9
w 33 10
w 33 11
w 33 13
w 33 14
w 33 15
w 33 17
p 4 16
p 8 14
p 19 4
p 0 0
p 32 14
p 21 3
p 10 17
p 28 3
p 30 16
p 6 17
p 23 9
p 34 9
p 26 6
p 1 10
p 13 18
p 3 2
p 16 11
t 1400 0
m 1 19
0 34 1
1 34 1
2 34 1
t 1399 0
m 1 18
0 34 2
1 34 0
2 34 2
f 0 4
t 1398 0
m 1 17
0 34 3
1 34 1
2 34 3
t 1397 0
m 1 16
0 34 4
1 34 2
2 34 4
t 1396 0
m 1 15
0 34 5
1 34 3
2 34 5
t 1395 0
m 1 14
0 34 6
1 34 4
2 33 5
t 1394 0
m 1 13
0 34 7
1 34 5
2 32 5
t 1393 0
m 1 12
0 34 8
1 33 5
2 31 5
t 1392 0
m 1 11
0 34 9
1 32 5
2 30 5
t 1391 0
m 1 10
0 34 8
1 31 5
2 29 5
t 1390 5
m 1 9
0 34 7
1 30 5
2 28 5
t 1389 5
m 1 8
0 34 6
1 29 5
2 27 5
t 1388 5
m 1 7
0 34 5
1 28 5
2 26 5
t 1387 5
m 1 6
0 33 5
1 27 5
2 25 5
t 1386 5
m 0 6
0 32 5
1 26 5
2 24 5
t 1385 5
m 0 5
0 31 5
1 25 5
2 23 5
t 1384 5
m 0 4
0 30 5
1 24 5
2 22 5
t 1383 15
m 0 5
0 29 5
1 25 5
2 21 5
t 1382 15
m 1 5
0 28 5
1 24 5
2 20 5
t 1381 15
m 2 5
0 27 5
1 23 5
2 19 5
t 1380 15
m 3 5
0 26 5
1 22 5
2 18 5
f 11 19
t 1379 15
m 4 5
0 25 5
1 21 5
2 17 5
t 1378 15
m 5 5
0 24 5
1 20 5
2 16 5
t 1377 15
m 6 5
0 23 5
1 19 5
2 15 5
t 1376 15
m 6 4
0 22 5
1 18 5
2 14 5
t 1375 15
m 6 3
0 21 5
1 17 5
2 13 5
t 1374 15
m 5 3
0 20 5
1 16 5
2 12 5
t 1373 15
m 5 2
0 19 5
1 15 5
2 13 5
t 1372 15
m 5 1
0 19 4
1 14 5
2 12 5
t 1371 15
m 4 1
0 18 4
1 13 5
2 11 5
t 1370 15
m 3 1
0 18 5
1 12 5
2 11 6
t 1369 15
m 3 2
0 17 5
1 11 5
2 10 6
t 1368 21
m 3 1
0 16 5
1 10 5
2 9 6
t 1367 21
m 2 1
0 15 5
1 9 5
2 9 5
t 1366 21
m 1 1
0 14 5
1 8 5
2 8 5
t 1365 21
m 1 0
0 13 5
1 8 4
2 7 5
t 1364 21
m 0 0
0 12 5
1 8 3
2 6 5
t 1363 27
m 0 0
0 11 5
1 7 3
2 6 4
t 1362 27
m 0 0
0 10 5
1 6 3
2 6 3
t 1361 27
m 0 0
0 9 5
1 5 3
2 5 3
t 1360 27
m 0 0
0 8 5
1 5 2
2 5 2
t 1359 27
m 0 0
0 7 5
1 5 1
2 5 1
t 1358 27
m 0 0
0 6 5
1 5 2
2 4 1
t 1357 27
m 0 0
0 6 4
1 5 1
2 3 1
t 1356 27
m 0 0
0 6 3
1 4 1
2 2 1
t 1355 27
m 0 0
0 5 3
1 3 1
2 1 1
t 1354 27
m 0 0
0 5 2
1 2 1
2 1 0
t 1353 27
m 0 0
0 5 1
1 1 1
2 0 0
t 1352 27
