35
20
m 0 19
0 34 0
1 34 0
2 34 0
w 0 2
w 0 3
w 0 4
w 0 5
w 0 6
w 0 7
w 0 8
w 0 9
w 0 10
w 0 11
w 0 12
w 0 13
w 0 14
w 0 15
w 1 3
w 1 4
w 1 6
w 1 7
w 1 8
w 1 9
w 1 10
w 1 11
w 1 12
w 1 14
w 1 17
w 1 19
w 2 1
w 2 4
w 2 6
w 2 7
w 2 8
w 2 10
w 2 12
w 2 16
w 2 17
w 2 18
w 2 19
w 3 0
w 3 1
w 3 4
w 3 8
w 3 13
w 3 17
w 3 18
w 3 19
w 4 0
w 4 4
w 4 7
w 4 8
w 4 9
w 4 10
w 4 11
w 4 14
w 4 15
w 4 18
w 4 19
w 5 0
w 5 1
w 5 2
w 5 6
w 5 7
w 5 9
w 5 10
w 5 11
w 5 12
w 5 19
w 6 0
w 6 5
w 6 9
w 6 10
w 6 12
w 6 13
w 6 15
w 6 16
w 6 17
w 7 4
w 7 10
w 7 13
w 7 14
w 7 15
w 7 17
w 7 18
w 8 0
w 8 1
w 8 3
w 8 12
w 8 13
w 8 14
w 9 3
w 9 5
w 9 6
w 9 8
w 9 11
w 9 12
w 9 13
w 9 14
w 9 16
w 9 17
w 9 18
w 10 0
w 10 9
w 10 12
w 10 13
w 10 14
w 10 19
w 11 2
w 11 3
w 11 4
w 11 5
w 11 6
w 11 7
w 11 11
w 11 13
w 11 14
w 11 15
w 11 17
w 11 18
w 11 19
w 12 0
w 12 2
w 12 3
w 12 4
w 12 5
w 12 6
w 12 10
w 12 11
w 12 14
w 12 15
w 13 0
w 13 2
w 13 3
w 13 4
w 13 5
w 13 8
w 13 11
w 13 12
w 13 15
w 13 17
w 13 18
w 13 19
w 14 3
w 14 8
w 14 9
w 14 12
w 14 15
w 14 17
w 14 18
w 14 19
w 15 0
w 15 2
w 15 3
w 15 4
w 15 7
w 15 8
w 15 10
w 15 11
w 15 12
w 15 15
w 15 18
w 15 19
w 16 0
w 16 18
w 16 19
w 17 3
w 17 4
w 17 8
w 17 10
w 17 11
w 17 13
w 17 14
w 17 16
w 17 19
w 18 0
w 18 4
w 18 6
w 18 7
w 18 10
w 18 11
w 18 13
w 18 15
w 18 18
w 18 19
w 19 0
w 19 1
w 19 4
w 19 7
w 19 8
w 19 9
w 19 10
w 19 11
w 20 3
w 20 5
w 20 7
w 20 10
w 20 12
w 20 15
w 20 16
w 21 0
w 21 3
w 21 5
w 21 6
w 21 7
w 21 8
w 21 14
w 21 15
w 21 16
w 21 18
w 22 0
w 22 1
w 22 6
w 22 9
w 22 10
w 22 15
w 22 16
w 22 18
w 23 5
w 23 6
w 23 7
w 23 12
w 23 13
w 23 15
w 23 16
w 23 18
w 24 0
w 24 4
w 24 5
w 24 6
w 24 7
w 24 9
w 24 10
w 24 11
w 24 12
w 24 13
w 24 14
w 24 18
w 25 0
w 25 1
w 25 6
w 25 7
w 25 8
w 25 9
w 25 10
w 25 11
w 25 12
w 25 13
w 25 14
w 25 15
w 25 16
w 25 18
w 26 1
w 26 3
w 26 4
w 26 7
w 26 8
w 26 9
w 26 10
w 26 11
w 26 12
w 26 13
w 26 14
w 26 18
w 26 19
w 27 1
w 27 3
w 27 4
w 27 5
w 27 7
w 27 8
w 27 9
w 27 10
w 27 11
w 27 12
w 27 13
w 27 15
w 27 16
w 27 19
w 28 3
w 28 6
w 28 7
w 28 8
w 28 9
w 28 10
w 28 12
w 29 3
w 29 6
w 29 7
w 29 8
w 29 15
w 29 16
w 29 18
w 30 1
w 30 6
w 30 7
w 30 10
w 30 12
w 30 13
w 30 14
w 30 15
w 30 19
w 31 3
w 31 6
w 31 7
w 31 16
w 31 19
w 32 4
w 32 6
w 32 8
w 32 10
w 32 13
w 32 15
w 33 0
w 33 1
w 33 3
w 33 4
w 33 5
w 33 6
w 33 8
w 33 9
w 33 10
w 33 12
w 33 13
w 33 16
w 33 18
w 33 19
w 34 18
w 34 19
p 14 1
p 19 6
p 17 6
p 8 6
p 2 14
p 6 11
p 34 6
p 22 13
p 11 16
p 31 0
p 20 18
p 4 13
p 0 0
p 27 14
p 10 1
p 32 7
p 16 2
p 24 15
p 29 5
t 1400 0
m 0 18
0 34 1
1 34 1
2 34 1
t 1399 0
m 0 17
0 34 2
1 34 0
2 34 2
t 1398 0
m 0 16
0 33 2
1 34 1
2 33 2
t 1397 0
m 1 16
0 32 2
1 34 2
2 32 2
t 1396 0
m 1 15
0 31 2
1 33 2
2 31 2
t 1395 0
m 2 15
0 30 2
1 32 2
2 30 2
f 25 5
t 1394 0
m 2 14
0 29 2
1 31 2
2 29 2
t 1393 5
m 3 14
0 28 2
1 30 2
2 28 2
t 1392 5
m 3 15
0 27 2
1 29 2
2 27 2
t 1391 5
m 3 16
0 26 2
1 28 2
2 26 2
t 1390 5
m 4 16
0 25 2
1 27 2
2 25 2
t 1389 5
m 5 16
0 24 2
1 26 2
2 24 2
t 1388 5
m 5 15
0 23 2
1 25 2
2 23 2
t 1387 5
m 5 14
0 22 2
1 24 2
2 22 2
t 1386 5
m 5 13
0 21 2
1 23 2
2 21 2
t 1385 5
m 4 13
0 20 2
1 22 2
2 20 2
t 1384 10
m 5 13
0 19 2
1 21 2
2 19 2
t 1383 10
m 5 14
0 18 2
1 20 2
2 18 2
t 1382 10
m 5 15
0 17 2
1 19 2
2 17 2
t 1381 10
m 5 16
0 16 2
1 18 2
2 16 2
t 1380 10
m 5 17
0 16 3
1 17 2
2 16 3
t 1379 10
m 5 18
0 16 4
1 16 2
2 16 4
t 1378 10
m 6 18
0 16 5
1 16 3
2 16 5
t 1377 10
m 6 19
0 16 6
1 16 4
2 16 6
t 1376 10
m 7 19
0 16 7
1 16 5
2 15 6
t 1375 10
m 8 19
0 16 8
1 16 6
2 16 6
t 1374 10
m 8 18
0 16 9
1 16 7
2 16 7
t 1373 10
m 8 17
0 16 10
1 16 8
2 16 8
t 1372 10
m 8 16
0 16 11
1 16 9
2 16 9
t 1371 10
m 8 15
0 16 12
1 16 8
2 16 10
t 1370 10
m 9 15
0 16 13
1 16 9
2 16 11
t 1369 10
m 10 15
0 16 14
1 16 10
2 16 12
t 1368 10
m 10 16
0 16 15
1 16 11
2 16 13
t 1367 10
m 11 16
0 16 16
1 16 12
2 16 14
t 1366 15
m 12 16
0 15 16
1 16 13
2 16 15
t 1365 15
m 12 16
0 14 16
1 16 14
2 16 16
t 1364 15
m 12 16
0 13 16
1 16 15
2 15 16
t 1363 15
m 12 16
0 12 16
1 16 16
2 14 16
t 1362 15
