35
20
m 0 19
0 34 0
1 34 0
2 34 0
w 0 0
w 0 1
w 0 2
w 0 3
w 0 4
w 0 5
w 0 6
w 0 7
w 0 8
w 0 9
w 0 10
w 0 11
w 0 12
w 0 13
w 0 14
w 0 17
w 0 18
w 1 0
w 1 1
w 1 2
w 1 3
w 1 4
w 1 5
w 1 6
w 1 7
w 1 8
w 1 9
w 1 10
w 1 11
w 1 12
w 1 13
w 1 14
w 1 15
w 1 17
w 2 0
w 2 1
w 2 2
w 2 3
w 2 4
w 2 5
w 2 6
w 2 7
w 2 8
w 2 9
w 2 10
w 2 11
w 2 13
w 2 14
w 2 17
w 3 0
w 3 1
w 3 2
w 3 3
w 3 4
w 3 5
w 3 6
w 3 7
w 3 8
w 3 9
w 3 10
w 3 15
w 3 19
w 4 0
w 4 1
w 4 2
w 4 3
w 4 4
w 4 5
w 4 6
w 4 7
w 4 8
w 4 9
w 4 10
w 4 12
w 4 16
w 5 0
w 5 1
w 5 2
w 5 3
w 5 4
w 5 5
w 5 6
w 5 7
w 5 8
w 5 9
w 5 10
w 5 12
w 5 15
w 5 16
w 6 0
w 6 1
w 6 2
w 6 3
w 6 4
w 6 6
w 6 7
w 6 8
w 6 9
w 6 10
w 6 11
w 6 12
w 6 14
w 6 15
w 6 16
w 7 0
w 7 1
w 7 2
w 7 4
w 7 7
w 7 8
w 7 9
w 7 10
w 7 11
w 8 0
w 8 1
w 8 2
w 8 7
w 8 8
w 8 9
w 8 10
w 8 11
w 8 12
w 8 13
w 8 14
w 8 17
w 8 18
w 9 0
w 9 1
w 9 2
w 9 4
w 9 5
w 9 8
w 9 9
w 9 10
w 9 11
w 9 12
w 9 13
w 9 14
w 9 15
w 9 19
w 10 0
w 10 1
w 10 2
w 10 3
w 10 4
w 10 8
w 10 9
w 10 10
w 10 11
w 10 13
w 10 14
w 10 17
w 10 19
w 11 0
w 11 1
w 11 2
w 11 3
w 11 4
w 11 5
w 11 6
w 11 10
w 11 11
w 11 17
w 12 0
w 12 1
w 12 2
w 12 3
w 12 4
w 12 5
w 12 6
w 12 7
w 12 8
w 12 14
w 12 16
w 13 0
w 13 1
w 13 2
w 13 3
w 13 4
w 13 7
w 13 8
w 13 9
w 13 17
w 14 0
w 14 1
w 14 2
w 14 3
w 14 9
w 14 10
w 14 11
w 14 13
w 14 14
w 14 15
w 14 17
w 14 19
w 15 1
w 15 14
w 15 15
w 15 16
w 15 17
w 15 18
w 15 19
w 16 1
w 16 4
w 16 5
w 16 6
w 16 7
w 16 9
w 16 13
w 16 14
w 16 15
w 16 16
w 16 17
w 16 18
w 16 19
w 17 1
w 17 8
w 17 14
w 17 16
w 17 17
w 17 18
w 17 19
w 18 3
w 18 4
w 18 7
w 18 8
w 18 9
w 18 10
w 18 11
w 18 13
w 18 14
w 18 16
w 18 19
w 19 5
w 19 6
w 19 8
w 19 10
w 19 11
w 19 13
w 19 17
w 19 19
w 20 1
w 20 8
w 20 10
w 20 16
w 21 0
w 21 3
w 21 4
w 21 6
w 21 7
w 21 10
w 21 14
w 21 15
w 21 18
w 22 0
w 22 1
w 22 4
w 22 6
w 22 7
w 22 8
w 22 11
w 22 17
w 22 18
w 22 19
w 23 4
w 23 5
w 23 6
w 23 7
w 23 8
w 23 10
w 23 13
w 23 14
w 23 15
w 23 17
w 23 18
w 23 19
w 24 1
w 24 3
w 24 4
w 24 5
w 24 6
w 24 7
w 24 8
w 24 13
w 24 14
w 24 15
w 24 16
w 24 17
w 24 18
w 24 19
w 25 0
w 25 4
w 25 5
w 25 6
w 25 7
w 25 13
w 25 14
w 25 15
w 25 16
w 25 17
w 25 18
w 25 19
w 26 5
w 26 6
w 26 7
w 26 9
w 26 10
w 26 14
w 26 15
w 26 16
w 26 17
w 26 18
w 26 19
w 27 1
w 27 5
w 27 6
w 27 7
w 27 10
w 27 14
w 27 15
w 27 16
w 27 17
w 27 18
w 27 19
w 28 0
w 28 1
w 28 4
w 28 7
w 28 8
w 28 11
w 28 13
w 28 14
w 28 15
w 28 16
w 28 17
w 28 18
w 28 19
w 29 0
w 29 1
w 29 4
w 29 7
w 29 8
w 29 13
w 29 14
w 29 15
w 29 16
w 29 17
w 29 18
w 29 19
w 30 0
w 30 7
w 30 9
w 30 10
w 30 13
w 30 14
w 30 15
w 30 16
w 30 17
w 30 18
w 30 19
w 31 0
w 31 1
w 31 4
w 31 5
w 31 7
w 31 9
w 31 14
w 31 15
w 31 17
w 31 18
w 31 19
w 32 4
w 32 5
w 32 6
w 32 7
w 32 10
w 33 3
w 33 4
w 33 5
w 33 6
w 33 8
w 33 10
w 33 15
w 34 1
w 34 13
w 34 17
p 23 11
p 14 8
p 28 10
p 12 13
p 32 17
p 21 12
p 34 6
p 4 15
p 0 15
p 10 6
p 20 3
p 26 3
p 31 3
p 16 8
p 18 5
p 7 14
t 1400 0
m 1 19
0 33 0
1 33 0
2 33 0
t 1399 0
m 1 18
0 32 0
1 32 0
2 32 0
t 1398 0
m 2 18
0 32 1
1 32 1
2 32 1
t 1397 0
m 3 18
0 32 2
1 32 2
2 32 2
t 1396 0
m 3 17
0 31 2
1 31 2
2 31 2
t 1395 0
m 3 16
0 30 2
1 30 2
2 30 2
t 1394 0
m 2 16
0 29 2
1 29 2
2 29 2
t 1393 0
m 1 16
0 28 2
1 28 2
2 28 2
t 1392 0
m 0 16
0 27 2
1 27 2
2 27 2
t 1391 0
m 0 15
0 26 2
1 26 2
2 26 2
t 1390 6
m 0 16
0 25 2
1 25 2
2 25 2
t 1389 6
m 1 16
0 24 2
1 24 2
2 24 2
t 1388 6
m 2 16
0 23 2
1 23 2
2 23 2
t 1387 6
m 3 16
0 22 2
1 22 2
2 22 2
t 1386 6
m 3 17
0 21 2
1 21 2
2 21 2
t 1385 6
m 4 17
0 20 2
1 20 2
2 20 2
t 1384 6
m 5 17
0 19 2
1 19 2
2 19 2
t 1383 6
m 6 17
0 18 2
1 18 2
2 18 2
t 1382 6
m 7 17
0 17 2
1 18 1
2 17 2
t 1381 6
m 7 16
0 16 2
1 18 0
2 16 2
t 1380 6
m 7 15
0 15 2
1 19 0
2 15 2
t 1379 6
m 7 14
0 15 3
1 18 0
2 15 3
t 1378 12
m 7 13
0 15 4
1 18 1
2 15 4
t 1377 12
m 6 13
0 14 4
1 18 2
2 14 4
t 1376 12
m 5 13
0 14 5
1 17 2
2 14 5
f 6 18
t 1375 12
m 4 13
0 14 6
1 16 2
2 14 6
t 1374 12
m 4 14
0 14 7
1 15 2
2 14 7
t 1373 12
m 4 15
0 14 8
1 15 3
2 14 8
t 1372 18
m 4 14
0 15 8
1 15 4
2 15 8
t 1371 18
m 5 14
0 15 9
1 14 4
2 15 9
t 1370 18
m 5 13
0 15 10
1 14 5
2 15 10
t 1369 18
m 6 13
0 15 11
1 14 6
2 15 11
t 1368 18
m 7 13
0 15 12
1 14 7
2 15 12
t 1367 18
m 7 14
0 14 12
1 14 8
2 14 12
t 1366 18
m 7 15
0 13 12
1 15 8
2 13 12
t 1365 18
m 7 16
0 12 12
1 15 9
2 12 12
t 1364 18
m 7 17
0 11 12
1 15 10
2 11 12
t 1363 18
m 6 17
0 11 13
1 15 11
2 11 13
t 1362 18
m 6 18
0 11 14
1 15 12
2 11 14
t 1361 28
m 6 17
0 11 15
1 14 12
2 11 15
t 1360 28
m 7 17
0 10 15
1 13 12
2 10 15
t 1359 28
m 7 16
0 10 16
1 12 12
2 10 16
t 1358 28
m 7 16
0 9 16
1 11 12
2 9 16
t 1357 28
m 7 16
0 8 16
1 11 13
2 8 16
t 1356 28
m 7 16
0 7 16
1 11 14
2 7 16
t 1355 28
