35
20
m 0 19
0 34 0
1 34 0
2 34 0
w 0 2
w 0 3
w 0 4
w 0 5
w 0 6
w 0 7
w 0 8
w 0 9
w 0 13
w 0 15
w 0 16
w 0 17
w 1 0
w 1 4
w 1 6
w 1 7
w 1 8
w 1 9
w 1 10
w 1 11
w 1 16
w 1 18
w 2 0
w 2 2
w 2 3
w 2 4
w 2 8
w 2 9
w 2 10
w 2 11
w 2 12
w 2 15
w 2 18
w 3 5
w 3 6
w 3 11
w 3 12
w 3 13
w 3 15
w 3 17
w 3 18
w 4 4
w 4 7
w 4 10
w 4 12
w 4 13
w 4 17
w 5 1
w 5 19
w 6 0
w 6 1
w 6 5
w 6 7
w 6 9
w 6 10
w 6 11
w 6 12
w 6 13
w 6 14
w 6 15
w 6 16
w 7 5
w 7 7
w 7 10
w 7 11
w 7 12
w 7 13
w 7 14
w 7 15
w 7 16
w 7 17
w 7 19
w 8 1
w 8 5
w 8 6
w 8 9
w 8 10
w 8 11
w 8 12
w 8 13
w 8 14
w 8 15
w 8 16
w 8 17
w 9 0
w 9 3
w 9 5
w 9 6
w 9 7
w 9 10
w 9 11
w 9 12
w 9 14
w 9 15
w 9 16
w 10 5
w 10 6
w 10 9
w 10 10
w 10 15
w 10 16
w 10 17
w 10 19
w 11 0
w 11 3
w 11 4
w 11 5
w 11 6
w 11 10
w 11 14
w 12 0
w 12 1
w 12 4
w 12 5
w 12 6
w 12 7
w 12 9
w 12 10
w 12 11
w 12 14
w 12 15
w 12 17
w 13 0
w 13 1
w 13 4
w 13 5
w 13 6
w 13 7
w 13 8
w 13 9
w 13 10
w 13 12
w 13 17
w 13 19
w 14 0
w 14 1
w 14 3
w 14 5
w 14 6
w 14 7
w 14 9
w 14 12
w 14 14
w 14 15
w 14 16
w 14 17
w 15 0
w 15 3
w 15 6
w 15 7
w 15 9
w 15 11
w 15 16
w 15 19
w 16 0
w 16 1
w 16 3
w 16 4
w 16 7
w 16 12
w 16 14
w 16 15
w 16 19
w 17 0
w 17 1
w 17 4
w 17 9
w 17 11
w 17 15
w 18 0
w 18 1
w 18 4
w 18 9
w 18 10
w 18 14
w 18 15
w 18 17
w 19 0
w 19 3
w 19 4
w 19 8
w 19 9
w 19 17
w 20 0
w 20 1
w 20 3
w 20 5
w 20 9
w 20 12
w 20 14
w 20 16
w 20 17
w 20 19
w 21 3
w 21 7
w 21 9
w 21 11
w 21 12
w 21 17
w 21 19
w 22 0
w 22 3
w 22 4
w 22 11
w 22 14
w 22 15
w 22 17
w 22 19
w 23 3
w 23 5
w 23 8
w 23 12
w 23 13
w 23 15
w 23 17
w 23 19
w 24 6
w 24 7
w 24 8
w 24 9
w 24 10
w 24 11
w 24 12
w 24 13
w 24 15
w 24 17
w 25 0
w 25 4
w 25 6
w 25 7
w 25 8
w 25 9
w 25 10
w 25 11
w 25 12
w 25 13
w 25 15
w 25 16
w 25 17
w 25 19
w 26 0
w 26 1
w 26 3
w 26 4
w 26 5
w 26 6
w 26 7
w 26 8
w 26 9
w 26 11
w 26 15
w 26 16
w 26 17
w 26 19
w 27 0
w 27 1
w 27 5
w 27 6
w 27 7
w 27 8
w 27 9
w 27 11
w 27 14
w 27 15
w 27 16
w 27 17
w 27 19
w 28 0
w 28 3
w 28 4
w 28 5
w 28 6
w 28 7
w 28 8
w 28 11
w 28 13
w 28 14
w 28 15
w 28 16
w 28 17
w 29 3
w 29 4
w 29 5
w 29 6
w 29 7
w 29 8
w 29 9
w 29 13
w 29 14
w 29 15
w 29 16
w 29 17
w 29 19
w 30 3
w 30 7
w 30 9
w 30 10
w 30 12
w 30 13
w 30 14
w 30 15
w 30 16
w 31 0
w 31 19
w 32 0
w 32 3
w 32 6
w 32 8
w 32 9
w 32 10
w 32 16
w 32 18
w 32 19
w 33 2
w 33 5
w 33 10
w 33 11
w 33 13
w 33 14
w 33 15
w 33 16
w 33 17
w 33 18
w 33 19
w 34 3
w 34 5
w 34 9
w 34 10
w 34 11
w 34 12
w 34 13
w 34 14
w 34 15
w 34 16
w 34 17
w 34 18
w 34 19
p 22 2
p 20 8
p 29 1
p 31 4
p 4 2
p 5 9
p 9 13
p 32 11
p 2 7
p 15 13
p 13 13
p 26 10
p 18 18
p 34 8
p 23 14
p 17 7
p 0 0
p 11 9
p 7 2
t 1400 0
m 1 19
0 33 0
1 33 0
2 33 0
t 1399 0
m 2 19
0 33 1
1 33 1
2 33 1
t 1398 0
m 3 19
0 32 1
1 32 1
2 32 1
t 1397 0
m 4 19
0 31 1
1 31 1
2 31 1
t 1396 0
m 4 18
0 30 1
1 30 1
2 30 1
t 1395 0
m 5 18
0 29 1
1 29 1
2 29 1
t 1394 0
m 5 17
0 28 1
1 28 1
2 28 1
t 1393 0
m 5 16
0 28 2
1 28 2
2 28 2
f 31 5
t 1392 0
m 5 15
0 27 2
1 27 2
2 27 2
t 1391 0
m 5 14
0 26 2
1 26 2
2 26 2
t 1390 0
m 5 13
0 27 2
1 25 2
2 25 2
t 1389 0
m 5 12
0 26 2
1 24 2
2 24 2
t 1388 0
m 5 11
0 25 2
1 23 2
2 23 2
t 1387 0
m 5 10
0 24 2
1 22 2
2 22 2
t 1386 0
m 5 9
0 23 2
1 21 2
2 21 2
t 1385 5
m 4 9
0 22 2
1 20 2
2 20 2
t 1384 5
m 3 9
0 21 2
1 19 2
2 19 2
t 1383 5
m 3 8
0 20 2
1 18 2
2 18 2
t 1382 5
m 3 7
0 19 2
1 17 2
2 17 2
t 1381 5
m 2 7
0 18 2
1 16 2
2 16 2
t 1380 10
m 3 7
0 17 2
1 17 2
2 15 2
t 1379 10
m 3 8
0 16 2
1 18 2
2 14 2
t 1378 10
m 4 8
0 15 2
1 17 2
2 13 2
t 1377 10
m 5 8
0 14 2
1 16 2
2 12 2
t 1376 10
m 5 7
0 13 2
1 15 2
2 11 2
t 1375 10
m 5 6
0 12 2
1 14 2
2 10 2
t 1374 10
m 5 5
0 11 2
1 13 2
2 9 2
t 1373 10
m 5 4
0 10 2
1 12 2
2 8 2
t 1372 10
m 5 3
0 9 2
1 11 2
2 7 2
t 1371 10
m 4 3
0 8 2
1 10 2
2 6 2
t 1370 10
m 4 2
0 7 2
1 9 2
2 5 2
t 1369 15
m 3 2
0 6 2
1 8 2
2 4 2
t 1368 15
m 3 1
0 5 2
1 9 2
2 3 2
t 1367 15
m 2 1
0 4 2
1 10 2
2 3 1
t 1366 15
m 1 1
0 4 1
1 10 3
2 2 1
t 1365 15
m 0 1
0 3 1
1 10 4
2 1 1
t 1364 15
m 0 0
0 2 1
1 9 4
2 2 1
t 1363 21
m 0 0
0 1 1
1 8 4
2 1 1
t 1362 21
m 0 0
0 2 1
1 7 4
2 0 1
t 1361 21
m 0 0
0 1 1
1 6 4
2 0 0
t 1360 21
