35
20
m 0 19
0 34 0
1 34 0
2 34 0
w 0 1
w 0 2
w 0 7
w 0 9
w 0 10
w 0 11
w 0 12
w 0 17
w 0 18
w 1 4
w 1 10
w 1 15
w 2 0
w 2 2
w 2 3
w 2 4
w 2 7
w 2 9
w 2 10
w 2 14
w 2 15
w 2 17
w 2 18
w 2 19
w 3 1
w 3 2
w 3 3
w 3 4
w 3 7
w 3 8
w 3 11
w 3 12
w 3 15
w 3 17
w 3 18
w 3 19
w 4 1
w 4 2
w 4 7
w 4 9
w 4 11
w 4 12
w 4 13
w 4 14
w 4 18
w 4 19
w 5 2
w 5 4
w 5 5
w 5 11
w 5 16
w 5 17
w 5 18
w 5 19
w 6 0
w 6 3
w 6 5
w 6 7
w 6 9
w 6 10
w 6 14
w 6 17
w 6 18
w 6 19
w 7 12
w 7 13
w 7 15
w 7 16
w 7 17
w 7 18
w 7 19
w 8 0
w 8 9
w 8 15
w 8 16
w 8 17
w 8 18
w 8 19
w 9 5
w 9 6
w 9 9
w 9 13
w 9 14
w 9 15
w 9 16
w 9 17
w 9 18
w 9 19
w 10 5
w 10 6
w 10 7
w 10 11
w 10 15
w 10 16
w 10 17
w 10 18
w 10 19
w 11 1
w 11 5
w 11 6
w 11 7
w 11 11
w 11 13
w 11 14
w 11 15
w 11 16
w 11 17
w 11 18
w 11 19
w 12 3
w 12 4
w 12 5
w 12 9
w 12 10
w 12 13
w 12 14
w 12 15
w 12 16
w 12 17
w 12 18
w 12 19
w 13 1
w 13 3
w 13 4
w 13 5
w 13 6
w 13 7
w 13 9
w 13 10
w 13 11
w 13 12
w 13 13
w 13 14
w 13 15
w 13 16
w 13 17
w 13 18
w 13 19
w 14 0
w 14 4
w 14 5
w 14 6
w 14 7
w 14 10
w 14 11
w 14 12
w 14 13
w 14 14
w 14 15
w 14 16
w 14 17
w 14 18
w 14 19
w 15 0
w 15 1
w 15 6
w 15 9
w 15 10
w 15 11
w 15 12
w 15 13
w 15 14
w 15 15
w 15 16
w 15 17
w 15 18
w 15 19
w 16 0
w 16 1
w 16 3
w 16 5
w 16 7
w 16 10
w 16 11
w 16 12
w 16 13
w 16 14
w 16 15
w 16 16
w 16 17
w 16 18
w 16 19
w 17 0
w 17 1
w 17 4
w 17 10
w 17 11
w 17 12
w 17 13
w 17 14
w 17 15
w 17 16
w 17 17
w 17 18
w 17 19
w 18 0
w 18 3
w 18 9
w 18 10
w 18 11
w 18 12
w 18 13
w 18 14
w 18 15
w 18 16
w 18 17
w 18 18
w 18 19
w 19 0
w 19 1
w 19 4
w 19 5
w 19 9
w 19 10
w 19 11
w 19 12
w 19 13
w 19 14
w 19 15
w 19 16
w 19 17
w 19 18
w 19 19
w 20 0
w 20 1
w 20 4
w 20 5
w 20 6
w 20 7
w 20 9
w 20 10
w 20 11
w 20 12
w 20 13
w 20 14
w 20 15
w 20 16
w 20 17
w 20 18
w 20 19
w 21 0
w 21 1
w 21 3
w 21 4
w 21 5
w 21 9
w 21 10
w 21 11
w 21 12
w 21 13
w 21 14
w 21 15
w 21 16
w 21 17
w 21 18
w 21 19
w 22 0
w 22 1
w 22 4
w 22 5
w 22 7
w 22 10
w 22 11
w 22 12
w 22 13
w 22 14
w 22 15
w 22 16
w 22 17
w 22 18
w 22 19
w 23 0
w 23 1
w 23 4
w 23 9
w 23 10
w 23 11
w 23 12
w 23 13
w 23 14
w 23 15
w 23 16
w 23 17
w 23 18
w 23 19
w 24 1
w 24 3
w 24 5
w 24 6
w 24 7
w 24 9
w 24 10
w 24 11
w 24 12
w 24 13
w 24 14
w 24 15
w 24 16
w 24 17
w 24 18
w 24 19
w 25 3
w 25 5
w 25 9
w 25 10
w 25 11
w 25 12
w 25 13
w 25 14
w 25 15
w 25 16
w 25 17
w 25 18
w 25 19
w 26 1
w 26 5
w 26 9
w 26 10
w 26 11
w 26 12
w 26 13
w 26 14
w 26 15
w 26 16
w 26 17
w 26 18
w 26 19
w 27 1
w 27 6
w 27 7
w 27 9
w 27 10
w 27 11
w 27 14
w 27 15
w 27 16
w 27 17
w 27 18
w 27 19
w 28 3
w 28 4
w 28 5
w 28 6
w 28 7
w 28 9
w 28 10
w 28 11
w 28 15
w 28 16
w 28 17
w 28 18
w 28 19
w 29 0
w 29 10
w 29 12
w 29 16
w 29 17
w 29 18
w 29 19
w 30 0
w 30 1
w 30 4
w 30 7
w 30 14
w 30 15
w 30 17
w 30 18
w 30 19
w 31 3
w 31 4
w 31 5
w 31 6
w 31 7
w 31 12
w 31 17
w 31 18
w 31 19
w 32 1
w 32 9
w 32 10
w 32 11
w 32 15
w 32 16
w 32 17
w 32 18
w 32 19
w 33 0
w 33 1
w 33 4
w 33 5
w 33 6
w 33 13
w 33 16
w 33 17
w 33 18
w 33 19
w 34 4
w 34 5
w 34 6
w 34 7
w 34 10
w 34 11
w 34 12
w 34 13
w 34 14
w 34 15
w 34 16
w 34 17
w 34 18
w 34 19
p 13 8
p 1 12
p 8 14
p 0 0
p 28 0
p 25 2
p 21 6
p 10 13
p 3 13
p 5 10
p 17 6
p 33 12
p 30 2
p 7 5
p 31 15
t 1400 0
m 1 19
0 34 1
1 34 1
2 34 1
t 1399 0
m 1 18
0 34 2
1 34 2
2 34 2
t 1398 0
m 1 17
0 33 2
1 33 2
2 33 2
t 1397 0
m 1 16
0 32 2
1 32 2
2 32 2
t 1396 0
m 0 16
0 31 2
1 31 2
2 31 2
t 1395 0
m 0 15
0 30 2
1 30 2
2 30 2
t 1394 0
m 0 14
0 29 2
1 29 2
2 29 2
t 1393 0
m 0 13
0 28 2
1 28 2
2 28 2
t 1392 0
m 1 13
0 27 2
1 27 2
2 27 2
t 1391 0
m 1 12
0 26 2
1 26 2
2 26 2
f 18 4
t 1390 6
m 1 13
0 25 2
1 25 2
2 25 2
t 1389 6
m 2 13
0 24 2
1 24 2
2 24 2
t 1388 6
m 3 13
0 23 2
1 23 2
2 23 2
t 1387 13
m 2 13
0 22 2
1 22 2
2 22 2
t 1386 13
m 1 13
0 21 2
1 21 2
2 21 2
t 1385 13
m 0 13
0 20 2
1 20 2
2 20 2
t 1384 13
m 0 14
0 19 2
1 19 2
2 19 2
t 1383 13
m 0 15
0 18 2
1 18 2
2 18 2
t 1382 13
m 0 16
0 17 2
1 17 2
2 17 2
t 1381 13
m 1 16
0 16 2
1 16 2
2 16 2
t 1380 13
m 2 16
0 15 2
1 15 2
2 15 2
t 1379 13
m 3 16
0 14 2
1 14 2
2 14 2
t 1378 13
m 4 16
0 13 2
1 13 2
2 13 2
t 1377 13
m 4 15
0 12 2
1 12 2
2 12 2
t 1376 13
m 5 15
0 11 2
1 11 2
2 11 2
t 1375 13
m 5 14
0 10 2
1 10 2
2 10 2
t 1374 13
m 5 13
0 9 2
1 9 2
2 9 2
t 1373 13
m 5 12
0 8 2
1 8 2
2 8 2
t 1372 13
m 6 12
0 7 2
1 7 2
2 7 2
t 1371 13
m 6 11
0 7 3
1 7 3
2 7 3
t 1370 13
m 7 11
0 7 4
1 7 4
2 7 4
t 1369 13
m 7 10
0 7 5
1 7 5
2 7 5
t 1368 13
m 7 9
0 7 6
1 7 6
2 7 6
t 1367 13
m 7 10
0 7 7
1 7 7
2 7 7
t 1366 13
m 8 10
0 7 8
1 7 8
2 7 8
t 1365 13
m 8 11
0 8 8
1 7 9
2 7 9
t 1364 13
m 8 12
0 7 8
1 7 10
2 7 10
t 1363 13
m 8 13
0 7 9
1 7 11
2 7 11
t 1362 13
m 8 14
0 7 8
1 8 11
2 8 11
t 1361 20
m 8 13
0 7 9
1 7 11
2 8 10
t 1360 20
m 8 12
0 7 10
1 8 11
2 8 11
t 1359 20
m 9 12
0 7 9
1 8 12
2 8 12
t 1358 20
m 10 12
0 7 10
1 9 12
2 8 13
t 1357 20
m 10 13
0 8 10
1 10 12
2 8 12
t 1356 26
m 10 13
0 9 10
1 10 13
2 9 12
t 1355 26
