35
20
m 0 19
0 34 0
1 34 0
2 34 0
w 0 0
w 0 1
w 0 2
w 0 3
w 0 4
w 0 5
w 0 6
w 0 7
w 0 9
w 0 11
w 0 12
w 0 13
w 0 16
w 1 0
w 1 1
w 1 2
w 1 3
w 1 4
w 1 5
w 1 6
w 1 7
w 1 12
w 1 13
w 1 14
w 1 18
w 2 0
w 2 1
w 2 2
w 2 3
w 2 4
w 2 5
w 2 6
w 2 9
w 2 11
w 2 19
w 3 0
w 3 1
w 3 2
w 3 3
w 3 4
w 3 5
w 3 6
w 3 7
w 3 9
w 3 11
w 3 15
w 3 18
w 3 19
w 4 0
w 4 1
w 4 2
w 4 3
w 4 4
w 4 5
w 4 6
w 4 7
w 4 10
w 4 11
w 4 14
w 4 16
w 4 17
w 4 18
w 4 19
w 5 0
w 5 1
w 5 2
w 5 3
w 5 4
w 5 5
w 5 6
w 5 7
w 5 8
w 5 16
w 5 17
w 5 18
w 5 19
w 6 0
w 6 1
w 6 2
w 6 3
w 6 4
w 6 5
w 6 6
w 6 7
w 6 8
w 6 9
w 6 10
w 6 11
w 6 14
w 6 15
w 6 16
w 6 17
w 6 18
w 6 19
w 7 0
w 7 1
w 7 2
w 7 3
w 7 4
w 7 5
w 7 6
w 7 7
w 7 8
w 7 9
w 7 10
w 7 11
w 7 13
w 7 14
w 7 15
w 7 16
w 7 17
w 7 18
w 7 19
w 8 0
w 8 1
w 8 2
w 8 3
w 8 4
w 8 5
w 8 6
w 8 7
w 8 8
w 8 9
w 8 10
w 8 11
w 8 14
w 8 15
w 8 16
w 8 19
w 9 0
w 9 1
w 9 2
w 9 3
w 9 4
w 9 5
w 9 6
w 9 7
w 9 8
w 9 9
w 9 18
w 9 19
w 10 0
w 10 1
w 10 2
w 10 3
w 10 4
w 10 5
w 10 6
w 10 7
w 10 8
w 10 9
w 10 10
w 10 11
w 10 12
w 10 13
w 10 18
w 10 19
w 11 0
w 11 1
w 11 2
w 11 3
w 11 4
w 11 5
w 11 6
w 11 8
w 11 9
w 11 10
w 11 14
w 11 16
w 11 17
w 11 18
w 11 19
w 12 0
w 12 2
w 12 3
w 12 4
w 12 9
w 12 10
w 12 11
w 12 13
w 12 16
w 12 17
w 12 18
w 12 19
w 13 19
w 14 1
w 14 2
w 14 4
w 14 9
w 14 18
w 14 19
w 15 1
w 15 2
w 15 3
w 15 4
w 15 5
w 15 6
w 15 7
w 15 9
w 15 10
w 15 11
w 15 12
w 15 16
w 15 18
w 15 19
w 16 5
w 16 11
w 16 13
w 16 16
w 16 17
w 16 18
w 16 19
w 17 3
w 17 4
w 17 10
w 17 18
w 17 19
w 18 1
w 18 3
w 18 4
w 18 5
w 18 6
w 18 7
w 18 10
w 18 11
w 18 12
w 18 13
w 18 16
w 19 3
w 19 5
w 19 6
w 19 7
w 19 9
w 19 10
w 19 11
w 19 12
w 19 13
w 19 16
w 19 17
w 20 1
w 20 5
w 20 6
w 20 7
w 20 9
w 20 10
w 20 11
w 20 12
w 20 13
w 20 14
w 21 2
w 21 3
w 21 4
w 21 5
w 21 6
w 21 9
w 21 10
w 21 11
w 21 12
w 21 13
w 21 17
w 21 19
w 22 5
w 22 6
w 22 7
w 22 9
w 22 10
w 22 11
w 22 12
w 22 13
w 22 14
w 22 16
w 22 17
w 23 2
w 23 3
w 23 4
w 23 5
w 23 6
w 23 7
w 23 8
w 23 9
w 23 10
w 23 11
w 23 12
w 23 13
w 23 16
w 23 17
w 23 18
w 24 4
w 24 5
w 24 6
w 24 7
w 24 9
w 24 11
w 24 12
w 24 18
w 25 1
w 25 7
w 25 13
w 25 14
w 25 16
w 26 1
w 26 2
w 26 3
w 26 4
w 26 7
w 26 11
w 26 12
w 26 16
w 26 17
w 27 1
w 27 2
w 27 3
w 27 4
w 27 5
w 27 6
w 27 7
w 27 8
w 27 13
w 27 18
w 28 1
w 28 2
w 28 3
w 28 4
w 28 5
w 28 6
w 28 8
w 28 9
w 28 11
w 28 12
w 28 13
w 28 14
w 28 19
w 29 9
w 29 12
w 29 14
w 29 16
w 29 18
w 29 19
w 30 1
w 30 3
w 30 4
w 30 6
w 30 7
w 30 8
w 30 9
w 30 16
w 30 19
w 31 1
w 31 2
w 31 3
w 31 4
w 31 5
w 31 6
w 31 9
w 31 10
w 31 11
w 31 12
w 31 14
w 31 16
w 31 19
w 32 1
w 32 2
w 32 3
w 32 5
w 32 6
w 32 7
w 32 9
w 32 12
w 32 13
w 32 17
w 32 18
w 32 19
w 33 1
w 33 3
w 33 5
w 33 6
w 33 7
w 33 9
w 33 12
w 33 16
w 33 17
w 33 18
w 33 19
w 34 16
w 34 17
w 34 18
w 34 19
p 16 7
p 22 2
p 26 5
p 29 17
p 34 5
p 17 16
p 28 0
p 32 4
p 14 10
p 5 13
p 20 0
p 10 16
p 24 15
p 2 15
p 0 8
p 13 5
t 1400 0
m 0 18
0 34 1
1 34 1
2 34 1
t 1399 0
m 0 17
0 34 2
1 34 2
2 34 2
t 1398 0
m 1 17
0 34 3
1 34 3
2 34 3
t 1397 0
m 1 16
0 34 4
1 34 4
2 34 4
t 1396 0
m 1 15
0 34 5
1 34 5
2 34 5
t 1395 0
m 2 15
0 34 6
1 34 6
2 34 6
t 1394 6
m 2 14
0 34 7
1 34 7
2 34 7
t 1393 6
m 2 13
0 34 8
1 34 8
2 34 8
t 1392 6
m 3 13
0 34 9
1 34 9
2 34 9
t 1391 6
m 4 13
0 34 10
1 34 10
2 34 10
t 1390 6
m 5 13
0 34 9
1 33 10
2 34 11
t 1389 12
m 5 12
0 34 10
1 32 10
2 34 12
t 1388 12
m 5 11
0 34 11
1 32 11
2 34 13
t 1387 12
m 5 10
0 34 12
1 33 11
2 33 13
t 1386 12
m 5 9
0 34 13
1 34 11
2 33 14
f 25 4
t 1385 12
m 4 9
0 33 13
1 34 12
2 32 14
t 1384 12
m 4 8
0 33 14
1 34 13
2 32 15
t 1383 12
m 3 8
0 32 14
1 33 13
2 31 15
t 1382 12
m 2 8
0 32 15
1 33 14
2 30 15
t 1381 12
m 1 8
0 31 15
1 32 14
2 30 14
t 1380 12
m 0 8
0 30 15
1 32 15
2 30 13
t 1379 18
m 1 8
0 29 15
1 31 15
2 30 14
t 1378 18
m 2 8
0 28 15
1 30 15
2 30 15
t 1377 18
m 3 8
0 27 15
1 29 15
2 29 15
t 1376 18
m 4 8
0 26 15
1 28 15
2 28 15
t 1375 18
m 4 9
0 25 15
1 27 15
2 27 15
t 1374 18
m 5 9
0 24 15
1 26 15
2 26 15
t 1373 18
m 5 10
0 23 15
1 25 15
2 25 15
t 1372 18
m 5 11
0 22 15
1 24 15
2 24 15
t 1371 18
m 5 12
0 21 15
1 23 15
2 23 15
t 1370 18
m 6 12
0 20 15
1 22 15
2 22 15
t 1369 18
m 7 12
0 19 15
1 21 15
2 21 15
t 1368 18
m 8 12
0 18 15
1 20 15
2 20 15
t 1367 18
m 8 13
0 17 15
1 19 15
2 21 15
t 1366 18
m 9 13
0 16 15
1 18 15
2 22 15
t 1365 18
m 9 14
0 15 15
1 17 15
2 21 15
t 1364 18
m 9 15
0 14 15
1 16 15
2 20 15
t 1363 18
m 9 16
0 13 15
1 15 15
2 19 15
t 1362 18
m 10 16
0 12 15
1 15 14
2 18 15
t 1361 25
m 10 16
0 11 15
1 14 14
2 17 15
t 1360 25
m 10 16
0 12 15
1 13 14
2 16 15
t 1359 25
m 10 16
0 11 15
1 12 14
2 15 15
t 1358 25
m 10 16
0 10 15
1 12 15
2 14 15
t 1357 25
m 10 16
0 10 16
1 11 15
2 13 15
t 1356 25
