35
20
m 0 19
0 34 0
1 34 0
2 34 0
w 1 1
w 1 3
w 1 5
w 1 10
w 1 11
w 1 16
w 1 18
w 2 5
w 2 6
w 2 8
w 2 9
w 2 10
w 2 11
w 2 12
w 2 14
w 2 16
w 2 17
w 2 18
w 3 2
w 3 3
w 3 7
w 3 10
w 3 12
w 3 16
w 3 18
w 4 1
w 4 2
w 4 5
w 4 7
w 4 8
w 4 16
w 5 1
w 5 2
w 5 3
w 5 5
w 5 6
w 5 7
w 5 10
w 5 12
w 5 14
w 5 17
w 5 18
w 6 1
w 6 2
w 6 3
w 6 4
w 6 5
w 6 6
w 6 7
w 6 9
w 6 10
w 6 11
w 6 12
w 6 14
w 6 15
w 6 16
w 6 18
w 7 1
w 7 2
w 7 3
w 7 4
w 7 5
w 7 6
w 7 7
w 7 8
w 7 9
w 7 14
w 7 15
w 7 16
w 8 3
w 8 4
w 8 5
w 8 6
w 8 7
w 8 8
w 8 9
w 8 10
w 8 11
w 8 14
w 8 15
w 8 16
w 8 17
w 8 18
w 9 4
w 9 6
w 9 7
w 9 8
w 9 9
w 9 12
w 9 16
w 10 1
w 10 3
w 10 4
w 10 6
w 10 7
w 10 8
w 10 9
w 10 10
w 10 17
w 11 2
w 11 6
w 11 7
w 11 8
w 11 9
w 11 10
w 11 11
w 11 13
w 11 14
w 11 18
w 12 1
w 12 4
w 12 8
w 12 9
w 12 10
w 12 11
w 12 12
w 12 16
w 12 17
w 13 1
w 13 5
w 13 6
w 13 8
w 13 9
w 13 10
w 13 11
w 13 12
w 13 13
w 13 15
w 13 16
w 13 18
w 14 1
w 14 2
w 14 5
w 14 6
w 14 9
w 14 10
w 14 11
w 14 12
w 14 13
w 14 15
w 14 16
w 14 18
w 15 4
w 15 5
w 15 9
w 15 10
w 15 12
w 15 16
w 15 18
w 16 3
w 16 7
w 16 10
w 16 12
w 16 15
w 17 7
w 17 9
w 17 15
w 17 16
w 17 18
w 18 3
w 18 4
w 18 6
w 18 7
w 18 8
w 18 9
w 18 11
w 18 12
w 18 14
w 18 15
w 18 16
w 18 18
w 19 1
w 19 2
w 19 3
w 19 4
w 19 5
w 19 6
w 19 7
w 19 8
w 19 9
w 19 10
w 19 11
w 19 12
w 19 14
w 19 15
w 20 1
w 20 2
w 20 3
w 20 4
w 20 5
w 20 6
w 20 7
w 20 8
w 20 9
w 20 10
w 20 11
w 20 14
w 20 15
w 20 16
w 20 17
w 21 1
w 21 2
w 21 3
w 21 4
w 21 5
w 21 6
w 21 9
w 21 11
w 21 12
w 21 13
w 21 14
w 21 15
w 21 16
w 21 18
w 22 1
w 22 2
w 22 3
w 22 4
w 22 5
w 22 6
w 22 7
w 22 13
w 22 14
w 22 15
w 22 18
w 23 1
w 23 2
w 23 3
w 23 4
w 23 5
w 23 6
w 23 9
w 23 10
w 23 12
w 23 13
w 23 14
w 23 17
w 23 18
w 24 1
w 24 2
w 24 4
w 24 5
w 24 6
w 24 7
w 24 9
w 24 10
w 24 12
w 24 13
w 24 17
w 24 18
w 25 1
w 25 2
w 25 5
w 25 6
w 25 7
w 25 9
w 25 10
w 25 11
w 25 12
w 25 17
w 26 6
w 26 9
w 26 10
w 26 12
w 26 14
w 27 2
w 27 3
w 27 4
w 27 9
w 27 15
w 27 16
w 27 17
w 27 18
w 28 2
w 28 3
w 28 5
w 28 8
w 28 9
w 28 13
w 28 14
w 28 17
w 28 18
w 29 1
w 29 2
w 29 6
w 29 7
w 29 8
w 29 9
w 29 10
w 29 13
w 29 16
w 29 17
w 30 1
w 30 6
w 30 8
w 30 9
w 30 10
w 30 11
w 30 15
w 30 16
w 30 17
w 30 18
w 31 1
w 31 2
w 31 8
w 31 9
w 31 10
w 31 11
w 31 12
w 31 14
w 31 15
w 31 16
w 31 17
w 31 18
w 32 1
w 32 2
w 32 5
w 32 9
w 32 10
w 32 12
w 32 13
w 32 15
w 32 16
w 32 17
w 32 18
w 34 1
w 34 2
w 34 3
w 34 5
w 34 6
w 34 7
w 34 8
w 34 10
w 34 13
w 34 17
w 34 19
p 31 5
p 34 16
p 12 19
p 23 19
p 9 5
p 27 10
p 6 17
p 4 11
p 1 2
p 26 1
p 18 0
p 2 19
p 0 0
p 11 0
p 33 6
p 15 3
p 16 14
p 29 5
p 21 7
t 1400 0
m 1 19
0 33 0
1 33 0
2 33 0
t 1399 0
m 2 19
0 34 0
1 32 0
2 32 0
t 1398 5
m 3 19
0 33 0
1 31 0
2 31 0
t 1397 5
m 4 19
0 33 1
1 30 0
2 30 0
f 8 2
t 1396 5
m 5 19
0 33 2
1 29 0
2 29 0
t 1395 5
m 6 19
0 33 3
1 28 0
2 28 0
t 1394 5
m 7 19
0 33 4
1 27 0
2 27 0
t 1393 5
m 7 18
0 33 5
1 26 0
2 26 0
t 1392 5
m 7 17
0 33 6
1 25 0
2 25 0
t 1391 5
m 6 17
0 33 7
1 24 0
2 24 0
t 1390 10
m 7 17
0 33 8
1 23 0
2 23 0
t 1389 10
m 7 18
0 33 9
1 22 0
2 24 0
t 1388 10
m 7 19
0 33 10
1 21 0
2 23 0
t 1387 10
m 8 19
0 33 11
1 20 0
2 22 0
t 1386 10
m 9 19
0 33 12
1 19 0
2 21 0
t 1385 10
m 10 19
0 33 13
1 18 0
2 20 0
t 1384 10
m 11 19
0 33 14
1 17 0
2 19 0
t 1383 10
m 12 19
0 33 15
1 16 0
2 18 0
t 1382 15
m 11 19
0 33 16
1 15 0
2 17 0
t 1381 15
m 10 19
0 33 17
1 14 0
2 16 0
t 1380 15
m 9 19
0 33 18
1 13 0
2 15 0
t 1379 15
m 8 19
0 33 19
1 12 0
2 14 0
t 1378 15
m 7 19
0 32 19
1 11 0
2 13 0
t 1377 15
m 6 19
0 31 19
1 10 0
2 12 0
t 1376 15
m 5 19
0 30 19
1 9 0
2 11 0
t 1375 15
m 4 19
0 29 19
1 8 0
2 10 0
t 1374 15
m 3 19
0 28 19
1 7 0
2 9 0
t 1373 15
m 2 19
0 27 19
1 6 0
2 8 0
t 1372 15
m 1 19
0 26 19
1 5 0
2 7 0
t 1371 15
m 0 19
0 25 19
1 4 0
2 6 0
t 1370 15
m 0 18
0 24 19
1 3 0
2 5 0
t 1369 15
m 0 17
0 23 19
1 2 0
2 4 0
t 1368 15
m 0 16
0 22 19
1 2 1
2 3 0
t 1367 15
m 0 15
0 21 19
1 2 2
2 2 0
t 1366 15
m 0 14
0 20 19
1 1 2
2 1 0
t 1365 15
m 0 13
0 19 19
1 0 2
2 0 0
t 1364 15
m 1 13
0 18 19
1 0 3
2 0 1
t 1363 15
m 2 13
0 17 19
1 0 4
2 0 0
t 1362 15
m 3 13
0 16 19
1 0 5
2 0 1
t 1361 15
m 4 13
0 15 19
1 0 6
2 0 2
t 1360 15
m 4 12
0 14 19
1 0 7
2 0 3
t 1359 15
m 4 11
0 13 19
1 0 8
2 0 4
t 1358 21
m 4 12
0 12 19
1 0 9
2 0 5
t 1357 21
m 4 13
0 11 19
1 0 10
2 0 6
t 1356 21
m 5 13
0 10 19
1 0 11
2 0 7
t 1355 21
m 6 13
0 9 19
1 0 12
2 0 8
t 1354 21
m 7 13
0 8 19
1 0 13
2 1 8
t 1353 21
m 8 13
0 7 19
1 1 13
2 1 9
t 1352 21
m 9 13
0 6 19
1 2 13
2 0 9
t 1351 21
m 9 14
0 5 19
1 3 13
2 0 10
t 1350 21
m 10 14
0 4 19
1 4 13
2 0 9
t 1349 21
m 10 15
0 3 19
1 5 13
2 0 8
t 1348 21
m 11 15
0 2 19
1 6 13
2 0 9
t 1347 21
m 12 15
0 1 19
1 7 13
2 0 10
t 1346 21
m 12 14
0 0 19
1 8 13
2 0 11
t 1345 21
m 13 14
0 0 18
1 9 13
2 0 12
t 1344 21
m 14 14
0 0 17
1 9 14
2 0 13
t 1343 21
m 15 14
0 0 16
1 10 14
2 1 13
t 1342 21
m 16 14
0 0 15
1 10 15
2 2 13
t 1341 26
m 16 14
0 1 15
1 11 15
2 3 13
t 1340 26
m 16 14
0 2 15
1 12 15
2 4 13
t 1339 26
m 16 14
0 3 15
1 12 14
2 5 13
t 1338 26
m 16 14
0 3 14
1 13 14
2 6 13
t 1337 26
m 16 14
0 4 14
1 14 14
2 7 13
t 1336 26
m 16 14
0 4 13
1 15 14
2 8 13
t 1335 26
m 16 14
0 5 13
1 16 14
2 9 13
t 1334 26
