35
20
m 0 19
0 34 0
1 34 0
2 34 0
w 1 5
w 1 6
w 1 7
w 1 9
w 1 12
w 1 15
w 1 17
w 2 1
w 2 3
w 2 5
w 2 6
w 2 7
w 2 8
w 2 11
w 2 12
w 2 14
w 2 15
w 2 17
w 3 8
w 3 9
w 3 11
w 3 12
w 3 13
w 3 14
w 3 15
w 3 16
w 4 2
w 4 3
w 4 12
w 4 15
w 4 16
w 4 17
w 5 2
w 5 3
w 5 4
w 5 6
w 5 9
w 5 10
w 5 11
w 5 12
w 5 18
w 6 1
w 6 4
w 6 5
w 6 6
w 6 7
w 6 8
w 6 9
w 6 10
w 6 11
w 6 12
w 6 13
w 6 14
w 6 15
w 7 1
w 7 4
w 7 5
w 7 6
w 7 7
w 7 8
w 7 9
w 7 10
w 7 11
w 7 12
w 7 13
w 7 14
w 8 1
w 8 3
w 8 4
w 8 5
w 8 6
w 8 7
w 8 8
w 8 9
w 8 10
w 8 11
w 8 12
w 8 13
w 8 14
w 8 15
w 8 16
w 8 17
w 9 3
w 9 4
w 9 5
w 9 6
w 9 7
w 9 8
w 9 9
w 9 10
w 9 11
w 9 12
w 9 13
w 9 14
w 9 15
w 9 16
w 9 17
w 9 18
w 10 2
w 10 3
w 10 4
w 10 5
w 10 6
w 10 7
w 10 8
w 10 9
w 10 10
w 10 11
w 10 12
w 10 13
w 10 14
w 10 15
w 10 16
w 10 17
w 10 18
w 11 1
w 11 2
w 11 3
w 11 4
w 11 5
w 11 6
w 11 7
w 11 8
w 11 9
w 11 10
w 11 11
w 11 12
w 11 13
w 11 14
w 11 15
w 11 16
w 11 17
w 11 18
w 12 1
w 12 2
w 12 5
w 12 6
w 12 7
w 12 8
w 12 9
w 12 10
w 12 11
w 12 12
w 12 13
w 12 14
w 12 15
w 12 16
w 12 17
w 13 2
w 13 4
w 13 5
w 13 6
w 13 7
w 13 8
w 13 9
w 13 10
w 13 11
w 13 12
w 13 13
w 13 14
w 13 15
w 13 16
w 13 17
w 14 1
w 14 4
w 14 5
w 14 6
w 14 7
w 14 9
w 14 12
w 14 13
w 14 14
w 14 15
w 14 16
w 14 17
w 14 18
w 15 5
w 15 6
w 15 7
w 15 12
w 15 15
w 15 16
w 16 1
w 16 2
w 16 3
w 16 4
w 16 5
w 16 6
w 16 7
w 16 8
w 16 13
w 16 17
w 17 1
w 17 2
w 17 3
w 17 4
w 17 5
w 17 6
w 17 7
w 17 8
w 17 10
w 17 11
w 17 12
w 18 2
w 18 3
w 18 4
w 18 5
w 18 6
w 18 7
w 18 8
w 18 10
w 18 12
w 18 13
w 18 14
w 18 18
w 19 1
w 19 5
w 19 7
w 19 10
w 19 13
w 19 14
w 19 15
w 19 16
w 19 17
w 20 4
w 20 13
w 20 14
w 20 15
w 20 16
w 20 17
w 20 18
w 21 3
w 21 4
w 21 7
w 21 8
w 21 12
w 21 13
w 21 14
w 21 15
w 21 18
w 22 1
w 22 5
w 22 7
w 22 8
w 22 12
w 22 13
w 22 14
w 22 15
w 23 3
w 23 5
w 23 6
w 23 7
w 23 8
w 23 10
w 23 13
w 23 14
w 23 15
w 23 16
w 23 17
w 24 3
w 24 4
w 24 5
w 24 6
w 24 8
w 24 11
w 24 15
w 24 16
w 24 17
w 24 18
w 25 3
w 25 4
w 25 11
w 25 14
w 25 15
w 25 16
w 25 17
w 26 1
w 26 3
w 26 4
w 26 6
w 26 9
w 26 11
w 26 13
w 26 14
w 26 15
w 26 16
w 26 17
w 27 1
w 27 3
w 27 4
w 27 6
w 27 8
w 27 9
w 27 10
w 27 13
w 27 14
w 27 15
w 27 16
w 27 17
w 27 18
w 28 2
w 28 3
w 28 6
w 28 7
w 28 9
w 28 10
w 28 13
w 28 14
w 28 15
w 28 16
w 28 17
w 29 2
w 29 3
w 29 4
w 29 5
w 29 6
w 29 10
w 29 14
w 29 15
w 29 16
w 29 17
w 29 18
w 30 1
w 30 2
w 30 3
w 30 4
w 30 5
w 30 6
w 30 7
w 30 8
w 30 10
w 30 11
w 30 15
w 30 17
w 30 18
w 31 2
w 31 3
w 31 4
w 31 5
w 31 11
w 31 17
w 32 7
w 32 10
w 32 11
w 32 12
w 32 16
w 32 17
w 33 2
w 33 4
w 33 7
w 33 9
w 33 10
w 33 12
w 33 15
w 33 16
w 33 18
p 22 2
p 28 1
p 25 13
p 9 19
p 0 0
p 4 9
p 30 13
p 1 1
p 14 10
p 24 0
p 2 19
p 20 6
p 34 18
p 18 15
p 6 3
p 33 14
p 16 11
p 32 2
t 1400 0
m 1 19
0 33 0
1 33 0
2 33 0
t 1399 0
m 2 19
0 32 0
1 32 0
2 32 0
t 1398 5
m 3 19
0 31 0
1 31 0
2 31 0
t 1397 5
m 4 19
0 30 0
1 30 0
2 30 0
t 1396 5
m 5 19
0 29 0
1 29 0
2 29 0
t 1395 5
m 6 19
0 28 0
1 28 0
2 28 0
t 1394 5
m 7 19
0 27 0
1 27 0
2 27 0
t 1393 5
m 8 19
0 26 0
1 26 0
2 26 0
t 1392 5
m 9 19
0 25 0
1 25 0
2 25 0
t 1391 11
m 10 19
0 24 0
1 24 0
2 24 0
t 1390 11
m 11 19
0 23 0
1 23 0
2 25 0
t 1389 11
m 12 19
0 22 0
1 22 0
2 26 0
t 1388 11
m 13 19
0 21 0
1 21 0
2 27 0
t 1387 11
m 14 19
0 20 0
1 20 0
2 28 0
t 1386 11
m 15 19
0 19 0
1 19 0
2 29 0
t 1385 11
m 15 18
0 18 0
1 18 0
2 30 0
t 1384 11
m 16 18
0 17 0
1 17 0
2 31 0
t 1383 11
m 17 18
0 16 0
1 16 0
2 31 1
t 1382 11
m 17 17
0 15 0
1 15 0
2 32 1
t 1381 11
m 17 16
0 14 0
1 14 0
2 32 2
t 1380 11
m 17 15
0 13 0
1 13 0
2 32 3
t 1379 11
m 18 15
0 12 0
1 12 0
2 32 4
t 1378 16
m 17 15
0 11 0
1 11 0
2 32 5
t 1377 16
m 17 16
0 10 0
1 10 0
2 32 6
t 1376 16
m 17 17
0 9 0
1 9 0
2 31 6
f 18 16
t 1375 16
m 17 18
0 8 0
1 8 0
2 31 7
t 1374 16
m 17 19
0 7 0
1 7 0
2 31 8
t 1373 16
m 18 19
0 6 0
1 6 0
2 32 8
t 1372 16
m 19 19
0 5 0
1 5 0
2 33 8
t 1371 16
m 20 19
0 5 1
1 5 1
2 34 8
t 1370 16
m 21 19
0 4 1
1 4 1
2 34 9
t 1369 16
m 22 19
0 3 1
1 3 1
2 34 10
t 1368 16
m 23 19
0 3 2
1 3 2
2 34 11
t 1367 16
m 22 19
0 3 3
1 3 3
2 34 12
t 1366 16
m 21 19
0 3 4
1 3 4
2 34 13
t 1365 16
m 20 19
0 2 4
1 2 4
2 34 14
t 1364 16
m 19 19
0 1 4
1 1 4
2 34 15
t 1363 16
m 18 19
0 0 4
1 0 4
2 34 16
t 1362 16
m 17 19
0 0 5
1 0 5
2 34 17
t 1361 16
m 17 18
0 0 6
1 0 6
2 34 18
t 1360 16
m 17 17
0 0 7
1 0 7
2 34 19
t 1359 16
m 17 16
0 0 8
1 0 8
2 33 19
t 1358 16
m 18 16
0 0 9
1 0 9
2 32 19
f 18 0
t 1357 26
m 17 16
0 0 10
1 0 10
2 31 19
t 1356 26
m 17 17
0 0 11
1 0 11
2 30 19
t 1355 26
m 17 18
0 0 12
1 0 12
2 29 19
t 1354 26
m 16 18
0 0 13
1 0 13
2 28 19
t 1353 26
m 15 18
0 0 14
1 0 14
2 27 19
t 1352 26
m 15 19
0 0 15
1 0 15
2 26 19
t 1351 26
m 14 19
0 0 16
1 0 16
2 25 19
t 1350 26
m 13 19
0 0 17
1 0 17
2 24 19
t 1349 26
m 12 19
0 0 18
1 0 18
2 23 19
t 1348 26
m 11 19
0 0 19
1 0 19
2 22 19
t 1347 26
m 10 19
0 1 19
1 1 19
2 22 18
t 1346 26
m 11 19
0 2 19
1 2 19
2 22 19
t 1345 26
m 12 19
0 3 19
1 3 19
2 21 19
t 1344 26
m 13 19
0 4 19
1 3 18
2 20 19
t 1343 26
m 14 19
0 5 19
1 3 17
2 19 19
t 1342 26
m 15 19
0 6 19
1 3 18
2 18 19
t 1341 26
m 15 19
0 7 19
1 3 19
2 17 19
t 1340 26
m 14 19
0 8 19
1 4 19
2 16 19
t 1339 26
m 15 19
0 9 19
1 5 19
2 15 19
t 1338 26
