35
20
m 0 19
0 34 0
1 34 0
2 34 0
w 0 0
w 0 1
w 0 2
w 0 3
w 0 4
w 0 5
w 0 6
w 0 7
w 0 8
w 0 13
w 0 14
w 0 15
w 0 16
w 1 0
w 1 1
w 1 2
w 1 3
w 1 4
w 1 5
w 1 6
w 1 7
w 1 8
w 1 18
w 1 19
w 2 0
w 2 1
w 2 2
w 2 3
w 2 4
w 2 5
w 2 6
w 2 7
w 2 8
w 2 9
w 2 11
w 2 12
w 3 0
w 3 1
w 3 2
w 3 3
w 3 4
w 3 5
w 3 6
w 3 7
w 3 10
w 3 11
w 3 12
w 3 14
w 3 17
w 3 19
w 4 0
w 4 1
w 4 2
w 4 3
w 4 4
w 4 5
w 4 9
w 4 10
w 4 14
w 4 15
w 4 19
w 5 0
w 5 1
w 5 2
w 5 3
w 5 4
w 5 14
w 5 15
w 5 16
w 5 17
w 5 18
w 6 0
w 6 1
w 6 2
w 6 3
w 6 4
w 6 6
w 6 9
w 6 10
w 6 11
w 6 13
w 6 14
w 6 15
w 6 16
w 7 0
w 7 1
w 7 2
w 7 3
w 7 7
w 7 8
w 7 10
w 7 11
w 7 12
w 7 13
w 7 14
w 7 17
w 7 19
w 8 0
w 8 1
w 8 2
w 8 3
w 8 4
w 8 5
w 8 10
w 8 11
w 8 19
w 9 0
w 9 1
w 9 2
w 9 3
w 9 4
w 9 5
w 9 6
w 9 8
w 9 10
w 9 11
w 9 12
w 9 18
w 9 19
w 10 0
w 10 1
w 10 4
w 10 5
w 10 6
w 10 9
w 10 11
w 10 12
w 10 14
w 10 15
w 10 16
w 10 18
w 10 19
w 11 0
w 11 1
w 11 9
w 11 15
w 11 16
w 11 17
w 11 18
w 11 19
w 12 0
w 12 1
w 12 2
w 12 4
w 12 5
w 12 12
w 12 14
w 12 15
w 12 16
w 12 17
w 12 18
w 12 19
w 13 0
w 13 1
w 13 2
w 13 16
w 13 17
w 13 19
w 14 0
w 14 1
w 14 2
w 14 4
w 14 6
w 14 7
w 14 9
w 14 10
w 14 14
w 14 16
w 15 0
w 15 1
w 15 2
w 15 6
w 15 7
w 15 11
w 15 12
w 15 13
w 15 16
w 15 18
w 15 19
w 16 1
w 16 2
w 16 4
w 16 6
w 16 7
w 16 9
w 16 10
w 16 18
w 16 19
w 17 5
w 17 6
w 17 7
w 17 8
w 17 9
w 17 10
w 17 11
w 17 17
w 17 18
w 17 19
w 18 1
w 18 2
w 18 4
w 18 5
w 18 6
w 18 7
w 18 8
w 18 9
w 18 11
w 18 12
w 18 17
w 18 18
w 18 19
w 19 1
w 19 4
w 19 5
w 19 6
w 19 7
w 19 8
w 19 9
w 19 11
w 19 12
w 19 13
w 19 14
w 19 16
w 19 17
w 19 18
w 19 19
w 20 5
w 20 6
w 20 7
w 20 11
w 20 12
w 20 13
w 20 14
w 20 16
w 20 17
w 20 18
w 20 19
w 21 4
w 21 9
w 21 10
w 21 12
w 21 13
w 21 14
w 21 16
w 21 17
w 21 18
w 21 19
w 22 1
w 22 2
w 22 5
w 22 7
w 22 12
w 22 13
w 22 14
w 22 16
w 22 19
w 23 0
w 23 1
w 23 2
w 23 4
w 23 5
w 23 8
w 23 14
w 24 0
w 24 1
w 24 2
w 24 6
w 24 12
w 24 16
w 25 0
w 25 1
w 25 2
w 25 7
w 25 9
w 25 11
w 25 14
w 25 17
w 26 0
w 26 1
w 26 2
w 26 17
w 26 18
w 26 19
w 27 0
w 27 1
w 27 4
w 27 6
w 27 12
w 27 15
w 28 0
w 28 1
w 28 2
w 28 4
w 28 6
w 28 8
w 28 10
w 28 15
w 29 1
w 29 2
w 29 4
w 29 9
w 29 10
w 29 11
w 29 13
w 29 14
w 29 15
w 29 19
w 30 5
w 30 6
w 30 8
w 30 12
w 30 13
w 30 15
w 30 17
w 30 18
w 30 19
w 31 1
w 31 2
w 31 5
w 31 10
w 31 16
w 31 17
w 31 18
w 31 19
w 32 1
w 32 2
w 32 4
w 32 5
w 32 7
w 32 8
w 32 14
w 32 15
w 33 4
w 33 5
w 33 8
w 33 9
w 33 10
w 33 11
w 33 17
w 33 18
w 33 19
w 34 1
w 34 3
w 34 4
w 34 8
w 34 13
w 34 15
w 34 16
w 34 17
w 34 18
w 34 19
p 24 8
p 27 8
p 22 15
p 2 17
p 32 11
p 16 0
p 17 16
p 7 16
p 0 9
p 34 6
p 5 7
p 20 10
p 12 6
p 25 18
p 28 18
p 13 18
p 30 11
p 10 2
t 1400 0
m 0 18
0 33 0
1 33 0
2 33 0
t 1399 0
m 0 17
0 32 0
1 32 0
2 32 0
t 1398 0
m 1 17
0 31 0
1 31 0
2 31 0
t 1397 0
m 2 17
0 30 0
1 30 0
2 30 0
t 1396 5
m 2 16
0 30 1
1 30 1
2 30 1
t 1395 5
m 1 16
0 30 2
1 30 2
2 30 2
t 1394 5
m 1 15
0 30 3
1 30 3
2 30 3
t 1393 5
m 1 14
0 29 3
1 29 3
2 29 3
t 1392 5
m 1 13
0 28 3
1 28 3
2 28 3
t 1391 5
m 1 12
0 27 3
1 27 3
2 27 3
t 1390 5
m 0 12
0 26 3
1 26 3
2 26 3
f 8 18
t 1389 5
m 0 11
0 25 3
1 25 3
2 25 3
t 1388 5
m 0 10
0 24 3
1 24 3
2 24 3
t 1387 5
m 0 9
0 23 3
1 23 3
2 23 3
t 1386 11
m 0 10
0 22 3
1 22 3
2 24 3
t 1385 11
m 0 11
0 21 3
1 21 3
2 23 3
t 1384 11
m 0 12
0 20 3
1 20 3
2 22 3
t 1383 11
m 1 12
0 19 3
1 19 3
2 21 3
t 1382 11
m 1 13
0 18 3
1 18 3
2 20 3
t 1381 11
m 2 13
0 17 3
1 17 3
2 19 3
t 1380 11
m 3 13
0 16 3
1 16 3
2 18 3
t 1379 11
m 4 13
0 15 3
1 15 3
2 17 3
t 1378 11
m 5 13
0 15 4
1 14 3
2 16 3
t 1377 11
m 5 12
0 15 5
1 13 3
2 15 3
t 1376 11
m 5 11
0 14 5
1 12 3
2 14 3
t 1375 11
m 5 10
0 13 5
1 11 3
2 13 3
t 1374 11
m 5 9
0 13 6
1 11 4
2 12 3
t 1373 11
m 5 8
0 12 6
1 11 5
2 11 3
t 1372 11
m 5 7
0 13 6
1 11 6
2 11 2
t 1371 16
m 5 6
0 12 6
1 11 7
2 10 2
t 1370 16
m 5 5
0 11 6
1 10 7
2 10 3
t 1369 16
m 6 5
0 11 7
1 9 7
2 11 3
t 1368 16
m 7 5
0 10 7
1 8 7
2 11 4
t 1367 16
m 7 5
0 9 7
1 8 6
2 11 5
t 1366 16
m 7 5
0 8 7
1 7 6
2 11 6
t 1365 16
m 7 5
0 8 6
1 7 5
2 11 7
t 1364 16
