35
20
m 0 19
0 34 0
1 34 0
2 34 0
w 0 0
w 0 1
w 0 2
w 0 3
w 0 4
w 0 5
w 0 6
w 0 7
w 0 8
w 0 9
w 0 10
w 0 11
w 0 12
w 0 13
w 0 14
w 1 0
w 1 1
w 1 2
w 1 3
w 1 4
w 1 5
w 1 6
w 1 7
w 1 8
w 1 9
w 1 10
w 1 11
w 1 12
w 1 13
w 1 14
w 1 16
w 1 18
w 2 0
w 2 1
w 2 2
w 2 3
w 2 4
w 2 5
w 2 6
w 2 7
w 2 8
w 2 9
w 2 10
w 2 11
w 2 12
w 2 13
w 2 14
w 2 16
w 2 17
w 2 18
w 3 0
w 3 1
w 3 2
w 3 3
w 3 4
w 3 5
w 3 6
w 3 7
w 3 8
w 3 9
w 3 10
w 3 11
w 3 12
w 3 17
w 3 18
w 3 19
w 4 0
w 4 1
w 4 2
w 4 3
w 4 4
w 4 5
w 4 6
w 4 7
w 4 8
w 4 9
w 4 10
w 4 11
w 4 12
w 4 13
w 4 14
w 4 17
w 4 18
w 4 19
w 5 0
w 5 1
w 5 2
w 5 3
w 5 4
w 5 5
w 5 6
w 5 7
w 5 8
w 5 9
w 5 10
w 5 11
w 5 12
w 5 13
w 5 14
w 5 15
w 5 17
w 6 0
w 6 1
w 6 2
w 6 3
w 6 4
w 6 5
w 6 6
w 6 7
w 6 8
w 6 9
w 6 10
w 6 11
w 6 12
w 6 13
w 6 14
w 6 18
w 7 0
w 7 1
w 7 2
w 7 3
w 7 4
w 7 5
w 7 6
w 7 7
w 7 8
w 7 9
w 7 10
w 7 11
w 7 12
w 7 15
w 7 18
w 8 0
w 8 1
w 8 2
w 8 3
w 8 4
w 8 5
w 8 6
w 8 7
w 8 8
w 8 10
w 8 11
w 8 12
w 8 13
w 9 0
w 9 1
w 9 5
w 9 6
w 9 7
w 9 12
w 9 14
w 9 15
w 9 16
w 9 18
w 10 0
w 10 1
w 10 5
w 10 6
w 10 7
w 10 12
w 10 18
w 10 19
w 11 0
w 11 1
w 11 2
w 11 9
w 11 12
w 11 14
w 11 16
w 12 0
w 12 1
w 12 2
w 12 5
w 12 7
w 12 10
w 12 11
w 12 13
w 12 14
w 12 16
w 12 17
w 13 0
w 13 3
w 13 5
w 13 6
w 13 7
w 13 8
w 13 16
w 13 17
w 14 4
w 14 6
w 14 7
w 14 8
w 14 10
w 14 13
w 14 14
w 14 15
w 14 16
w 14 17
w 14 19
w 15 0
w 15 3
w 15 7
w 15 8
w 15 11
w 15 12
w 15 15
w 15 16
w 15 17
w 15 18
w 15 19
w 16 12
w 16 16
w 16 17
w 16 18
w 16 19
w 17 3
w 17 5
w 17 6
w 17 8
w 17 9
w 17 15
w 17 16
w 17 17
w 17 18
w 17 19
w 18 2
w 18 3
w 18 4
w 18 5
w 18 6
w 18 7
w 18 8
w 18 13
w 18 14
w 18 15
w 18 16
w 18 17
w 18 18
w 18 19
w 19 2
w 19 3
w 19 4
w 19 5
w 19 6
w 19 7
w 19 8
w 19 10
w 19 12
w 19 14
w 19 15
w 19 16
w 19 17
w 19 18
w 19 19
w 20 2
w 20 3
w 20 4
w 20 5
w 20 6
w 20 7
w 20 8
w 20 9
w 20 14
w 20 15
w 20 16
w 20 17
w 20 18
w 20 19
w 21 1
w 21 2
w 21 3
w 21 4
w 21 5
w 21 6
w 21 7
w 21 8
w 21 14
w 21 15
w 21 16
w 21 17
w 21 18
w 21 19
w 22 1
w 22 2
w 22 3
w 22 4
w 22 5
w 22 6
w 22 7
w 22 13
w 22 14
w 22 15
w 22 16
w 22 17
w 22 18
w 22 19
w 23 2
w 23 3
w 23 4
w 23 5
w 23 6
w 23 7
w 23 10
w 23 12
w 23 17
w 23 18
w 24 3
w 24 4
w 24 5
w 24 10
w 24 14
w 24 17
w 25 3
w 25 7
w 25 8
w 25 9
w 25 12
w 25 13
w 26 1
w 26 2
w 26 3
w 26 4
w 26 5
w 26 6
w 26 7
w 26 8
w 26 9
w 26 10
w 26 13
w 26 15
w 26 16
w 26 18
w 26 19
w 27 3
w 27 4
w 27 5
w 27 6
w 27 7
w 27 8
w 27 9
w 27 12
w 27 15
w 27 19
w 28 2
w 28 3
w 28 4
w 28 5
w 28 6
w 28 7
w 28 8
w 28 9
w 28 10
w 28 12
w 28 14
w 28 15
w 28 16
w 28 17
w 28 18
w 28 19
w 29 3
w 29 4
w 29 5
w 29 6
w 29 7
w 29 12
w 29 14
w 29 15
w 29 16
w 29 17
w 29 18
w 29 19
w 30 2
w 30 3
w 30 4
w 30 5
w 30 6
w 30 7
w 30 13
w 30 14
w 30 15
w 30 16
w 30 17
w 30 18
w 30 19
w 31 3
w 31 4
w 31 5
w 31 6
w 31 9
w 31 10
w 31 13
w 31 14
w 31 17
w 31 18
w 31 19
w 32 1
w 32 3
w 32 4
w 32 5
w 32 7
w 32 12
w 32 16
w 32 17
w 32 18
w 32 19
w 33 4
w 33 5
w 33 8
w 33 10
w 33 15
w 33 16
w 33 17
w 33 18
w 33 19
w 34 13
w 34 14
w 34 15
w 34 16
w 34 17
w 34 18
w 34 19
p 11 7
p 13 4
p 29 1
p 22 11
p 19 1
p 16 13
p 6 17
p 26 0
p 0 15
p 24 12
p 33 11
p 9 11
p 31 12
p 15 2
t 1400 0
m 0 18
0 33 0
1 33 0
2 33 0
t 1399 0
m 0 17
0 32 0
1 32 0
2 32 0
t 1398 0
m 0 16
0 31 0
1 31 0
2 31 0
t 1397 0
m 0 15
0 30 0
1 30 0
2 30 0
t 1396 7
m 1 15
0 29 0
1 29 0
2 29 0
t 1395 7
m 2 15
0 28 0
1 28 0
2 28 0
t 1394 7
m 3 15
0 27 0
1 27 0
2 27 0
t 1393 7
m 3 16
0 26 0
1 26 0
2 26 0
t 1392 7
m 4 16
0 25 0
1 25 0
2 25 0
t 1391 7
m 5 16
0 24 0
1 24 0
2 24 0
t 1390 7
m 6 16
0 23 0
1 23 0
2 23 0
t 1389 7
m 6 17
0 22 0
1 22 0
2 22 0
t 1388 14
m 7 17
0 21 0
1 21 0
2 21 0
t 1387 14
m 8 17
0 20 0
1 20 0
2 20 0
t 1386 14
m 9 17
0 21 0
1 21 0
2 19 0
t 1385 14
m 10 17
0 20 0
1 20 0
2 18 0
t 1384 14
m 10 16
0 19 0
1 19 0
2 17 0
t 1383 14
m 10 15
0 18 0
1 18 0
2 16 0
t 1382 14
m 11 15
0 17 0
1 17 0
2 16 1
f 13 19
t 1381 14
m 12 15
0 16 0
1 16 0
2 16 2
t 1380 14
m 13 15
0 16 1
1 16 1
2 16 3
t 1379 14
m 13 14
0 16 2
1 16 2
2 16 4
t 1378 14
m 13 13
0 16 3
1 16 3
2 15 4
t 1377 14
m 13 14
0 16 4
1 16 4
2 15 5
t 1376 14
m 13 15
0 15 4
1 15 4
2 15 6
t 1375 14
m 12 15
0 15 5
1 15 5
2 16 6
t 1374 14
m 11 15
0 15 6
1 15 6
2 16 7
t 1373 14
m 10 15
0 16 6
1 16 6
2 16 8
t 1372 14
m 10 16
0 16 7
1 16 7
2 16 9
t 1371 14
m 10 17
0 16 8
1 16 8
2 15 9
t 1370 14
m 11 17
0 16 9
1 16 9
2 14 9
t 1369 14
m 11 18
0 15 9
1 15 9
2 13 9
t 1368 14
m 11 19
0 14 9
1 14 9
2 13 10
t 1367 14
m 12 19
0 13 9
1 13 9
2 13 11
t 1366 14
m 13 19
0 13 10
1 13 10
2 13 12
t 1365 24
m 13 19
0 13 11
1 13 11
2 13 13
t 1364 24
m 13 19
0 13 12
1 13 12
2 13 14
t 1363 24
m 13 19
0 13 13
1 13 13
2 13 15
t 1362 24
m 13 19
0 13 14
1 13 14
2 12 15
t 1361 24
m 13 19
0 13 15
1 13 15
2 11 15
t 1360 24
m 13 19
0 12 15
1 12 15
2 10 15
t 1359 24
m 13 19
0 11 15
1 11 15
2 10 16
t 1358 24
m 13 19
0 10 15
1 10 15
2 10 17
t 1357 24
m 13 19
0 10 16
1 10 16
2 11 17
t 1356 24
m 13 19
0 10 17
1 10 15
2 11 18
t 1355 24
m 13 19
0 11 17
1 10 16
2 11 19
t 1354 24
m 13 19
0 11 18
1 10 17
2 12 19
t 1353 24
m 13 19
0 11 19
1 11 17
2 13 19
t 1352 24
