35
20
m 0 19
0 34 0
1 34 0
2 34 0
w 0 0
w 0 1
w 1 0
w 1 1
w 1 5
w 1 6
w 1 16
w 1 17
w 1 18
w 2 0
w 2 1
w 2 5
w 2 6
w 2 7
w 2 10
w 2 11
w 2 12
w 2 13
w 2 16
w 2 17
w 2 18
w 3 0
w 3 3
w 3 6
w 3 9
w 3 10
w 3 16
w 3 17
w 3 18
w 4 0
w 4 4
w 4 6
w 4 7
w 4 8
w 4 9
w 4 13
w 4 15
w 4 16
w 4 17
w 4 18
w 5 0
w 5 1
w 5 3
w 5 4
w 5 6
w 5 7
w 5 17
w 6 0
w 6 3
w 6 4
w 6 5
w 6 6
w 6 7
w 6 8
w 6 12
w 6 14
w 6 17
w 7 0
w 7 1
w 7 4
w 7 5
w 7 6
w 7 7
w 7 10
w 7 11
w 7 12
w 7 13
w 7 15
w 7 16
w 7 18
w 8 0
w 8 3
w 8 4
w 8 5
w 8 6
w 8 7
w 8 8
w 8 9
w 8 10
w 8 11
w 8 12
w 8 13
w 9 0
w 9 4
w 9 5
w 9 6
w 9 7
w 9 8
w 9 9
w 9 10
w 9 11
w 9 12
w 9 13
w 9 15
w 9 18
w 10 5
w 10 6
w 10 7
w 10 8
w 10 9
w 10 10
w 10 11
w 10 12
w 10 13
w 10 14
w 10 18
w 11 3
w 11 4
w 11 5
w 11 6
w 11 7
w 11 8
w 11 9
w 11 10
w 11 11
w 11 12
w 11 13
w 11 14
w 11 15
w 11 16
w 11 17
w 11 18
w 12 0
w 12 1
w 12 3
w 12 4
w 12 5
w 12 6
w 12 7
w 12 8
w 12 9
w 12 10
w 12 11
w 12 12
w 12 13
w 12 14
w 12 15
w 12 16
w 12 17
w 13 0
w 13 1
w 13 5
w 13 6
w 13 7
w 13 8
w 13 9
w 13 10
w 13 11
w 13 12
w 13 13
w 13 14
w 13 15
w 13 16
w 14 0
w 14 1
w 14 3
w 14 6
w 14 7
w 14 8
w 14 9
w 14 10
w 14 11
w 14 12
w 14 13
w 14 14
w 14 15
w 14 16
w 14 17
w 14 18
w 15 0
w 15 1
w 15 3
w 15 4
w 15 5
w 15 6
w 15 7
w 15 8
w 15 9
w 15 10
w 15 11
w 15 12
w 15 13
w 15 14
w 15 15
w 15 16
w 15 17
w 15 18
w 16 0
w 16 1
w 16 3
w 16 4
w 16 5
w 16 6
w 16 7
w 16 8
w 16 9
w 16 10
w 16 11
w 16 12
w 16 13
w 16 14
w 16 15
w 16 16
w 16 17
w 17 0
w 17 3
w 17 4
w 17 5
w 17 6
w 17 7
w 17 8
w 17 9
w 17 10
w 17 11
w 17 12
w 17 13
w 17 14
w 17 15
w 17 16
w 17 17
w 17 18
w 18 3
w 18 4
w 18 5
w 18 6
w 18 7
w 18 8
w 18 9
w 18 10
w 18 11
w 18 12
w 18 13
w 18 14
w 18 16
w 18 18
w 19 1
w 19 3
w 19 4
w 19 5
w 19 6
w 19 7
w 19 8
w 19 9
w 19 10
w 19 11
w 19 12
w 19 13
w 19 14
w 20 3
w 20 4
w 20 5
w 20 6
w 20 7
w 20 8
w 20 9
w 20 10
w 20 11
w 20 12
w 20 13
w 20 14
w 20 15
w 20 16
w 21 0
w 21 1
w 21 4
w 21 5
w 21 6
w 21 7
w 21 8
w 21 9
w 21 10
w 21 11
w 21 12
w 21 14
w 21 16
w 21 17
w 22 5
w 22 6
w 22 7
w 22 8
w 22 9
w 22 10
w 22 11
w 22 12
w 23 1
w 23 6
w 23 7
w 23 8
w 23 9
w 23 10
w 23 11
w 23 12
w 23 16
w 24 3
w 24 4
w 24 7
w 24 8
w 24 9
w 24 10
w 24 11
w 24 12
w 24 13
w 24 15
w 24 16
w 24 17
w 25 4
w 25 7
w 25 8
w 25 10
w 25 11
w 25 12
w 25 13
w 25 16
w 25 17
w 25 18
w 26 1
w 26 3
w 26 4
w 26 5
w 26 7
w 26 8
w 26 10
w 26 11
w 26 12
w 26 13
w 26 14
w 26 16
w 26 17
w 26 18
w 27 3
w 27 4
w 27 5
w 27 6
w 27 8
w 27 10
w 27 12
w 27 13
w 27 14
w 27 16
w 27 17
w 27 18
w 28 3
w 28 4
w 28 5
w 28 6
w 28 12
w 28 13
w 28 14
w 28 16
w 28 17
w 28 18
w 29 0
w 29 4
w 29 5
w 29 6
w 29 8
w 29 12
w 29 13
w 29 15
w 29 17
w 30 4
w 30 5
w 30 6
w 30 7
w 30 8
w 30 9
w 30 11
w 30 12
w 30 13
w 30 18
w 31 0
w 31 3
w 31 4
w 31 5
w 31 6
w 31 7
w 31 8
w 31 13
w 31 14
w 31 15
w 31 16
w 32 0
w 32 1
w 32 4
w 32 8
w 32 10
w 32 12
w 32 13
w 32 14
w 32 15
w 32 16
w 32 18
w 33 1
w 33 3
w 33 4
w 33 9
w 33 12
w 33 13
w 33 14
w 33 15
w 33 17
w 33 18
p 6 18
p 34 4
p 5 5
p 32 5
p 3 4
p 25 9
p 30 1
p 23 13
p 0 2
p 1 7
p 21 15
p 28 2
p 9 14
p 18 2
p 13 2
t 1400 0
m 1 19
0 34 1
1 34 1
2 34 1
t 1399 0
m 2 19
0 34 2
1 34 2
2 34 2
t 1398 0
m 3 19
0 33 2
1 33 2
2 33 2
t 1397 0
m 4 19
0 32 2
1 32 2
2 32 2
t 1396 0
m 5 19
0 31 2
1 31 2
2 31 2
t 1395 0
m 5 18
0 30 2
1 30 2
2 30 2
t 1394 0
m 6 18
0 29 2
1 29 2
2 29 2
t 1393 6
m 6 19
0 28 2
1 28 2
2 28 2
t 1392 6
m 7 19
0 27 2
1 27 2
2 27 2
t 1391 6
m 8 19
0 26 2
1 26 2
2 26 2
t 1390 6
m 8 18
0 25 2
1 25 2
2 25 2
t 1389 6
m 8 17
0 24 2
1 24 2
2 24 2
t 1388 6
m 8 16
0 23 2
1 23 2
2 23 2
t 1387 6
m 8 15
0 22 2
1 22 2
2 22 2
t 1386 6
m 8 14
0 21 2
1 21 2
2 21 2
t 1385 6
m 9 14
0 20 2
1 20 2
2 20 2
t 1384 13
m 8 14
0 19 2
1 19 2
2 19 2
t 1383 13
m 8 15
0 18 2
1 18 2
2 18 2
f 6 15
t 1382 13
m 8 16
0 17 2
1 17 2
2 17 2
t 1381 13
m 8 17
0 16 2
1 16 2
2 16 2
t 1380 13
m 8 18
0 15 2
1 15 2
2 15 2
t 1379 13
m 8 19
0 14 2
1 14 2
2 14 2
t 1378 13
m 9 19
0 13 2
1 13 2
2 13 2
t 1377 13
m 10 19
0 12 2
1 12 2
2 12 2
t 1376 13
m 11 19
0 11 2
1 11 2
2 11 2
t 1375 13
m 12 19
0 10 2
1 10 2
2 10 2
t 1374 13
m 13 19
0 9 2
1 9 2
2 9 2
t 1373 13
m 12 19
0 8 2
1 8 2
2 8 2
t 1372 13
m 11 19
0 7 2
1 7 2
2 7 2
t 1371 13
m 10 19
0 6 2
1 6 2
2 6 2
t 1370 13
m 9 19
0 5 2
1 5 2
2 5 2
t 1369 13
m 8 19
0 4 2
1 4 2
2 4 2
t 1368 13
m 7 19
0 3 2
1 3 2
2 3 2
t 1367 13
m 6 19
0 2 2
1 2 2
2 2 2
t 1366 13
m 5 19
0 2 3
1 2 3
2 2 3
t 1365 13
m 4 19
0 2 4
1 2 4
2 2 4
t 1364 13
m 3 19
0 1 4
1 1 4
2 1 4
t 1363 13
m 2 19
0 0 4
1 0 4
2 0 4
t 1362 13
m 1 19
0 0 5
1 0 5
2 0 5
t 1361 13
m 0 19
0 0 6
1 0 6
2 0 6
t 1360 13
m 0 18
0 0 7
1 0 7
2 0 7
t 1359 13
m 0 17
0 0 8
1 1 7
2 0 8
t 1358 13
m 0 16
0 0 9
1 0 7
2 0 9
t 1357 13
m 0 15
0 1 9
1 0 8
2 0 8
t 1356 13
m 1 15
0 1 10
1 0 9
2 0 9
t 1355 13
m 2 15
0 1 11
1 0 10
2 0 10
t 1354 13
m 3 15
0 1 12
1 0 11
2 0 11
t 1353 13
m 3 14
0 1 13
1 0 12
2 0 12
t 1352 13
m 4 14
0 1 14
1 0 13
2 1 12
t 1351 13
m 5 14
0 2 14
1 0 14
2 1 13
t 1350 13
m 5 15
0 2 15
1 1 14
2 1 14
t 1349 13
m 6 15
0 3 15
1 2 14
2 2 14
t 1348 23
m 6 15
0 3 14
1 3 14
2 3 14
t 1347 23
m 6 15
0 4 14
1 4 14
2 3 15
t 1346 23
m 5 15
0 5 14
1 5 14
2 3 14
t 1345 23
m 5 15
0 5 15
1 5 15
2 3 13
t 1344 23
