35
20
m 0 19
0 34 0
1 34 0
2 34 0
w 0 0
w 0 1
w 1 0
w 1 1
w 1 2
w 1 3
w 1 7
w 1 9
w 1 14
w 1 15
w 1 16
w 1 19
w 2 0
w 2 1
w 2 7
w 2 12
w 2 13
w 2 14
w 2 15
w 3 0
w 3 1
w 3 2
w 3 3
w 3 5
w 3 8
w 3 13
w 3 14
w 3 15
w 3 16
w 3 18
w 3 19
w 4 0
w 4 1
w 4 2
w 4 10
w 4 11
w 4 12
w 4 13
w 4 14
w 4 15
w 4 18
w 4 19
w 5 0
w 5 1
w 5 2
w 5 3
w 5 5
w 5 7
w 5 8
w 5 9
w 5 10
w 5 11
w 5 12
w 5 13
w 5 16
w 6 0
w 6 1
w 6 2
w 6 3
w 6 10
w 6 11
w 6 12
w 6 16
w 7 0
w 7 1
w 7 2
w 7 3
w 7 7
w 7 8
w 7 11
w 7 12
w 7 13
w 7 19
w 8 0
w 8 1
w 8 2
w 8 3
w 8 8
w 8 10
w 8 11
w 8 12
w 8 13
w 8 15
w 9 0
w 9 1
w 9 2
w 9 3
w 9 5
w 9 6
w 9 7
w 9 8
w 9 9
w 9 10
w 9 11
w 9 12
w 9 13
w 9 15
w 9 16
w 9 18
w 9 19
w 10 0
w 10 1
w 10 2
w 10 3
w 10 6
w 10 7
w 10 8
w 10 9
w 10 10
w 10 11
w 10 12
w 10 14
w 10 15
w 10 16
w 10 18
w 10 19
w 11 0
w 11 1
w 11 2
w 11 3
w 11 7
w 11 8
w 11 9
w 11 10
w 11 11
w 11 12
w 11 14
w 11 18
w 11 19
w 12 0
w 12 1
w 12 2
w 12 3
w 12 6
w 12 7
w 12 8
w 12 9
w 12 10
w 12 11
w 12 15
w 12 16
w 12 19
w 13 0
w 13 1
w 13 2
w 13 3
w 13 6
w 13 7
w 13 8
w 13 9
w 13 10
w 13 13
w 13 14
w 13 18
w 13 19
w 14 0
w 14 2
w 14 3
w 14 5
w 14 6
w 14 8
w 14 9
w 14 10
w 14 11
w 14 13
w 14 16
w 14 18
w 14 19
w 15 0
w 15 3
w 15 8
w 15 9
w 15 10
w 15 11
w 15 18
w 15 19
w 16 0
w 16 1
w 16 5
w 16 8
w 16 9
w 16 10
w 16 11
w 16 12
w 16 13
w 16 15
w 16 16
w 16 19
w 17 0
w 17 1
w 17 2
w 17 3
w 17 6
w 17 9
w 17 10
w 17 11
w 17 12
w 17 16
w 18 0
w 18 1
w 18 2
w 18 5
w 18 6
w 18 9
w 18 10
w 18 15
w 18 16
w 18 18
w 18 19
w 19 0
w 19 1
w 19 2
w 19 6
w 19 7
w 19 9
w 19 10
w 19 11
w 19 12
w 19 14
w 19 15
w 19 16
w 19 19
w 20 0
w 20 1
w 20 2
w 20 3
w 20 5
w 20 6
w 20 8
w 20 11
w 20 12
w 20 13
w 20 14
w 20 15
w 20 16
w 20 18
w 20 19
w 21 0
w 21 2
w 21 6
w 21 11
w 21 12
w 21 14
w 21 15
w 21 16
w 22 8
w 22 11
w 22 14
w 22 15
w 22 18
w 22 19
w 23 5
w 23 6
w 23 12
w 23 15
w 23 16
w 24 0
w 24 5
w 24 6
w 24 9
w 24 19
w 25 0
w 25 2
w 25 5
w 25 6
w 25 11
w 25 13
w 25 15
w 25 18
w 25 19
w 26 0
w 26 5
w 26 8
w 26 9
w 26 11
w 26 14
w 26 15
w 26 16
w 26 18
w 26 19
w 27 0
w 27 2
w 27 5
w 27 7
w 27 8
w 27 9
w 27 10
w 27 11
w 27 12
w 27 14
w 27 15
w 27 16
w 27 19
w 28 0
w 28 1
w 28 7
w 28 8
w 28 9
w 28 10
w 28 11
w 28 13
w 28 14
w 28 15
w 28 16
w 29 0
w 29 1
w 29 3
w 29 7
w 29 8
w 29 9
w 29 10
w 29 13
w 29 14
w 29 15
w 29 16
w 29 18
w 30 0
w 30 1
w 30 2
w 30 5
w 30 8
w 30 9
w 30 12
w 30 13
w 30 14
w 30 15
w 30 16
w 30 19
w 31 0
w 31 1
w 31 2
w 31 6
w 31 7
w 31 8
w 31 12
w 31 13
w 31 14
w 31 15
w 31 19
w 32 0
w 32 1
w 32 2
w 32 3
w 32 7
w 32 10
w 32 11
w 32 12
w 32 13
w 32 16
w 33 18
w 33 19
w 34 2
w 34 6
w 34 7
w 34 9
w 34 11
w 34 14
w 34 16
w 34 19
p 5 15
p 10 5
p 23 17
p 3 4
p 33 10
p 7 10
p 32 4
p 1 8
p 17 19
p 20 10
p 0 2
p 29 12
p 13 12
p 22 6
p 27 3
p 25 4
p 15 15
t 1400 0
m 0 18
0 33 0
1 33 0
2 33 0
t 1399 0
m 0 17
0 33 1
1 33 1
2 33 1
t 1398 0
m 0 16
0 33 2
1 33 2
2 33 2
t 1397 0
m 0 15
0 33 3
1 33 3
2 33 3
t 1396 0
m 0 14
0 33 4
1 33 4
2 33 4
t 1395 0
m 0 13
0 32 4
1 32 4
2 32 4
f 29 5
t 1394 0
m 0 12
0 31 4
1 31 4
2 31 4
t 1393 0
m 0 11
0 30 4
1 30 4
2 30 4
t 1392 0
m 0 10
0 29 4
1 29 4
2 29 4
t 1391 0
m 0 9
0 28 4
1 28 4
2 28 4
t 1390 0
m 0 8
0 27 4
1 27 4
2 27 4
t 1389 0
m 1 8
0 26 4
1 26 4
2 26 4
t 1388 5
m 0 8
0 25 4
1 25 4
2 25 4
t 1387 5
m 0 7
0 24 4
1 24 4
2 24 4
t 1386 5
m 0 6
0 23 4
1 23 4
2 23 4
t 1385 5
m 0 5
0 22 4
1 22 4
2 22 4
t 1384 5
m 0 4
0 21 4
1 21 4
2 21 4
t 1383 5
m 0 3
0 20 4
1 20 4
2 20 4
t 1382 5
m 0 2
0 19 4
1 19 4
2 19 4
t 1381 11
m 0 3
0 18 4
1 18 4
2 18 4
t 1380 11
m 0 4
0 17 4
1 17 4
2 17 4
t 1379 11
m 1 4
0 16 4
1 16 4
2 16 4
t 1378 11
m 2 4
0 15 4
1 15 4
2 15 4
t 1377 11
m 3 4
0 14 4
1 14 4
2 14 4
t 1376 17
m 4 4
0 13 4
1 13 4
2 13 4
t 1375 17
m 4 5
0 12 4
1 12 4
2 12 4
t 1374 17
m 4 6
0 11 4
1 11 4
2 11 4
t 1373 17
m 5 6
0 10 4
1 10 4
2 10 4
t 1372 17
m 6 6
0 9 4
1 9 4
2 9 4
t 1371 17
m 6 7
0 8 4
1 8 4
2 8 4
t 1370 17
m 6 8
0 7 4
1 7 4
2 7 4
t 1369 17
m 6 9
0 6 4
1 6 4
2 6 4
t 1368 17
m 7 9
0 6 5
1 6 5
2 6 5
t 1367 17
m 7 10
0 6 6
1 6 6
2 6 6
t 1366 23
m 7 10
0 6 7
1 6 7
2 6 7
t 1365 23
m 7 10
0 6 8
1 6 8
2 6 8
t 1364 23
m 7 10
0 6 9
1 6 9
2 6 9
t 1363 23
m 7 10
0 7 9
1 7 9
2 7 9
t 1362 23
m 7 10
0 7 10
1 7 10
2 7 10
t 1361 23
