35
20
m 0 19
0 34 0
1 34 0
2 34 0
w 1 1
w 1 4
w 1 9
w 1 10
w 1 11
w 1 12
w 1 14
w 1 15
w 1 16
w 1 17
w 1 18
w 2 2
w 2 3
w 2 5
w 2 6
w 2 8
w 2 10
w 2 11
w 2 12
w 2 13
w 2 14
w 2 15
w 2 18
w 3 6
w 3 11
w 3 12
w 3 13
w 3 14
w 3 15
w 3 16
w 4 1
w 4 2
w 4 3
w 4 4
w 4 5
w 4 7
w 4 8
w 4 9
w 4 11
w 4 12
w 4 13
w 4 14
w 4 15
w 4 16
w 5 1
w 5 2
w 5 3
w 5 4
w 5 5
w 5 11
w 5 14
w 5 15
w 5 16
w 5 17
w 5 18
w 6 1
w 6 2
w 6 3
w 6 4
w 6 5
w 6 8
w 6 9
w 6 10
w 6 14
w 6 15
w 6 16
w 6 17
w 7 2
w 7 4
w 7 8
w 7 9
w 7 12
w 7 14
w 7 15
w 7 16
w 7 17
w 8 2
w 8 8
w 8 11
w 8 12
w 8 14
w 8 15
w 8 16
w 8 17
w 8 18
w 9 1
w 9 4
w 9 5
w 9 11
w 9 12
w 9 14
w 9 17
w 9 18
w 10 1
w 10 5
w 10 8
w 10 14
w 11 3
w 11 4
w 11 5
w 11 7
w 11 8
w 11 12
w 11 13
w 12 1
w 12 2
w 12 3
w 12 4
w 12 6
w 12 7
w 12 8
w 12 9
w 12 11
w 12 12
w 12 13
w 12 14
w 12 15
w 13 1
w 13 2
w 13 3
w 13 4
w 13 7
w 13 8
w 13 9
w 13 10
w 13 11
w 13 12
w 13 13
w 13 14
w 13 15
w 13 18
w 14 2
w 14 3
w 14 4
w 14 7
w 14 8
w 14 9
w 14 10
w 14 11
w 14 12
w 14 13
w 14 14
w 14 15
w 14 17
w 14 18
w 15 1
w 15 6
w 15 7
w 15 8
w 15 9
w 15 10
w 15 11
w 15 12
w 15 13
w 15 14
w 15 15
w 15 16
w 16 6
w 16 7
w 16 8
w 16 9
w 16 10
w 16 11
w 16 12
w 16 13
w 16 14
w 16 15
w 16 18
w 17 1
w 17 2
w 17 4
w 17 5
w 17 6
w 17 7
w 17 8
w 17 9
w 17 10
w 17 11
w 17 12
w 17 13
w 17 14
w 18 2
w 18 6
w 18 7
w 18 8
w 18 9
w 18 10
w 18 11
w 18 12
w 18 13
w 18 14
w 18 15
w 18 16
w 18 17
w 19 3
w 19 6
w 19 7
w 19 8
w 19 9
w 19 10
w 19 11
w 19 12
w 19 13
w 19 14
w 19 15
w 19 16
w 19 17
w 20 2
w 20 4
w 20 7
w 20 8
w 20 9
w 20 10
w 20 11
w 20 12
w 20 13
w 20 14
w 20 15
w 20 18
w 21 2
w 21 7
w 21 8
w 21 9
w 21 10
w 21 11
w 21 12
w 21 13
w 21 14
w 21 15
w 21 16
w 22 3
w 22 4
w 22 5
w 22 7
w 22 8
w 22 9
w 22 10
w 22 11
w 22 12
w 22 13
w 22 14
w 22 15
w 22 16
w 22 17
w 22 18
w 23 1
w 23 4
w 23 5
w 23 6
w 23 7
w 23 8
w 23 9
w 23 10
w 23 11
w 23 12
w 23 13
w 23 14
w 23 15
w 23 16
w 23 17
w 23 18
w 24 1
w 24 5
w 24 6
w 24 7
w 24 8
w 24 9
w 24 10
w 24 11
w 24 12
w 24 13
w 24 14
w 24 15
w 24 16
w 24 17
w 24 18
w 25 1
w 25 4
w 25 5
w 25 6
w 25 7
w 25 8
w 25 9
w 25 10
w 25 11
w 25 12
w 25 13
w 25 14
w 25 15
w 25 16
w 25 17
w 26 2
w 26 3
w 26 4
w 26 5
w 26 6
w 26 7
w 26 8
w 26 9
w 26 10
w 26 11
w 26 12
w 26 13
w 26 14
w 26 15
w 26 16
w 26 17
w 26 18
w 27 1
w 27 2
w 27 3
w 27 4
w 27 5
w 27 6
w 27 7
w 27 8
w 27 9
w 27 10
w 27 11
w 27 12
w 27 13
w 27 14
w 27 15
w 27 16
w 27 17
w 27 18
w 28 1
w 28 2
w 28 3
w 28 4
w 28 5
w 28 6
w 28 7
w 28 8
w 28 9
w 28 10
w 28 11
w 28 12
w 28 13
w 28 14
w 28 15
w 28 16
w 28 17
w 29 4
w 29 5
w 29 6
w 29 7
w 29 8
w 29 9
w 29 10
w 29 11
w 29 12
w 29 13
w 29 14
w 29 15
w 29 16
w 29 17
w 30 1
w 30 2
w 30 4
w 30 5
w 30 6
w 30 7
w 30 8
w 30 9
w 30 10
w 30 11
w 30 12
w 30 13
w 30 14
w 30 15
w 30 16
w 30 17
w 30 18
w 31 1
w 31 2
w 31 3
w 31 4
w 31 5
w 31 6
w 31 7
w 31 10
w 31 11
w 31 12
w 31 13
w 31 14
w 31 15
w 31 16
w 32 1
w 32 2
w 32 3
w 32 4
w 32 5
w 32 10
w 32 12
w 32 13
w 32 14
w 32 15
w 32 16
w 32 17
w 33 2
w 33 4
w 33 5
w 33 8
w 33 9
w 33 10
w 33 12
w 33 13
w 33 14
w 33 16
w 33 17
w 33 18
p 33 1
p 1 2
p 3 4
p 21 0
p 0 0
p 9 9
p 7 13
p 18 3
p 24 3
p 5 10
p 29 18
p 12 18
p 15 18
p 10 18
p 34 14
t 1400 0
m 1 19
0 33 0
1 33 0
2 33 0
t 1399 0
m 2 19
0 32 0
1 32 0
2 32 0
t 1398 0
m 3 19
0 31 0
1 31 0
2 31 0
t 1397 0
m 4 19
0 30 0
1 30 0
2 30 0
t 1396 0
m 5 19
0 29 0
1 29 0
2 29 0
t 1395 0
m 6 19
0 28 0
1 28 0
2 28 0
t 1394 0
m 7 19
0 27 0
1 27 0
2 27 0
t 1393 0
m 8 19
0 26 0
1 26 0
2 26 0
t 1392 0
m 9 19
0 25 0
1 25 0
2 25 0
t 1391 0
m 10 19
0 26 0
1 24 0
2 26 0
t 1390 0
m 10 18
0 27 0
1 23 0
2 26 1
t 1389 6
m 11 18
0 28 0
1 22 0
2 26 0
t 1388 6
m 12 18
0 29 0
1 21 0
2 27 0
f 34 2
t 1387 13
m 12 19
0 30 0
1 20 0
2 28 0
t 1386 13
m 13 19
0 31 0
1 19 0
2 29 0
t 1385 13
m 14 19
0 32 0
1 18 0
2 30 0
t 1384 13
m 15 19
0 33 0
1 17 0
2 31 0
t 1383 13
m 15 18
0 33 1
1 16 0
2 32 0
t 1382 20
m 15 19
0 34 1
1 15 0
2 33 0
t 1381 20
m 16 19
0 34 2
1 14 0
2 33 1
t 1380 20
m 17 19
0 34 3
1 13 0
2 34 1
t 1379 20
m 18 19
0 34 4
1 12 0
2 34 2
t 1378 20
m 19 19
0 34 5
1 11 0
2 34 3
t 1377 20
m 20 19
0 34 6
1 10 0
2 34 4
t 1376 20
m 21 19
0 34 7
1 9 0
2 34 5
t 1375 20
m 22 19
0 34 8
1 8 0
2 34 6
t 1374 20
m 23 19
0 34 9
1 7 0
2 34 7
t 1373 20
m 24 19
0 34 10
1 6 0
2 34 8
t 1372 20
m 25 19
0 34 11
1 5 0
2 34 9
t 1371 20
m 26 19
0 34 12
1 4 0
2 34 10
t 1370 20
m 27 19
0 34 13
1 3 0
2 34 11
t 1369 20
m 28 19
0 34 14
1 2 0
2 34 12
t 1368 20
m 28 18
0 34 15
1 1 0
2 34 13
t 1367 20
m 29 18
0 34 16
1 0 0
2 34 14
t 1366 26
m 28 18
0 34 17
1 0 1
2 34 15
t 1365 26
m 28 19
0 34 18
1 0 2
2 34 16
t 1364 26
m 27 19
0 34 19
1 0 3
2 34 17
t 1363 26
m 26 19
0 33 19
1 0 4
2 34 18
t 1362 26
m 25 19
0 32 19
1 0 5
2 34 19
t 1361 26
m 24 19
0 31 19
1 0 6
2 33 19
t 1360 26
m 23 19
0 30 19
1 0 7
2 32 19
t 1359 26
m 22 19
0 29 19
1 0 8
2 31 19
t 1358 26
m 21 19
0 30 19
1 0 9
2 30 19
t 1357 26
m 20 19
0 29 19
1 0 10
2 29 19
t 1356 26
m 19 19
0 28 19
1 0 11
2 28 19
t 1355 26
m 19 19
0 27 19
1 0 10
2 27 19
t 1354 26
m 19 19
0 26 19
1 0 11
2 26 19
t 1353 26
m 19 19
0 25 19
1 0 12
2 25 19
t 1352 26
m 19 19
0 24 19
1 0 13
2 25 18
t 1351 26
m 19 19
0 23 19
1 0 14
2 25 19
t 1350 26
m 19 19
0 22 19
1 0 15
2 24 19
t 1349 26
m 19 19
0 21 19
1 0 16
2 23 19
t 1348 26
m 19 19
0 20 19
1 0 17
2 22 19
t 1347 26
m 19 19
0 19 19
1 0 18
2 21 19
t 1346 26
