35
20
m 0 19
0 34 0
1 34 0
2 34 0
w 0 0
w 0 5
w 0 8
w 0 11
w 0 12
w 0 13
w 0 14
w 0 15
w 0 16
w 1 0
w 1 2
w 1 3
w 1 5
w 1 7
w 1 8
w 1 9
w 1 11
w 1 12
w 1 13
w 1 15
w 1 19
w 2 2
w 2 17
w 3 0
w 3 2
w 3 6
w 3 7
w 3 8
w 3 9
w 3 10
w 3 16
w 3 17
w 4 0
w 4 2
w 4 7
w 4 10
w 4 13
w 4 16
w 4 17
w 5 0
w 5 2
w 5 3
w 5 4
w 5 9
w 5 10
w 5 13
w 5 14
w 5 16
w 5 17
w 5 18
w 6 0
w 6 1
w 6 2
w 6 3
w 6 4
w 6 9
w 6 10
w 6 11
w 6 12
w 6 13
w 6 14
w 6 17
w 6 18
w 6 19
w 7 0
w 7 1
w 7 2
w 7 3
w 7 4
w 7 8
w 7 9
w 7 13
w 7 14
w 7 18
w 8 0
w 8 1
w 8 3
w 8 4
w 8 7
w 8 8
w 8 9
w 8 11
w 8 14
w 9 1
w 9 6
w 9 7
w 9 8
w 9 9
w 9 10
w 9 11
w 9 17
w 9 18
w 9 19
w 10 1
w 10 2
w 10 4
w 10 7
w 10 8
w 10 9
w 10 10
w 10 12
w 11 2
w 11 4
w 11 8
w 11 9
w 11 13
w 11 17
w 11 19
w 12 0
w 12 7
w 12 8
w 12 9
w 12 10
w 12 13
w 12 16
w 12 17
w 12 18
w 12 19
w 13 0
w 13 1
w 13 3
w 13 4
w 13 7
w 13 8
w 13 9
w 13 12
w 13 13
w 13 17
w 13 18
w 13 19
w 14 0
w 14 1
w 14 2
w 14 3
w 14 7
w 14 9
w 14 16
w 15 0
w 15 1
w 15 2
w 15 3
w 15 4
w 15 6
w 15 7
w 15 11
w 15 14
w 15 18
w 15 19
w 16 2
w 16 3
w 16 4
w 16 6
w 16 8
w 16 9
w 16 10
w 16 11
w 16 14
w 16 16
w 16 17
w 16 19
w 17 11
w 17 12
w 17 13
w 18 3
w 18 4
w 18 7
w 18 9
w 18 10
w 18 11
w 18 12
w 18 17
w 18 18
w 18 19
w 19 0
w 19 7
w 19 8
w 19 10
w 19 13
w 19 16
w 19 17
w 19 19
w 20 0
w 20 1
w 20 2
w 20 17
w 21 0
w 21 1
w 21 6
w 21 9
w 21 11
w 21 14
w 21 16
w 21 17
w 21 18
w 22 2
w 22 6
w 22 7
w 22 17
w 22 18
w 23 0
w 23 6
w 23 7
w 23 9
w 23 11
w 23 13
w 23 14
w 24 3
w 24 6
w 24 7
w 24 8
w 24 9
w 24 10
w 24 13
w 24 17
w 24 18
w 24 19
w 25 2
w 25 3
w 25 4
w 25 6
w 25 11
w 25 13
w 25 17
w 25 18
w 25 19
w 26 1
w 26 2
w 26 3
w 26 11
w 26 12
w 26 13
w 26 14
w 26 16
w 26 17
w 26 18
w 26 19
w 27 0
w 27 1
w 27 2
w 27 3
w 27 6
w 27 7
w 27 9
w 27 10
w 27 11
w 27 12
w 27 13
w 27 14
w 27 16
w 27 17
w 27 18
w 27 19
w 28 0
w 28 1
w 28 2
w 28 6
w 28 7
w 28 8
w 28 11
w 28 13
w 28 16
w 28 17
w 28 18
w 28 19
w 29 0
w 29 1
w 29 2
w 29 4
w 29 16
w 29 17
w 29 18
w 29 19
w 30 1
w 30 2
w 30 3
w 30 6
w 30 7
w 30 9
w 30 10
w 30 14
w 30 16
w 30 17
w 30 18
w 30 19
w 31 2
w 31 5
w 31 6
w 31 9
w 31 14
w 31 15
w 31 16
w 31 17
w 31 18
w 31 19
w 32 5
w 32 6
w 32 7
w 32 9
w 32 10
w 32 12
w 32 14
w 32 15
w 32 16
w 32 17
w 32 18
w 32 19
w 33 0
w 33 4
w 33 5
w 33 6
w 33 7
w 33 8
w 33 13
w 33 14
w 33 15
w 33 16
w 33 17
w 33 18
w 33 19
w 34 2
w 34 4
w 34 5
w 34 6
w 34 7
w 34 8
w 34 9
w 34 11
w 34 13
w 34 14
w 34 15
w 34 16
w 34 17
w 34 18
w 34 19
p 20 5
p 21 10
p 23 1
p 31 8
p 34 1
p 5 1
p 9 5
p 24 14
p 12 15
p 14 18
p 0 1
p 29 9
p 18 6
p 7 12
p 3 11
p 17 1
p 11 3
p 2 3
p 26 9
t 1400 0
m 0 18
0 34 1
1 34 1
2 34 1
t 1399 0
m 0 17
0 33 1
1 33 1
2 33 1
t 1398 0
m 1 17
0 32 1
1 32 1
2 32 1
t 1397 0
m 1 16
0 32 2
1 32 2
2 32 2
t 1396 0
m 2 16
0 32 3
1 32 3
2 32 3
t 1395 0
m 2 15
0 31 3
1 31 3
2 31 3
t 1394 0
m 2 14
0 31 4
1 31 4
2 31 4
t 1393 0
m 2 13
0 30 4
1 30 4
2 30 4
t 1392 0
m 2 12
0 30 5
1 30 5
2 30 5
t 1391 0
m 2 11
0 29 5
1 29 5
2 29 5
f 25 0
t 1390 0
m 3 11
0 28 5
1 28 5
2 28 5
t 1389 5
m 2 11
0 27 5
1 27 5
2 27 5
t 1388 5
m 2 10
0 26 5
1 26 5
2 26 5
t 1387 5
m 2 9
0 25 5
1 25 5
2 25 5
t 1386 5
m 2 8
0 24 5
1 24 5
2 24 5
t 1385 5
m 2 7
0 23 5
1 23 5
2 23 5
t 1384 5
m 2 6
0 22 5
1 22 5
2 22 5
t 1383 5
m 2 5
0 21 5
1 22 4
2 21 5
t 1382 5
m 2 4
0 20 5
1 21 4
2 20 5
t 1381 5
m 2 3
0 19 5
1 20 4
2 19 5
t 1380 10
m 2 4
0 18 5
1 19 4
2 18 5
t 1379 10
m 1 4
0 17 5
1 19 5
2 17 5
t 1378 10
m 0 4
0 16 5
1 18 5
2 16 5
t 1377 10
m 0 3
0 15 5
1 17 5
2 15 5
t 1376 10
m 0 2
0 14 5
1 17 6
2 14 5
t 1375 10
m 0 1
0 13 5
1 18 6
2 13 5
t 1374 15
m 1 1
0 12 5
1 17 6
2 12 5
t 1373 15
m 2 1
0 11 5
1 17 5
2 11 5
t 1372 15
m 3 1
0 10 5
1 16 5
2 10 5
t 1371 15
m 4 1
0 9 5
1 15 5
2 9 5
t 1370 15
m 5 1
0 8 5
1 14 5
2 8 5
t 1369 21
m 4 1
0 7 5
1 13 5
2 7 5
t 1368 21
m 3 1
0 6 5
1 12 5
2 6 5
t 1367 21
m 2 1
0 5 5
1 11 5
2 5 5
t 1366 21
m 1 1
0 4 5
1 10 5
2 4 5
t 1365 21
m 0 1
0 3 5
1 9 5
2 3 5
t 1364 21
m 0 2
0 2 5
1 8 5
2 2 5
t 1363 21
m 0 3
0 2 4
1 7 5
2 2 4
t 1362 21
m 0 3
0 1 4
1 6 5
2 1 4
t 1361 21
m 0 3
0 0 4
1 5 5
2 0 4
t 1360 21
m 0 3
0 0 3
1 4 5
2 0 3
t 1359 21
