35
20
m 0 19
0 34 0
1 34 0
2 34 0
w 1 1
w 1 3
w 1 4
w 1 5
w 1 7
w 1 8
w 1 9
w 1 11
w 1 16
w 1 18
w 2 1
w 2 2
w 2 5
w 2 6
w 2 7
w 2 8
w 2 9
w 2 10
w 2 11
w 2 14
w 2 16
w 2 18
w 2 19
w 3 5
w 3 6
w 3 7
w 3 8
w 3 9
w 3 10
w 3 11
w 3 12
w 3 13
w 3 14
w 3 15
w 3 16
w 4 1
w 4 2
w 4 3
w 4 4
w 4 9
w 4 10
w 4 11
w 4 12
w 4 13
w 4 14
w 5 1
w 5 2
w 5 3
w 5 6
w 5 7
w 5 9
w 5 10
w 5 11
w 5 12
w 5 13
w 5 14
w 5 15
w 5 16
w 5 18
w 6 2
w 6 4
w 6 6
w 6 7
w 6 8
w 6 9
w 6 10
w 6 11
w 6 12
w 6 13
w 6 14
w 6 15
w 6 16
w 6 18
w 6 19
w 7 1
w 7 2
w 7 4
w 7 6
w 7 7
w 7 10
w 7 11
w 7 12
w 7 13
w 7 14
w 7 18
w 7 19
w 8 9
w 8 10
w 8 11
w 8 12
w 8 16
w 8 18
w 8 19
w 9 2
w 9 5
w 9 8
w 9 9
w 9 10
w 9 15
w 9 18
w 9 19
w 10 2
w 10 3
w 10 11
w 10 14
w 10 15
w 10 18
w 10 19
w 11 1
w 11 2
w 11 3
w 11 4
w 11 6
w 11 7
w 11 9
w 11 12
w 11 15
w 11 18
w 11 19
w 12 2
w 12 3
w 12 4
w 12 5
w 12 6
w 12 10
w 12 11
w 12 12
w 12 13
w 12 14
w 12 19
w 13 2
w 13 3
w 13 4
w 13 7
w 13 8
w 13 9
w 13 10
w 13 18
w 13 19
w 14 3
w 14 6
w 14 7
w 14 8
w 14 9
w 14 10
w 14 11
w 14 12
w 14 13
w 14 14
w 14 16
w 15 1
w 15 2
w 15 3
w 15 4
w 15 6
w 15 7
w 15 8
w 15 9
w 15 10
w 15 11
w 15 16
w 15 19
w 16 1
w 16 2
w 16 3
w 16 4
w 16 7
w 16 8
w 16 9
w 16 10
w 16 11
w 16 12
w 16 14
w 16 15
w 17 1
w 17 6
w 17 7
w 17 8
w 17 9
w 17 10
w 17 11
w 17 12
w 17 13
w 17 14
w 17 16
w 17 18
w 17 19
w 18 3
w 18 7
w 18 8
w 18 9
w 18 10
w 18 11
w 18 12
w 18 13
w 18 18
w 18 19
w 19 2
w 19 5
w 19 6
w 19 7
w 19 8
w 19 9
w 19 10
w 19 11
w 19 12
w 19 13
w 19 14
w 19 15
w 19 19
w 20 1
w 20 2
w 20 5
w 20 6
w 20 7
w 20 8
w 20 9
w 20 10
w 20 11
w 20 12
w 20 13
w 20 14
w 21 7
w 21 8
w 21 9
w 21 10
w 21 11
w 21 12
w 21 13
w 21 14
w 21 15
w 21 19
w 22 2
w 22 3
w 22 5
w 22 8
w 22 9
w 22 10
w 22 11
w 22 12
w 22 13
w 22 14
w 22 15
w 22 16
w 22 18
w 22 19
w 23 2
w 23 5
w 23 6
w 23 9
w 23 10
w 23 13
w 23 15
w 23 16
w 23 18
w 23 19
w 24 1
w 24 2
w 24 3
w 24 4
w 24 5
w 24 6
w 24 7
w 24 8
w 24 9
w 24 10
w 24 11
w 24 18
w 24 19
w 25 1
w 25 2
w 25 3
w 25 4
w 25 5
w 25 6
w 25 7
w 25 8
w 25 9
w 25 10
w 25 11
w 25 12
w 25 13
w 25 15
w 25 16
w 25 18
w 26 1
w 26 2
w 26 3
w 26 4
w 26 5
w 26 6
w 26 7
w 26 8
w 26 9
w 26 10
w 26 11
w 26 12
w 26 13
w 26 14
w 26 15
w 27 2
w 27 4
w 27 5
w 27 6
w 27 7
w 27 8
w 27 9
w 27 10
w 27 11
w 27 12
w 27 18
w 27 19
w 28 4
w 28 5
w 28 6
w 28 7
w 28 8
w 28 9
w 28 10
w 28 11
w 28 12
w 28 16
w 28 19
w 29 5
w 29 6
w 29 7
w 29 8
w 29 9
w 29 10
w 29 11
w 29 12
w 29 13
w 29 14
w 29 16
w 30 1
w 30 2
w 30 4
w 30 5
w 30 6
w 30 7
w 30 8
w 30 9
w 30 10
w 30 11
w 30 14
w 30 19
w 31 1
w 31 2
w 31 3
w 31 4
w 31 5
w 31 6
w 31 7
w 31 8
w 31 9
w 31 10
w 31 11
w 31 12
w 31 15
w 31 16
w 32 1
w 32 4
w 32 5
w 32 6
w 32 7
w 32 8
w 32 9
w 32 10
w 32 11
w 32 12
w 32 13
w 32 18
w 33 2
w 33 4
w 33 5
w 33 6
w 33 7
w 33 9
w 33 10
w 33 11
w 33 12
w 33 14
w 33 15
w 33 18
w 33 19
w 34 19
p 29 4
p 1 2
p 3 4
p 34 7
p 0 0
p 8 7
p 10 4
p 12 0
p 16 13
p 18 16
p 21 3
p 27 1
p 14 0
p 23 12
p 6 0
p 32 2
t 1400 0
m 0 18
0 33 0
1 33 0
2 33 0
t 1399 0
m 0 17
0 32 0
1 32 0
2 32 0
t 1398 0
m 0 16
0 31 0
1 31 0
2 31 0
t 1397 0
m 0 15
0 30 0
1 30 0
2 30 0
t 1396 0
m 0 14
0 29 0
1 29 0
2 29 0
t 1395 0
m 0 13
0 28 0
1 28 0
2 28 0
t 1394 0
m 0 12
0 27 0
1 27 0
2 27 0
t 1393 0
m 0 11
0 26 0
1 26 0
2 26 0
t 1392 0
m 0 10
0 25 0
1 25 0
2 25 0
t 1391 0
m 0 9
0 24 0
1 26 0
2 24 0
f 34 13
t 1390 0
m 0 8
0 23 0
1 25 0
2 23 0
t 1389 0
m 0 7
0 22 0
1 24 0
2 22 0
t 1388 0
m 0 6
0 21 0
1 23 0
2 21 0
t 1387 0
m 0 5
0 20 0
1 22 0
2 20 0
t 1386 0
m 0 4
0 19 0
1 21 0
2 19 0
t 1385 0
m 0 3
0 18 0
1 20 0
2 18 0
t 1384 0
m 0 2
0 17 0
1 19 0
2 17 0
t 1383 0
m 1 2
0 18 0
1 18 0
2 16 0
t 1382 6
m 0 2
0 18 1
1 17 0
2 15 0
t 1381 6
m 0 1
0 18 0
1 16 0
2 14 0
t 1380 6
m 0 0
0 17 0
1 15 0
2 13 0
t 1379 12
m 1 0
0 16 0
1 14 0
2 12 0
t 1378 12
m 2 0
0 15 0
1 13 0
2 11 0
t 1377 12
m 3 0
0 14 0
1 12 0
2 10 0
t 1376 12
m 3 1
0 13 0
1 11 0
2 9 0
t 1375 12
m 3 2
0 12 0
1 10 0
2 8 0
t 1374 12
m 3 3
0 11 0
1 9 0
2 7 0
t 1373 12
m 3 4
0 10 0
1 8 0
2 6 0
t 1372 18
m 3 3
0 9 0
1 7 0
2 5 0
t 1371 18
m 3 2
0 8 0
1 6 0
2 4 0
t 1370 18
m 3 1
0 7 0
1 5 0
2 3 0
t 1369 18
m 3 1
0 6 0
1 4 0
2 3 1
t 1368 18
