35
20
m 0 19
0 34 0
1 34 0
2 34 0
w 0 0
w 0 1
w 0 2
w 0 3
w 0 6
w 0 8
w 0 12
w 0 13
w 0 16
w 1 0
w 1 1
w 1 2
w 1 3
w 1 4
w 1 12
w 1 14
w 1 16
w 1 17
w 1 19
w 2 0
w 2 1
w 2 2
w 2 3
w 2 4
w 2 5
w 2 6
w 2 8
w 2 19
w 3 0
w 3 1
w 3 2
w 3 3
w 3 4
w 3 5
w 3 6
w 3 9
w 3 12
w 3 14
w 3 17
w 3 18
w 3 19
w 4 0
w 4 1
w 4 2
w 4 3
w 4 4
w 4 5
w 4 8
w 4 9
w 4 11
w 4 12
w 4 15
w 5 1
w 5 2
w 5 5
w 5 7
w 5 10
w 5 13
w 5 14
w 5 15
w 5 17
w 5 18
w 6 11
w 6 14
w 6 15
w 6 17
w 6 18
w 6 19
w 7 1
w 7 2
w 7 3
w 7 7
w 7 8
w 7 10
w 7 11
w 7 15
w 7 18
w 8 1
w 8 5
w 8 6
w 8 7
w 8 12
w 8 13
w 9 1
w 9 5
w 9 6
w 9 7
w 9 8
w 9 10
w 9 11
w 9 12
w 9 13
w 9 14
w 9 15
w 10 1
w 10 4
w 10 5
w 10 6
w 10 7
w 10 8
w 10 10
w 10 11
w 10 12
w 10 13
w 10 14
w 10 15
w 10 16
w 10 17
w 10 19
w 11 1
w 11 2
w 11 4
w 11 5
w 11 6
w 11 7
w 11 11
w 11 12
w 11 13
w 11 14
w 11 15
w 11 16
w 11 17
w 11 18
w 11 19
w 12 2
w 12 3
w 12 4
w 12 5
w 12 11
w 12 12
w 12 13
w 12 14
w 12 15
w 12 16
w 12 17
w 12 18
w 12 19
w 13 2
w 13 3
w 13 4
w 13 5
w 13 6
w 13 7
w 13 8
w 13 12
w 13 13
w 13 14
w 13 15
w 13 16
w 13 17
w 13 18
w 13 19
w 14 2
w 14 3
w 14 4
w 14 5
w 14 6
w 14 7
w 14 8
w 14 10
w 14 11
w 14 12
w 14 13
w 14 14
w 14 15
w 14 16
w 14 17
w 14 18
w 14 19
w 15 2
w 15 3
w 15 4
w 15 5
w 15 6
w 15 11
w 15 12
w 15 13
w 15 14
w 15 15
w 15 16
w 15 17
w 15 18
w 15 19
w 16 3
w 16 4
w 16 10
w 16 11
w 16 13
w 16 14
w 16 15
w 16 16
w 16 17
w 16 18
w 16 19
w 17 2
w 17 3
w 17 4
w 17 14
w 17 15
w 17 16
w 17 17
w 17 18
w 17 19
w 18 2
w 18 3
w 18 4
w 18 5
w 18 6
w 18 12
w 18 14
w 18 15
w 18 16
w 18 17
w 18 18
w 18 19
w 19 2
w 19 3
w 19 4
w 19 5
w 19 6
w 19 7
w 19 8
w 19 10
w 19 12
w 19 13
w 19 14
w 19 15
w 19 16
w 19 17
w 19 18
w 19 19
w 20 1
w 20 2
w 20 3
w 20 4
w 20 6
w 20 12
w 20 13
w 20 14
w 20 15
w 20 16
w 20 17
w 20 18
w 20 19
w 21 2
w 21 3
w 21 6
w 21 7
w 21 8
w 21 10
w 21 12
w 21 13
w 21 14
w 21 15
w 21 16
w 21 17
w 21 18
w 21 19
w 22 1
w 22 2
w 22 7
w 22 11
w 22 12
w 22 13
w 22 14
w 22 15
w 22 16
w 22 17
w 22 18
w 22 19
w 23 1
w 23 2
w 23 3
w 23 7
w 23 8
w 23 10
w 23 11
w 23 12
w 23 13
w 23 14
w 23 15
w 23 16
w 23 17
w 23 18
w 23 19
w 24 3
w 24 6
w 24 7
w 24 12
w 24 13
w 24 14
w 24 15
w 24 16
w 24 17
w 24 18
w 24 19
w 25 2
w 25 3
w 25 5
w 25 6
w 25 7
w 25 8
w 25 11
w 25 12
w 25 13
w 25 14
w 25 15
w 25 16
w 25 17
w 25 18
w 25 19
w 26 3
w 26 5
w 26 6
w 26 7
w 26 8
w 26 10
w 26 12
w 26 13
w 26 14
w 26 15
w 26 16
w 26 17
w 26 18
w 26 19
w 27 1
w 27 2
w 27 6
w 27 7
w 27 8
w 27 13
w 27 14
w 27 15
w 27 17
w 27 18
w 27 19
w 28 5
w 28 7
w 28 8
w 28 11
w 28 12
w 28 14
w 28 15
w 28 18
w 28 19
w 29 3
w 29 5
w 29 10
w 29 12
w 29 17
w 29 18
w 29 19
w 30 1
w 30 4
w 30 5
w 30 6
w 30 8
w 30 12
w 30 14
w 30 15
w 30 17
w 30 18
w 30 19
w 31 1
w 31 2
w 31 3
w 31 8
w 31 14
w 31 15
w 31 18
w 31 19
w 32 2
w 32 4
w 32 6
w 32 12
w 32 13
w 32 14
w 32 15
w 32 16
w 32 18
w 32 19
w 33 1
w 33 4
w 33 7
w 33 8
w 33 10
w 33 11
w 33 12
w 33 13
w 33 14
w 33 15
w 33 16
w 33 18
w 33 19
w 34 13
w 34 14
w 34 15
w 34 16
w 34 17
w 34 18
w 34 19
p 4 10
p 7 17
p 0 4
p 27 11
p 2 7
p 9 9
p 31 7
p 33 3
p 16 6
p 12 9
p 18 9
p 24 9
p 6 3
p 21 11
p 29 8
t 1400 0
m 0 18
0 34 1
1 33 0
2 34 1
t 1399 0
m 1 18
0 34 2
1 32 0
2 34 0
t 1398 0
m 2 18
0 34 3
1 31 0
2 34 1
t 1397 0
m 2 17
0 34 4
1 30 0
2 34 0
t 1396 0
m 2 16
0 34 5
1 29 0
2 33 0
t 1395 0
m 3 16
0 33 5
1 28 0
2 32 0
t 1394 0
m 4 16
0 32 5
1 27 0
2 31 0
f 33 6
t 1393 0
m 5 16
0 31 5
1 26 0
2 30 0
t 1392 0
m 6 16
0 31 6
1 25 0
2 29 0
t 1391 0
m 7 16
0 31 7
1 24 0
2 28 0
t 1390 0
m 7 17
0 30 7
1 23 0
2 27 0
t 1389 6
m 7 16
0 29 7
1 22 0
2 26 0
t 1388 6
m 6 16
0 29 8
1 21 0
2 25 0
t 1387 6
m 5 16
0 29 9
1 20 0
2 24 0
t 1386 6
m 4 16
0 28 9
1 19 0
2 23 0
t 1385 6
m 3 16
0 27 9
1 18 0
2 22 0
t 1384 6
m 3 15
0 26 9
1 17 0
2 21 0
t 1383 6
m 2 15
0 25 9
1 16 0
2 20 0
t 1382 6
m 2 14
0 24 9
1 15 0
2 19 0
t 1381 6
m 2 13
0 23 9
1 14 0
2 18 0
t 1380 6
m 2 12
0 22 9
1 13 0
2 17 0
t 1379 6
m 2 11
0 21 9
1 12 0
2 16 0
t 1378 6
m 2 10
0 20 9
1 11 0
2 15 0
t 1377 6
m 3 10
0 19 9
1 10 0
2 15 1
t 1376 6
m 4 10
0 18 9
1 9 0
2 14 1
t 1375 13
m 3 10
0 17 9
1 8 0
2 13 1
t 1374 13
m 2 10
0 16 9
1 7 0
2 12 1
t 1373 13
m 2 9
0 15 9
1 6 0
2 12 0
t 1372 13
m 1 9
0 14 9
1 6 1
2 11 0
t 1371 13
m 1 8
0 13 9
1 6 2
2 10 0
t 1370 13
m 1 7
0 12 9
1 6 3
2 9 0
t 1369 13
m 2 7
0 11 9
1 6 4
2 10 0
t 1368 20
m 1 7
0 10 9
1 6 5
2 9 0
t 1367 20
m 1 6
0 9 9
1 6 6
2 8 0
t 1366 20
m 1 5
0 8 9
1 5 6
2 7 0
t 1365 20
m 0 5
0 7 9
1 4 6
2 6 0
t 1364 20
m 0 4
0 6 9
1 4 7
2 6 1
t 1363 26
m 0 4
0 6 8
1 3 7
2 6 2
t 1362 26
m 0 4
0 6 7
1 2 7
2 6 3
t 1361 26
m 0 4
0 6 6
1 1 7
2 6 4
t 1360 26
m 0 4
0 5 6
1 1 6
2 6 5
t 1359 26
m 0 4
0 4 6
1 1 5
2 6 6
t 1358 26
m 0 4
0 4 7
1 0 5
2 5 6
t 1357 26
m 0 4
0 3 7
1 0 4
2 4 6
t 1356 26
