35
20
m 0 19
0 34 0
1 34 0
2 34 0
w 1 4
w 1 5
w 1 7
w 1 9
w 1 10
w 1 11
w 1 14
w 1 16
w 1 19
w 2 1
w 2 2
w 2 3
w 2 4
w 2 7
w 2 8
w 2 9
w 2 10
w 2 11
w 2 12
w 2 13
w 2 14
w 2 16
w 2 18
w 2 19
w 3 2
w 3 3
w 3 4
w 3 5
w 3 8
w 3 9
w 3 11
w 3 14
w 3 15
w 3 16
w 3 18
w 3 19
w 4 2
w 4 6
w 4 14
w 4 15
w 4 16
w 4 18
w 4 19
w 5 3
w 5 4
w 5 6
w 5 7
w 5 9
w 5 10
w 5 11
w 5 15
w 5 16
w 5 18
w 5 19
w 6 1
w 6 2
w 6 3
w 6 6
w 6 10
w 6 11
w 6 13
w 6 15
w 6 18
w 6 19
w 7 2
w 7 3
w 7 4
w 7 11
w 7 12
w 7 13
w 7 14
w 7 16
w 7 18
w 7 19
w 8 3
w 8 4
w 8 7
w 8 8
w 8 9
w 8 12
w 8 19
w 9 1
w 9 3
w 9 4
w 9 7
w 9 11
w 9 12
w 9 13
w 9 14
w 9 18
w 9 19
w 10 1
w 10 2
w 10 3
w 10 4
w 10 10
w 10 11
w 10 12
w 10 13
w 10 14
w 10 16
w 10 18
w 10 19
w 11 2
w 11 3
w 11 9
w 11 10
w 11 11
w 11 13
w 12 4
w 12 6
w 12 7
w 12 9
w 12 13
w 12 14
w 12 15
w 12 18
w 13 5
w 13 6
w 13 7
w 13 8
w 13 9
w 13 10
w 13 18
w 14 2
w 14 5
w 14 6
w 14 7
w 14 8
w 14 9
w 14 10
w 14 13
w 14 16
w 15 2
w 15 3
w 15 5
w 15 6
w 15 7
w 15 8
w 15 9
w 15 10
w 15 12
w 15 18
w 15 19
w 16 2
w 16 3
w 16 4
w 16 5
w 16 6
w 16 7
w 16 8
w 16 9
w 16 10
w 16 12
w 16 13
w 16 14
w 16 15
w 16 18
w 16 19
w 17 1
w 17 2
w 17 3
w 17 4
w 17 5
w 17 6
w 17 7
w 17 8
w 17 9
w 17 12
w 17 15
w 17 16
w 17 18
w 17 19
w 18 3
w 18 4
w 18 5
w 18 6
w 18 7
w 18 8
w 18 9
w 18 10
w 18 13
w 18 19
w 19 2
w 19 5
w 19 7
w 19 8
w 19 9
w 19 10
w 19 13
w 19 14
w 19 16
w 19 19
w 20 1
w 20 2
w 20 5
w 20 7
w 20 8
w 20 9
w 20 10
w 20 11
w 20 12
w 21 4
w 21 5
w 21 7
w 21 8
w 21 9
w 21 10
w 21 11
w 21 12
w 21 13
w 21 18
w 22 1
w 22 5
w 22 7
w 22 8
w 22 9
w 22 10
w 22 13
w 22 14
w 22 16
w 22 19
w 23 3
w 23 7
w 23 8
w 23 9
w 23 10
w 23 12
w 23 16
w 23 18
w 23 19
w 24 5
w 24 8
w 24 9
w 24 10
w 24 14
w 24 15
w 24 16
w 24 18
w 24 19
w 25 1
w 25 2
w 25 3
w 25 4
w 25 5
w 25 7
w 25 11
w 25 12
w 25 13
w 25 19
w 26 1
w 26 3
w 26 4
w 26 5
w 26 6
w 26 7
w 26 8
w 26 10
w 26 15
w 26 16
w 26 18
w 26 19
w 27 4
w 27 5
w 27 6
w 27 11
w 27 16
w 27 18
w 27 19
w 28 1
w 28 4
w 28 5
w 28 9
w 28 12
w 28 14
w 28 19
w 29 4
w 29 7
w 29 9
w 29 10
w 29 11
w 29 13
w 29 14
w 29 15
w 29 18
w 29 19
w 30 3
w 30 4
w 30 6
w 30 9
w 30 11
w 30 13
w 30 14
w 30 15
w 30 16
w 30 19
w 31 3
w 31 4
w 31 7
w 31 8
w 31 9
w 31 11
w 31 14
w 31 15
w 32 18
w 33 2
w 33 4
w 33 5
w 33 6
w 33 7
w 33 8
w 33 9
w 33 12
w 33 13
w 33 14
w 33 16
w 33 17
w 34 1
w 34 2
w 34 3
w 34 4
w 34 5
w 34 6
w 34 7
w 34 8
w 34 9
w 34 11
w 34 12
w 34 13
w 34 14
w 34 15
w 34 16
w 34 17
p 23 4
p 17 0
p 19 6
p 9 5
p 30 12
p 21 3
p 14 12
p 3 12
p 27 3
p 32 5
p 25 6
p 12 17
p 5 8
p 0 0
p 28 16
p 1 1
p 11 6
p 33 18
p 7 8
t 1400 0
m 0 18
0 33 0
1 33 0
2 33 0
t 1399 0
m 0 17
0 32 0
1 32 0
2 32 0
t 1398 0
m 1 17
0 31 0
1 31 0
2 31 0
t 1397 0
m 2 17
0 30 0
1 30 0
2 30 0
t 1396 0
m 3 17
0 29 0
1 29 0
2 29 0
t 1395 0
m 4 17
0 28 0
1 28 0
2 28 0
t 1394 0
m 5 17
0 27 0
1 27 0
2 27 0
t 1393 0
m 6 17
0 26 0
1 26 0
2 26 0
t 1392 0
m 7 17
0 25 0
1 25 0
2 25 0
t 1391 0
m 8 17
0 24 0
1 24 0
2 24 0
t 1390 0
m 9 17
0 25 0
1 23 0
2 23 0
t 1389 0
m 10 17
0 26 0
1 22 0
2 22 0
t 1388 0
m 11 17
0 27 0
1 21 0
2 21 0
f 6 12
t 1387 0
m 12 17
0 27 1
1 20 0
2 20 0
t 1386 5
m 12 16
0 27 2
1 19 0
2 19 0
t 1385 5
m 13 16
0 28 2
1 18 0
2 18 0
t 1384 5
m 13 15
0 29 2
1 17 0
2 17 0
t 1383 5
m 13 14
0 30 2
1 16 0
2 16 0
t 1382 5
m 13 13
0 31 2
1 15 0
2 17 0
t 1381 5
m 13 12
0 32 2
1 14 0
2 18 0
t 1380 5
m 14 12
0 32 3
1 13 0
2 18 1
t 1379 10
m 13 12
0 32 4
1 12 0
2 18 0
t 1378 10
m 13 13
0 32 5
1 11 0
2 17 0
t 1377 10
m 13 14
0 32 6
1 10 0
2 16 0
t 1376 10
m 13 15
0 32 7
1 9 0
2 15 0
t 1375 10
m 13 16
0 32 8
1 8 0
2 14 0
t 1374 10
m 12 16
0 32 9
1 7 0
2 13 0
t 1373 10
m 11 16
0 32 10
1 6 0
2 12 0
t 1372 10
m 11 15
0 32 11
1 5 0
2 11 0
t 1371 10
m 10 15
0 32 12
1 4 0
2 10 0
t 1370 10
m 9 15
0 32 13
1 3 0
2 9 0
t 1369 10
m 8 15
0 31 13
1 2 0
2 8 0
t 1368 10
m 8 16
0 32 13
1 1 0
2 7 0
t 1367 10
m 8 17
0 32 14
1 2 0
2 6 0
t 1366 10
m 7 17
0 32 15
1 1 0
2 5 0
t 1365 10
m 6 17
0 32 16
1 1 1
2 4 0
t 1364 10
m 5 17
0 31 16
1 1 2
2 3 0
t 1363 10
m 4 17
0 31 17
1 1 3
2 2 0
t 1362 10
m 3 17
0 30 17
1 0 3
2 1 0
t 1361 10
m 2 17
0 29 17
1 0 4
2 1 1
t 1360 10
m 1 17
0 28 17
1 0 5
2 1 2
t 1359 10
m 0 17
0 27 17
1 0 6
2 1 3
t 1358 10
m 0 16
0 26 17
1 0 7
2 0 3
t 1357 10
m 0 17
0 25 17
1 0 8
2 0 4
t 1356 10
m 1 17
0 24 17
1 0 9
2 0 5
t 1355 10
m 2 17
0 23 17
1 0 10
2 0 6
t 1354 10
m 3 17
0 22 17
1 0 11
2 0 7
t 1353 10
m 4 17
0 21 17
1 0 12
2 0 8
t 1352 10
m 5 17
0 20 17
1 0 13
2 0 9
t 1351 10
m 6 17
0 19 17
1 0 14
2 0 10
t 1350 10
m 7 17
0 18 17
1 0 15
2 0 11
t 1349 10
m 8 17
0 18 16
1 0 16
2 0 12
t 1348 10
m 9 17
0 18 15
1 0 17
2 0 13
t 1347 10
m 10 17
0 18 16
1 1 17
2 0 14
t 1346 10
m 11 17
0 18 17
1 2 17
2 0 15
t 1345 10
m 12 17
0 17 17
1 3 17
2 0 16
t 1344 10
m 13 17
0 16 17
1 2 17
2 0 17
t 1343 10
m 13 17
0 15 17
1 3 17
2 1 17
t 1342 10
m 13 16
0 14 17
1 4 17
2 2 17
t 1341 10
m 13 15
0 13 17
1 5 17
2 3 17
t 1340 10
m 14 15
0 13 16
1 6 17
2 4 17
t 1339 10
m 15 15
0 13 15
1 7 17
2 5 17
t 1338 10
m 15 16
0 14 15
1 6 17
2 6 17
t 1337 10
m 16 16
0 15 15
1 7 17
2 7 17
t 1336 10
m 16 17
0 14 15
1 8 17
2 8 17
t 1335 10
m 17 17
0 15 15
1 9 17
2 9 17
t 1334 10
m 18 17
0 15 16
1 10 17
2 10 17
t 1333 10
m 19 17
0 15 17
1 9 17
2 11 17
t 1332 10
m 20 17
0 16 17
1 10 17
2 12 17
t 1331 10
m 21 17
0 17 17
1 11 17
2 13 17
t 1330 10
m 22 17
0 18 17
1 12 17
2 14 17
t 1329 10
m 23 17
0 19 17
1 13 17
2 15 17
t 1328 10
m 24 17
0 20 17
1 14 17
2 16 17
t 1327 10
m 25 17
0 21 17
1 15 17
2 17 17
t 1326 10
m 26 17
0 22 17
1 16 17
2 18 17
t 1325 10
m 27 17
0 23 17
1 17 17
2 19 17
t 1324 10
m 28 17
0 24 17
1 18 17
2 20 17
t 1323 10
m 28 16
0 25 17
1 19 17
2 21 17
t 1322 15
m 29 16
0 26 17
1 20 17
2 22 17
t 1321 15
m 29 17
0 27 17
1 21 17
2 23 17
t 1320 15
m 30 17
0 28 17
1 22 17
2 24 17
t 1319 15
m 30 18
0 29 17
1 23 17
2 25 17
t 1318 15
m 31 18
0 30 17
1 24 17
2 26 17
t 1317 15
m 31 19
0 30 18
1 25 17
2 27 17
t 1316 15
m 32 19
0 31 18
1 26 17
2 28 17
t 1315 15
m 33 19
0 30 18
1 27 17
2 27 17
t 1314 15
m 33 18
0 31 18
1 28 17
2 28 17
t 1313 21
m 33 18
0 31 19
1 29 17
2 29 17
t 1312 21
m 33 18
0 32 19
1 30 17
2 30 17
t 1311 21
m 33 18
0 33 19
1 30 18
2 31 17
t 1310 21
m 33 18
0 33 18
1 31 18
2 31 18
t 1309 21
