35
20
m 0 19
0 34 0
1 34 0
2 34 0
w 1 0
w 1 3
w 1 5
w 1 6
w 1 7
w 1 8
w 1 9
w 1 11
w 1 12
w 1 13
w 1 15
w 1 16
w 1 17
w 2 5
w 2 6
w 2 7
w 2 8
w 2 9
w 2 10
w 2 11
w 2 12
w 2 13
w 2 14
w 2 15
w 2 16
w 2 17
w 2 18
w 3 0
w 3 2
w 3 5
w 3 6
w 3 7
w 3 8
w 3 9
w 3 10
w 3 11
w 3 12
w 3 13
w 3 14
w 3 15
w 3 16
w 3 17
w 4 3
w 4 6
w 4 7
w 4 8
w 4 9
w 4 10
w 4 11
w 4 12
w 4 13
w 4 14
w 4 15
w 4 16
w 4 17
w 4 18
w 5 0
w 5 5
w 5 6
w 5 7
w 5 8
w 5 9
w 5 10
w 5 12
w 5 13
w 5 14
w 5 15
w 5 16
w 5 17
w 6 0
w 6 3
w 6 5
w 6 6
w 6 7
w 6 8
w 6 9
w 6 10
w 6 12
w 6 13
w 6 14
w 6 15
w 6 16
w 6 17
w 7 3
w 7 4
w 7 5
w 7 6
w 7 10
w 7 12
w 7 15
w 7 16
w 7 17
w 7 18
w 8 0
w 8 3
w 8 4
w 8 5
w 8 6
w 8 7
w 8 8
w 8 14
w 8 15
w 8 16
w 8 17
w 8 18
w 9 4
w 9 5
w 9 6
w 9 7
w 9 8
w 9 9
w 9 10
w 9 12
w 9 14
w 9 15
w 9 16
w 9 17
w 10 0
w 10 2
w 10 4
w 10 5
w 10 7
w 10 8
w 10 12
w 10 18
w 11 0
w 11 4
w 11 7
w 11 9
w 11 10
w 11 11
w 11 14
w 11 17
w 11 18
w 12 0
w 12 2
w 12 4
w 12 5
w 12 9
w 12 11
w 12 12
w 12 13
w 12 14
w 12 18
w 13 4
w 13 5
w 13 6
w 13 12
w 13 13
w 14 0
w 14 3
w 14 4
w 14 5
w 14 6
w 14 7
w 14 15
w 14 17
w 15 0
w 15 2
w 15 3
w 15 4
w 15 5
w 15 6
w 15 7
w 15 9
w 15 10
w 15 11
w 15 12
w 15 13
w 15 16
w 16 2
w 16 3
w 16 4
w 16 5
w 16 6
w 16 7
w 16 8
w 16 9
w 16 10
w 16 11
w 16 12
w 16 13
w 16 14
w 16 16
w 17 3
w 17 4
w 17 5
w 17 6
w 17 7
w 17 8
w 17 9
w 17 10
w 17 11
w 17 12
w 17 13
w 17 16
w 18 0
w 18 4
w 18 5
w 18 6
w 18 7
w 18 8
w 18 9
w 18 10
w 18 11
w 18 12
w 18 13
w 18 15
w 18 16
w 18 17
w 18 18
w 19 0
w 19 2
w 19 4
w 19 5
w 19 6
w 19 7
w 19 8
w 19 9
w 19 10
w 19 11
w 19 12
w 20 2
w 20 3
w 20 4
w 20 5
w 20 6
w 20 7
w 20 8
w 20 9
w 20 10
w 20 11
w 20 14
w 20 16
w 20 17
w 21 0
w 21 3
w 21 4
w 21 5
w 21 6
w 21 7
w 21 8
w 21 9
w 21 10
w 21 11
w 21 12
w 21 14
w 21 16
w 21 17
w 21 18
w 22 0
w 22 2
w 22 4
w 22 5
w 22 6
w 22 7
w 22 8
w 22 9
w 22 10
w 22 13
w 22 14
w 22 15
w 22 16
w 22 17
w 22 18
w 23 4
w 23 6
w 23 7
w 23 8
w 23 9
w 23 10
w 23 11
w 23 13
w 23 14
w 23 15
w 23 18
w 24 3
w 24 7
w 24 8
w 24 9
w 24 10
w 24 17
w 24 18
w 25 0
w 25 3
w 25 4
w 25 5
w 25 7
w 25 8
w 25 9
w 25 10
w 25 12
w 25 15
w 25 18
w 26 0
w 26 8
w 26 9
w 26 10
w 26 12
w 27 2
w 27 5
w 27 9
w 27 10
w 27 11
w 27 12
w 27 13
w 27 16
w 27 17
w 27 18
w 28 2
w 28 4
w 28 5
w 28 6
w 28 10
w 28 15
w 28 16
w 28 17
w 29 3
w 29 9
w 29 10
w 29 15
w 29 16
w 29 17
w 29 18
w 30 0
w 30 4
w 30 6
w 30 8
w 30 9
w 30 10
w 30 12
w 30 15
w 30 16
w 30 17
w 30 18
w 31 2
w 31 3
w 31 5
w 31 6
w 31 7
w 31 8
w 31 11
w 31 16
w 32 0
w 32 5
w 32 6
w 32 7
w 32 8
w 32 12
w 32 17
w 32 18
w 33 0
w 33 2
w 33 3
w 33 6
w 33 8
w 33 9
w 33 10
w 33 12
w 33 13
w 33 15
w 33 16
w 33 17
p 4 4
p 13 8
p 17 17
p 1 2
p 25 13
p 0 0
p 23 16
p 20 13
p 11 12
p 32 9
p 9 18
p 28 18
p 27 0
p 30 11
p 14 18
p 34 5
p 7 8
t 1400 0
m 1 19
0 34 1
1 34 1
2 34 1
t 1399 0
m 2 19
0 34 2
1 33 1
2 33 1
t 1398 0
m 3 19
0 34 3
1 32 1
2 32 1
t 1397 0
m 4 19
0 34 4
1 31 1
2 31 1
t 1396 0
m 5 19
0 34 5
1 30 1
2 30 1
t 1395 0
m 6 19
0 34 6
1 29 1
2 29 1
f 10 16
t 1394 0
m 7 19
0 34 7
1 28 1
2 28 1
t 1393 0
m 8 19
0 34 8
1 27 1
2 27 1
t 1392 0
m 9 19
0 34 9
1 26 1
2 26 1
t 1391 0
m 9 18
0 34 10
1 27 1
2 26 2
t 1390 5
m 9 19
0 34 11
1 28 1
2 26 1
t 1389 5
m 10 19
0 34 12
1 29 1
2 27 1
t 1388 5
m 11 19
0 34 13
1 30 1
2 28 1
t 1387 5
m 12 19
0 34 14
1 31 1
2 29 1
t 1386 5
m 13 19
0 33 14
1 32 1
2 30 1
t 1385 5
m 13 18
0 32 14
1 32 2
2 31 1
t 1384 5
m 13 17
0 31 14
1 32 3
2 32 1
t 1383 5
m 12 17
0 30 14
1 32 4
2 32 2
t 1382 5
m 12 16
0 29 14
1 33 4
2 32 3
t 1381 5
m 11 16
0 28 14
1 33 5
2 32 4
t 1380 5
m 10 16
0 27 14
1 34 5
2 33 4
t 1379 15
m 10 15
0 26 14
1 34 6
2 33 5
f 13 11
t 1378 15
m 10 14
0 26 15
1 34 7
2 34 5
t 1377 15
m 10 13
0 26 16
1 34 8
2 34 6
t 1376 15
m 11 13
0 26 17
1 34 9
2 34 7
t 1375 15
m 11 12
0 26 18
1 34 10
2 34 8
t 1374 21
m 11 13
0 26 19
1 34 11
2 34 9
t 1373 21
m 10 13
0 25 19
1 34 12
2 34 10
t 1372 21
m 10 14
0 24 19
1 34 13
2 34 11
t 1371 21
m 10 15
0 23 19
1 34 14
2 34 12
t 1370 21
m 11 15
0 22 19
1 33 14
2 34 13
t 1369 21
m 12 15
0 21 19
1 32 14
2 34 14
t 1368 21
m 13 15
0 20 19
1 31 14
2 33 14
t 1367 21
m 13 14
0 19 19
1 30 14
2 32 14
t 1366 21
m 14 14
0 18 19
1 29 14
2 31 14
t 1365 21
m 14 13
0 17 19
1 28 14
2 30 14
t 1364 21
m 14 12
0 16 19
1 27 14
2 29 14
t 1363 21
m 14 11
0 15 19
1 26 14
2 28 14
t 1362 21
m 13 11
0 14 19
1 26 15
2 27 14
t 1361 31
m 13 10
0 13 19
1 26 16
2 26 14
t 1360 31
m 13 9
0 13 18
1 26 17
2 26 15
f 33 11
t 1359 31
m 13 8
0 13 17
1 26 18
2 26 16
t 1358 37
m 14 8
0 13 16
1 26 19
2 26 17
t 1357 37
m 14 9
0 13 15
1 25 19
2 26 18
t 1356 37
m 14 10
0 13 14
1 24 19
2 26 19
t 1355 37
m 14 11
0 14 14
1 23 19
2 25 19
t 1354 37
m 14 11
0 14 13
1 22 19
2 24 19
t 1353 37
m 14 11
0 14 12
1 21 19
2 23 19
t 1352 37
m 14 11
0 14 11
1 20 19
2 22 19
t 1351 37
