35
20
m 0 19
0 34 0
1 34 0
2 34 0
w 0 0
w 0 1
w 0 2
w 0 3
w 0 4
w 0 5
w 0 6
w 0 7
w 0 8
w 0 9
w 0 10
w 0 11
w 0 12
w 0 14
w 0 15
w 0 16
w 1 0
w 1 1
w 1 2
w 1 3
w 1 4
w 1 5
w 1 6
w 1 7
w 1 8
w 1 9
w 1 10
w 1 11
w 1 19
w 2 0
w 2 1
w 2 2
w 2 3
w 2 4
w 2 5
w 2 6
w 2 7
w 2 8
w 2 9
w 2 10
w 2 11
w 2 12
w 2 19
w 3 0
w 3 1
w 3 2
w 3 3
w 3 4
w 3 5
w 3 6
w 3 7
w 3 8
w 3 9
w 3 10
w 3 17
w 4 0
w 4 1
w 4 2
w 4 3
w 4 4
w 4 5
w 4 6
w 4 7
w 4 8
w 4 9
w 4 10
w 4 12
w 4 13
w 4 14
w 4 15
w 4 16
w 4 17
w 4 18
w 5 0
w 5 1
w 5 2
w 5 3
w 5 4
w 5 5
w 5 6
w 5 7
w 5 8
w 5 11
w 5 12
w 5 13
w 5 14
w 5 15
w 5 16
w 5 17
w 6 0
w 6 1
w 6 2
w 6 3
w 6 4
w 6 5
w 6 6
w 6 7
w 6 10
w 6 11
w 6 12
w 6 13
w 6 16
w 6 17
w 6 18
w 7 0
w 7 1
w 7 2
w 7 3
w 7 4
w 7 5
w 7 6
w 7 7
w 7 8
w 7 10
w 7 11
w 7 12
w 7 13
w 7 14
w 7 16
w 8 0
w 8 1
w 8 2
w 8 3
w 8 4
w 8 5
w 8 6
w 8 7
w 8 10
w 8 11
w 8 12
w 8 13
w 8 14
w 8 18
w 8 19
w 9 0
w 9 1
w 9 2
w 9 3
w 9 4
w 9 5
w 9 6
w 9 8
w 9 10
w 9 11
w 9 12
w 9 15
w 9 17
w 9 18
w 9 19
w 10 0
w 10 1
w 10 2
w 10 3
w 10 4
w 10 5
w 10 6
w 10 10
w 10 11
w 10 12
w 10 14
w 10 17
w 10 18
w 10 19
w 11 0
w 11 1
w 11 2
w 11 3
w 11 4
w 11 5
w 11 6
w 11 7
w 11 8
w 11 10
w 11 16
w 11 17
w 11 18
w 11 19
w 12 0
w 12 1
w 12 2
w 12 3
w 12 4
w 12 6
w 12 7
w 12 8
w 12 10
w 12 12
w 12 14
w 12 15
w 12 16
w 12 17
w 12 18
w 12 19
w 13 0
w 13 1
w 13 2
w 13 3
w 13 7
w 13 12
w 13 13
w 13 14
w 13 15
w 13 16
w 13 17
w 13 18
w 13 19
w 14 0
w 14 1
w 14 2
w 14 3
w 14 4
w 14 5
w 14 11
w 14 12
w 14 13
w 14 14
w 14 15
w 14 16
w 14 17
w 14 18
w 14 19
w 15 0
w 15 1
w 15 2
w 15 3
w 15 4
w 15 5
w 15 7
w 15 9
w 15 12
w 15 13
w 15 14
w 15 15
w 15 16
w 15 17
w 15 18
w 15 19
w 16 0
w 16 1
w 16 2
w 16 3
w 16 4
w 16 6
w 16 7
w 16 10
w 16 12
w 16 13
w 16 14
w 16 15
w 16 16
w 16 17
w 16 18
w 16 19
w 17 0
w 17 1
w 17 12
w 17 13
w 17 14
w 17 15
w 17 16
w 17 17
w 17 18
w 17 19
w 18 11
w 18 12
w 18 13
w 18 14
w 18 15
w 18 16
w 18 17
w 18 18
w 18 19
w 19 1
w 19 2
w 19 4
w 19 6
w 19 7
w 19 10
w 19 11
w 19 12
w 19 13
w 19 14
w 19 15
w 19 16
w 19 17
w 19 18
w 19 19
w 20 1
w 20 2
w 20 3
w 20 11
w 20 12
w 20 13
w 20 14
w 20 15
w 20 16
w 20 17
w 20 18
w 20 19
w 21 1
w 21 2
w 21 6
w 21 7
w 21 10
w 21 11
w 21 12
w 21 13
w 21 14
w 21 15
w 21 16
w 21 17
w 21 18
w 21 19
w 22 1
w 22 3
w 22 7
w 22 9
w 22 11
w 22 14
w 22 15
w 22 16
w 22 17
w 22 18
w 22 19
w 23 4
w 23 5
w 23 6
w 23 7
w 23 9
w 23 14
w 23 15
w 23 16
w 23 17
w 23 18
w 23 19
w 24 2
w 24 5
w 24 6
w 24 7
w 24 9
w 24 12
w 24 14
w 24 15
w 24 16
w 24 17
w 24 18
w 24 19
w 25 2
w 25 4
w 25 5
w 25 6
w 25 7
w 25 13
w 25 14
w 25 15
w 25 16
w 25 17
w 25 18
w 25 19
w 26 3
w 26 4
w 26 5
w 26 6
w 26 7
w 26 14
w 26 15
w 26 16
w 26 17
w 26 18
w 26 19
w 27 3
w 27 4
w 27 5
w 27 6
w 27 7
w 27 9
w 27 13
w 27 14
w 27 15
w 27 16
w 27 17
w 27 18
w 27 19
w 28 1
w 28 4
w 28 5
w 28 6
w 28 7
w 28 9
w 28 12
w 28 14
w 28 15
w 28 16
w 28 17
w 28 18
w 28 19
w 29 2
w 29 4
w 29 5
w 29 6
w 29 10
w 29 15
w 29 18
w 29 19
w 30 1
w 30 2
w 30 3
w 30 4
w 30 6
w 30 13
w 30 18
w 30 19
w 31 2
w 31 3
w 31 4
w 31 6
w 31 9
w 31 10
w 31 11
w 31 12
w 31 13
w 31 14
w 31 16
w 31 18
w 31 19
w 32 2
w 32 3
w 32 4
w 32 10
w 32 11
w 32 12
w 32 13
w 32 14
w 33 2
w 33 3
w 33 4
w 33 5
w 33 6
w 33 10
w 33 11
w 33 12
w 33 13
w 33 14
w 33 19
w 34 10
w 34 11
w 34 12
w 34 13
w 34 14
w 34 16
w 34 17
w 34 18
w 34 19
p 8 8
p 18 4
p 21 0
p 28 10
p 23 10
p 0 13
p 30 10
p 34 6
p 15 10
p 26 0
p 32 9
p 11 14
p 3 15
t 1400 0
m 0 18
0 34 1
1 33 0
2 33 0
t 1399 0
m 0 17
0 34 2
1 32 0
2 32 0
t 1398 0
m 1 17
0 34 3
1 31 0
2 31 0
f 24 4
t 1397 0
m 1 16
0 34 4
1 30 0
2 30 0
t 1396 0
m 1 15
0 34 5
1 29 0
2 29 0
t 1395 0
m 2 15
0 34 6
1 28 0
2 28 0
t 1394 0
m 3 15
0 34 7
1 27 0
2 27 0
t 1393 7
m 2 15
0 33 7
1 26 0
2 26 0
t 1392 7
m 1 15
0 32 7
1 25 0
2 25 0
t 1391 7
m 1 14
0 31 7
1 24 0
2 24 0
t 1390 7
m 1 13
0 30 7
1 23 0
2 23 0
t 1389 7
m 0 13
0 29 7
1 22 0
2 22 0
t 1388 15
m 1 13
0 29 8
1 21 0
2 21 0
t 1387 15
m 2 13
0 28 8
1 20 0
2 20 0
t 1386 15
m 2 14
0 27 8
1 19 0
2 19 0
t 1385 15
m 2 15
0 26 8
1 18 0
2 18 0
t 1384 15
m 2 16
0 25 8
1 18 1
2 18 1
t 1383 15
m 2 17
0 24 8
1 18 2
2 18 2
t 1382 15
m 2 18
0 23 8
1 17 2
2 17 2
t 1381 15
m 3 18
0 22 8
1 17 3
2 17 3
t 1380 15
m 3 19
0 21 8
1 17 4
2 17 4
t 1379 15
m 4 19
0 20 8
1 17 5
2 17 5
t 1378 15
m 5 19
0 19 8
1 17 6
2 17 6
t 1377 15
m 6 19
0 18 8
1 17 7
2 17 7
t 1376 15
m 7 19
0 17 8
1 17 8
2 17 8
t 1375 15
m 7 18
0 16 8
1 17 9
2 18 8
t 1374 15
m 7 17
0 15 8
1 16 9
2 17 8
t 1373 15
m 8 17
0 14 8
1 16 8
2 16 8
t 1372 15
m 8 16
0 15 8
1 15 8
2 15 8
t 1371 15
m 9 16
0 14 8
1 14 8
2 14 8
t 1370 15
m 10 16
0 13 8
1 13 8
2 13 8
t 1369 15
m 10 15
0 13 9
1 13 9
2 13 9
t 1368 15
m 11 15
0 14 9
1 13 10
2 13 10
t 1367 15
m 11 14
0 13 9
1 13 11
2 13 11
t 1366 23
m 11 14
0 13 10
1 12 11
2 12 11
t 1365 23
m 11 14
0 13 11
1 11 11
2 11 11
t 1364 23
m 11 14
0 12 11
1 11 12
2 11 12
t 1363 23
m 11 14
0 11 11
1 11 13
2 11 13
t 1362 23
m 11 14
0 11 12
1 11 14
2 11 14
t 1361 23
