35
20
m 0 19
0 34 0
1 34 0
2 34 0
w 0 0
w 0 2
w 0 3
w 0 5
w 0 7
w 0 9
w 0 11
w 0 12
w 0 14
w 0 16
w 0 17
w 0 18
w 2 1
w 2 3
w 2 5
w 2 6
w 2 7
w 2 8
w 2 9
w 2 10
w 2 12
w 2 14
w 2 16
w 2 17
w 3 1
w 3 3
w 3 6
w 3 9
w 3 10
w 3 11
w 3 12
w 3 13
w 3 14
w 3 15
w 3 16
w 3 17
w 3 18
w 4 1
w 4 2
w 4 4
w 4 9
w 4 10
w 4 11
w 4 12
w 4 14
w 4 15
w 4 16
w 4 17
w 5 2
w 5 4
w 5 5
w 5 6
w 5 8
w 5 9
w 5 17
w 5 18
w 6 1
w 6 2
w 6 5
w 6 7
w 6 8
w 6 10
w 6 11
w 6 12
w 6 13
w 6 15
w 6 18
w 7 1
w 7 2
w 7 3
w 7 12
w 7 13
w 7 14
w 7 15
w 8 1
w 8 2
w 8 3
w 8 6
w 8 7
w 8 8
w 8 10
w 8 11
w 8 12
w 8 13
w 8 14
w 8 15
w 8 16
w 8 17
w 8 18
w 9 1
w 9 3
w 9 4
w 9 7
w 9 8
w 9 10
w 9 11
w 9 13
w 9 14
w 9 15
w 9 16
w 9 17
w 9 18
w 10 1
w 10 6
w 10 7
w 10 14
w 10 15
w 10 16
w 10 17
w 10 18
w 11 2
w 11 4
w 11 5
w 11 6
w 11 7
w 11 10
w 11 12
w 11 15
w 11 16
w 11 18
w 12 1
w 12 4
w 12 5
w 12 9
w 12 10
w 12 12
w 12 15
w 12 18
w 13 7
w 13 8
w 13 9
w 13 10
w 13 11
w 13 12
w 13 13
w 13 15
w 14 1
w 14 2
w 14 3
w 14 7
w 14 8
w 14 9
w 14 10
w 14 11
w 14 12
w 14 13
w 14 14
w 14 15
w 14 16
w 14 17
w 14 18
w 15 6
w 15 7
w 15 8
w 15 9
w 15 10
w 15 11
w 15 12
w 15 13
w 15 14
w 15 15
w 15 16
w 15 17
w 15 18
w 16 1
w 16 2
w 16 3
w 16 5
w 16 6
w 16 7
w 16 8
w 16 9
w 16 10
w 16 11
w 16 12
w 16 13
w 16 14
w 16 15
w 16 16
w 16 17
w 16 18
w 17 7
w 17 8
w 17 9
w 17 10
w 17 11
w 17 12
w 17 13
w 17 17
w 18 2
w 18 3
w 18 4
w 18 9
w 18 10
w 18 11
w 18 12
w 18 15
w 19 3
w 19 4
w 19 6
w 19 8
w 19 9
w 19 10
w 19 11
w 19 16
w 19 18
w 20 1
w 20 3
w 20 6
w 20 8
w 20 9
w 20 10
w 20 15
w 20 16
w 20 18
w 21 1
w 21 3
w 21 5
w 21 6
w 21 7
w 21 8
w 21 9
w 21 10
w 21 14
w 21 15
w 21 16
w 21 17
w 22 5
w 22 6
w 22 7
w 22 12
w 22 13
w 22 14
w 22 15
w 22 16
w 22 17
w 22 18
w 23 5
w 23 6
w 23 7
w 23 8
w 23 10
w 23 11
w 23 12
w 23 13
w 23 14
w 23 15
w 23 16
w 23 17
w 23 18
w 24 1
w 24 2
w 24 4
w 24 5
w 24 6
w 24 7
w 24 8
w 24 9
w 24 10
w 24 11
w 24 12
w 24 13
w 24 14
w 24 15
w 24 16
w 24 17
w 25 2
w 25 3
w 25 4
w 25 5
w 25 6
w 25 7
w 25 8
w 25 9
w 25 10
w 25 11
w 25 12
w 25 13
w 25 14
w 25 15
w 25 16
w 25 17
w 25 18
w 26 2
w 26 3
w 26 4
w 26 5
w 26 6
w 26 7
w 26 8
w 26 9
w 26 10
w 26 11
w 26 12
w 26 13
w 26 14
w 26 15
w 26 16
w 26 17
w 26 18
w 27 3
w 27 5
w 27 6
w 27 7
w 27 8
w 27 9
w 27 10
w 27 11
w 27 12
w 27 13
w 27 14
w 27 15
w 27 16
w 27 17
w 27 18
w 28 5
w 28 6
w 28 7
w 28 8
w 28 9
w 28 10
w 28 11
w 28 12
w 28 13
w 28 14
w 28 15
w 28 16
w 28 17
w 29 3
w 29 4
w 29 5
w 29 6
w 29 7
w 29 8
w 29 9
w 29 10
w 29 11
w 29 12
w 29 14
w 29 15
w 29 16
w 29 17
w 29 18
w 30 1
w 30 2
w 30 3
w 30 4
w 30 5
w 30 7
w 30 8
w 30 9
w 30 10
w 30 11
w 30 14
w 30 16
w 30 17
w 31 2
w 31 8
w 31 9
w 31 10
w 31 12
w 31 16
w 31 17
w 31 18
w 32 1
w 32 3
w 32 5
w 32 7
w 32 9
w 32 10
w 32 12
w 32 14
w 32 16
w 32 17
w 33 5
w 33 6
w 33 7
w 33 12
w 33 16
p 0 1
p 5 15
p 3 8
p 30 15
p 32 11
p 13 17
p 22 11
p 27 1
p 34 1
p 10 4
p 20 13
p 1 13
p 17 2
p 12 2
p 18 18
p 7 11
t 1400 0
m 1 19
0 33 0
1 33 0
2 33 0
t 1399 0
m 1 18
0 32 0
1 32 0
2 32 0
t 1398 0
m 1 17
0 31 0
1 31 0
2 31 0
t 1397 0
m 1 16
0 30 0
1 30 0
2 30 0
t 1396 0
m 1 15
0 29 0
1 29 0
2 29 0
t 1395 0
m 1 14
0 28 0
1 28 0
2 28 0
t 1394 0
m 1 13
0 27 0
1 27 0
2 27 0
t 1393 6
m 1 12
0 26 0
1 26 0
2 26 0
t 1392 6
m 1 11
0 25 0
1 25 0
2 25 0
t 1391 6
m 1 10
0 25 1
1 24 0
2 24 0
t 1390 6
m 1 9
0 25 0
1 23 0
2 23 0
t 1389 6
m 1 8
0 24 0
1 22 0
2 22 0
t 1388 6
m 1 7
0 23 0
1 21 0
2 21 0
t 1387 6
m 1 6
0 22 0
1 20 0
2 20 0
t 1386 6
m 1 5
0 21 0
1 19 0
2 19 0
t 1385 6
m 1 4
0 20 0
1 18 0
2 18 0
t 1384 6
m 1 3
0 19 0
1 17 0
2 17 0
t 1383 6
m 1 2
0 18 0
1 16 0
2 16 0
t 1382 6
m 1 1
0 17 0
1 15 0
2 15 0
f 3 7
t 1381 6
m 0 1
0 16 0
1 14 0
2 14 0
t 1380 12
m 1 1
0 15 0
1 15 0
2 13 0
t 1379 12
m 1 2
0 14 0
1 14 0
2 12 0
t 1378 12
m 1 3
0 13 0
1 13 0
2 11 0
t 1377 12
m 1 4
0 12 0
1 12 0
2 10 0
t 1376 12
m 2 4
0 11 0
1 11 0
2 9 0
t 1375 12
m 3 4
0 10 0
1 10 0
2 8 0
t 1374 12
m 3 5
0 9 0
1 9 0
2 7 0
t 1373 12
m 4 5
0 8 0
1 8 0
2 6 0
t 1372 12
m 4 6
0 7 0
1 7 0
2 5 0
t 1371 12
m 4 7
0 6 0
1 6 0
2 4 0
t 1370 12
m 3 7
0 5 0
1 5 0
2 3 0
t 1369 22
m 3 8
0 4 0
1 4 0
2 2 0
t 1368 28
m 4 8
0 3 0
1 3 0
2 1 0
t 1367 28
m 4 7
0 2 0
1 2 0
2 1 1
t 1366 28
m 4 6
0 1 0
1 1 0
2 1 2
f 1 2
t 1365 28
m 4 5
0 1 1
1 1 1
2 1 3
t 1364 28
m 3 5
0 1 2
1 0 1
2 1 4
t 1363 28
m 3 5
0 1 3
1 1 1
2 2 4
t 1362 28
m 3 5
0 1 4
1 1 2
2 3 4
t 1361 28
m 3 5
0 2 4
1 1 3
2 3 5
t 1360 28
