35
20
m 0 19
0 34 0
1 34 0
2 34 0
w 0 0
w 0 1
w 1 3
w 1 5
w 1 6
w 1 7
w 1 9
w 1 10
w 1 14
w 1 16
w 1 17
w 2 1
w 2 4
w 2 8
w 2 9
w 2 12
w 2 13
w 2 15
w 2 16
w 2 17
w 2 18
w 3 0
w 3 1
w 3 3
w 3 4
w 3 5
w 3 6
w 3 9
w 3 16
w 3 17
w 4 0
w 4 1
w 4 4
w 4 6
w 4 9
w 4 16
w 5 3
w 5 11
w 5 12
w 5 13
w 5 14
w 5 16
w 5 17
w 5 18
w 6 3
w 6 4
w 6 5
w 6 7
w 6 10
w 6 11
w 6 12
w 6 13
w 6 14
w 6 15
w 6 16
w 6 18
w 7 3
w 7 6
w 7 7
w 7 8
w 7 9
w 7 10
w 7 11
w 7 12
w 7 13
w 7 14
w 7 15
w 7 18
w 8 3
w 8 5
w 8 6
w 8 7
w 8 8
w 8 9
w 8 10
w 8 11
w 8 12
w 8 13
w 8 14
w 8 15
w 9 0
w 9 5
w 9 6
w 9 7
w 9 8
w 9 9
w 9 10
w 9 11
w 9 12
w 9 13
w 9 14
w 9 15
w 10 0
w 10 1
w 10 9
w 10 10
w 10 11
w 10 12
w 10 13
w 10 14
w 10 15
w 10 16
w 10 17
w 11 1
w 11 3
w 11 4
w 11 5
w 11 6
w 11 7
w 11 8
w 11 9
w 11 10
w 11 11
w 11 12
w 11 13
w 11 14
w 11 15
w 11 16
w 11 17
w 11 18
w 12 1
w 12 3
w 12 4
w 12 5
w 12 6
w 12 7
w 12 8
w 12 9
w 12 10
w 12 11
w 12 12
w 12 13
w 12 14
w 12 15
w 12 16
w 12 17
w 13 1
w 13 3
w 13 4
w 13 5
w 13 6
w 13 7
w 13 8
w 13 9
w 13 10
w 13 11
w 13 12
w 13 13
w 13 14
w 13 15
w 13 16
w 13 17
w 14 4
w 14 5
w 14 6
w 14 7
w 14 8
w 14 9
w 14 10
w 14 11
w 14 12
w 14 13
w 14 14
w 14 15
w 14 16
w 14 17
w 15 0
w 15 4
w 15 5
w 15 6
w 15 7
w 15 8
w 15 9
w 15 10
w 15 11
w 15 12
w 15 13
w 15 14
w 15 15
w 15 16
w 15 17
w 15 18
w 16 0
w 16 1
w 16 6
w 16 7
w 16 8
w 16 9
w 16 10
w 16 11
w 16 12
w 16 13
w 16 15
w 16 17
w 16 18
w 17 0
w 17 4
w 17 5
w 17 6
w 17 7
w 17 8
w 17 9
w 17 10
w 17 11
w 17 12
w 17 13
w 18 0
w 18 3
w 18 4
w 18 5
w 18 6
w 18 7
w 18 8
w 18 9
w 18 10
w 18 11
w 18 12
w 18 13
w 18 15
w 18 17
w 19 1
w 19 4
w 19 5
w 19 6
w 19 7
w 19 8
w 19 9
w 19 10
w 19 11
w 19 15
w 19 16
w 19 17
w 20 4
w 20 6
w 20 7
w 20 8
w 20 9
w 20 10
w 20 11
w 20 12
w 20 13
w 20 14
w 20 15
w 20 16
w 20 17
w 20 18
w 21 1
w 21 6
w 21 7
w 21 8
w 21 9
w 21 10
w 21 11
w 21 12
w 21 13
w 21 14
w 21 15
w 21 16
w 21 17
w 22 1
w 22 3
w 22 5
w 22 6
w 22 7
w 22 8
w 22 9
w 22 10
w 22 11
w 22 12
w 22 13
w 22 14
w 22 15
w 22 16
w 22 17
w 23 0
w 23 1
w 23 3
w 23 5
w 23 6
w 23 7
w 23 8
w 23 9
w 23 10
w 23 11
w 23 12
w 23 13
w 23 14
w 23 15
w 23 16
w 23 17
w 23 18
w 24 1
w 24 3
w 24 4
w 24 5
w 24 6
w 24 7
w 24 8
w 24 9
w 24 10
w 24 11
w 24 12
w 24 13
w 24 14
w 24 15
w 24 16
w 24 17
w 25 4
w 25 5
w 25 6
w 25 7
w 25 8
w 25 9
w 25 10
w 25 11
w 25 12
w 25 13
w 25 14
w 25 15
w 25 16
w 25 17
w 25 18
w 26 0
w 26 5
w 26 6
w 26 7
w 26 8
w 26 9
w 26 10
w 26 11
w 26 12
w 26 13
w 26 14
w 26 15
w 26 16
w 26 17
w 26 18
w 27 0
w 27 1
w 27 3
w 27 4
w 27 5
w 27 6
w 27 7
w 27 8
w 27 9
w 27 10
w 27 11
w 27 12
w 27 13
w 27 14
w 27 15
w 27 16
w 27 17
w 27 18
w 28 0
w 28 1
w 28 3
w 28 4
w 28 5
w 28 6
w 28 7
w 28 8
w 28 9
w 28 10
w 28 11
w 28 14
w 28 15
w 28 16
w 28 17
w 28 18
w 29 0
w 29 1
w 29 3
w 29 4
w 29 5
w 29 8
w 29 10
w 29 13
w 29 14
w 29 15
w 29 16
w 29 17
w 29 18
w 30 0
w 30 1
w 30 3
w 30 4
w 30 5
w 30 6
w 30 12
w 30 13
w 30 14
w 30 15
w 30 16
w 30 17
w 30 18
w 31 0
w 31 4
w 31 6
w 31 7
w 31 8
w 31 10
w 31 13
w 31 15
w 31 16
w 31 17
w 31 18
w 32 0
w 33 2
w 33 3
w 33 4
w 33 5
w 33 7
w 33 11
w 33 12
w 33 14
w 33 15
w 34 1
w 34 2
w 34 3
w 34 4
w 34 5
w 34 6
w 34 9
w 34 13
w 34 14
w 34 15
p 3 8
p 26 4
p 33 19
p 9 2
p 1 4
p 0 2
p 32 10
p 12 2
p 16 5
p 22 0
p 19 2
p 4 17
p 6 9
p 30 11
t 1400 0
m 1 19
0 33 0
1 33 0
2 33 0
t 1399 0
m 2 19
0 33 1
1 33 1
2 33 1
t 1398 0
m 3 19
0 32 1
1 33 0
2 32 1
t 1397 0
m 3 18
0 31 1
1 33 1
2 31 1
t 1396 0
m 4 18
0 31 2
1 32 1
2 31 2
t 1395 0
m 4 17
0 30 2
1 31 1
2 30 2
t 1394 7
m 4 18
0 29 2
1 31 2
2 29 2
t 1393 7
m 3 18
0 28 2
1 31 3
2 28 2
t 1392 7
m 3 19
0 27 2
1 32 3
2 27 2
t 1391 7
m 2 19
0 26 2
1 32 4
2 26 2
f 9 19
t 1390 7
m 1 19
0 25 2
1 32 5
2 25 2
t 1389 7
m 1 18
0 24 2
1 32 6
2 24 2
t 1388 7
m 0 18
0 23 2
1 32 7
2 23 2
t 1387 7
m 0 17
0 22 2
1 32 8
2 22 2
t 1386 7
m 0 16
0 21 2
1 32 9
2 21 2
t 1385 7
m 0 15
0 20 2
1 32 10
2 20 2
t 1384 7
m 0 14
0 19 2
1 32 11
2 19 2
t 1383 7
m 0 15
0 18 2
1 32 12
2 18 2
t 1382 7
m 0 16
0 17 2
1 32 13
2 17 2
t 1381 7
m 0 17
0 16 2
1 32 14
2 16 2
t 1380 7
m 0 18
0 15 2
1 32 15
2 15 2
t 1379 7
m 0 19
0 14 2
1 32 16
2 14 2
t 1378 7
m 1 19
0 13 2
1 32 17
2 13 2
t 1377 7
m 2 19
0 12 2
1 32 18
2 12 2
t 1376 7
m 3 19
0 11 2
1 32 19
2 11 2
t 1375 7
m 4 19
0 10 2
1 33 19
2 10 2
t 1374 7
m 5 19
0 9 2
1 32 19
2 9 2
t 1373 7
m 6 19
0 8 2
1 31 19
2 8 2
t 1372 7
m 7 19
0 7 2
1 30 19
2 7 2
t 1371 7
m 8 19
0 6 2
1 29 19
2 6 2
t 1370 7
m 9 19
0 5 2
1 28 19
2 5 2
t 1369 17
m 8 19
0 4 2
1 27 19
2 4 2
t 1368 17
m 7 19
0 3 2
1 26 19
2 3 2
t 1367 17
m 6 19
0 2 2
1 25 19
2 2 2
t 1366 17
m 5 19
0 1 2
1 24 19
2 1 2
t 1365 17
m 4 19
0 0 2
1 24 18
2 0 2
t 1364 17
m 3 19
0 0 3
1 24 19
2 0 3
t 1363 17
m 2 19
0 0 4
1 23 19
2 0 4
t 1362 17
m 1 19
0 0 5
1 22 19
2 0 5
t 1361 17
m 1 18
0 0 6
1 21 19
2 0 6
t 1360 17
m 0 18
0 0 7
1 21 18
2 0 7
t 1359 17
m 0 17
0 0 8
1 21 19
2 0 8
t 1358 17
m 0 16
0 0 7
1 20 19
2 0 9
t 1357 17
m 0 15
0 0 8
1 19 19
2 0 10
t 1356 17
m 0 14
0 0 9
1 18 19
2 0 9
f 34 12
t 1355 17
m 0 13
0 0 10
1 17 19
2 0 10
t 1354 17
m 1 13
0 0 11
1 16 19
2 0 11
t 1353 17
m 1 12
0 0 12
1 15 19
2 0 12
t 1352 17
m 1 11
0 1 12
1 14 19
2 1 12
t 1351 17
m 2 11
0 1 11
1 13 19
2 1 11
t 1350 17
m 2 10
0 2 11
1 12 19
2 2 11
t 1349 17
m 3 10
0 2 10
1 11 19
2 2 10
t 1348 17
m 4 10
0 3 10
1 10 19
2 3 10
t 1347 17
m 5 10
0 4 10
1 9 19
2 4 10
t 1346 17
m 5 9
0 5 10
1 8 19
2 5 10
t 1345 17
m 6 9
0 4 10
1 7 19
2 5 9
t 1344 24
m 6 8
0 4 11
1 6 19
2 6 9
t 1343 24
m 5 8
0 4 10
1 5 19
2 6 8
t 1342 24
m 4 8
0 5 10
1 4 19
2 5 8
t 1341 24
m 3 8
0 5 9
1 3 19
2 4 8
t 1340 31
m 3 8
0 5 8
1 2 19
2 3 8
t 1339 31
