35
20
m 0 19
0 34 0
1 34 0
2 34 0
w 0 0
w 0 1
w 1 3
w 1 4
w 1 5
w 1 6
w 1 7
w 1 8
w 1 11
w 1 14
w 1 15
w 1 17
w 2 1
w 2 7
w 2 8
w 2 9
w 2 10
w 2 11
w 2 15
w 2 16
w 2 17
w 3 1
w 3 3
w 3 4
w 3 5
w 3 8
w 3 9
w 3 10
w 3 11
w 3 12
w 4 0
w 4 1
w 4 3
w 4 4
w 4 7
w 4 8
w 4 9
w 4 10
w 4 11
w 4 12
w 4 13
w 4 15
w 4 17
w 5 0
w 5 1
w 5 5
w 5 8
w 5 9
w 5 10
w 5 11
w 5 12
w 5 13
w 5 14
w 5 15
w 5 16
w 5 17
w 5 18
w 6 1
w 6 4
w 6 5
w 6 6
w 6 7
w 6 8
w 6 9
w 6 10
w 6 11
w 6 12
w 6 13
w 6 14
w 6 15
w 6 16
w 6 18
w 7 1
w 7 3
w 7 4
w 7 5
w 7 6
w 7 7
w 7 8
w 7 9
w 7 10
w 7 11
w 7 12
w 7 14
w 7 15
w 7 16
w 8 4
w 8 5
w 8 6
w 8 7
w 8 8
w 8 9
w 8 10
w 8 11
w 8 15
w 8 17
w 9 0
w 9 1
w 9 3
w 9 4
w 9 5
w 9 6
w 9 7
w 9 8
w 9 9
w 9 10
w 9 11
w 9 12
w 9 13
w 9 17
w 10 5
w 10 6
w 10 7
w 10 8
w 10 9
w 10 10
w 10 11
w 10 12
w 10 13
w 10 14
w 10 18
w 11 0
w 11 5
w 11 7
w 11 8
w 11 9
w 11 10
w 11 11
w 11 12
w 11 13
w 11 14
w 11 15
w 11 16
w 12 0
w 12 7
w 12 8
w 12 9
w 12 10
w 12 12
w 12 13
w 12 14
w 12 15
w 12 16
w 13 3
w 13 4
w 13 8
w 13 9
w 13 10
w 13 12
w 13 13
w 13 14
w 13 15
w 13 16
w 13 18
w 14 0
w 14 3
w 14 4
w 14 7
w 14 8
w 14 12
w 14 13
w 14 14
w 14 15
w 14 16
w 14 17
w 14 18
w 15 0
w 15 1
w 15 10
w 15 13
w 15 14
w 15 15
w 15 16
w 16 0
w 16 1
w 16 6
w 16 10
w 16 12
w 16 13
w 16 14
w 16 15
w 16 17
w 17 0
w 17 3
w 17 4
w 17 5
w 17 6
w 17 7
w 17 8
w 17 9
w 17 10
w 17 14
w 17 15
w 17 17
w 17 18
w 18 0
w 18 4
w 18 5
w 18 6
w 18 7
w 18 8
w 18 9
w 18 10
w 18 11
w 18 15
w 19 0
w 19 1
w 19 3
w 19 4
w 19 5
w 19 6
w 19 7
w 19 8
w 19 9
w 19 10
w 19 11
w 19 13
w 19 14
w 19 15
w 20 0
w 20 3
w 20 4
w 20 5
w 20 6
w 20 7
w 20 8
w 20 9
w 20 10
w 20 13
w 20 14
w 20 15
w 20 17
w 21 0
w 21 4
w 21 5
w 21 6
w 21 7
w 21 10
w 21 12
w 21 13
w 21 14
w 21 15
w 21 16
w 21 17
w 21 18
w 22 4
w 22 5
w 22 6
w 22 7
w 22 8
w 22 13
w 22 15
w 22 16
w 22 17
w 23 0
w 23 1
w 23 5
w 23 6
w 23 7
w 23 8
w 23 11
w 23 17
w 24 0
w 24 1
w 24 3
w 24 4
w 24 5
w 24 6
w 24 7
w 24 8
w 24 9
w 24 13
w 24 17
w 24 18
w 25 4
w 25 5
w 25 6
w 25 7
w 25 8
w 25 13
w 25 15
w 25 18
w 26 0
w 26 3
w 26 4
w 26 5
w 26 6
w 26 8
w 26 9
w 26 12
w 26 13
w 26 14
w 27 0
w 27 1
w 27 8
w 27 9
w 27 10
w 27 11
w 27 15
w 27 16
w 28 0
w 28 3
w 28 4
w 28 5
w 28 6
w 28 7
w 28 8
w 28 9
w 28 11
w 28 13
w 28 16
w 28 18
w 29 0
w 29 1
w 29 6
w 29 7
w 29 8
w 29 12
w 29 13
w 30 0
w 30 5
w 30 6
w 30 10
w 30 11
w 30 12
w 30 17
w 32 0
w 32 2
w 32 3
w 32 4
w 32 9
w 32 11
w 32 14
w 32 16
w 33 2
w 33 3
w 33 8
w 33 9
w 33 10
w 33 13
w 33 16
w 33 18
w 33 19
w 34 1
w 34 2
w 34 3
w 34 5
w 34 6
w 34 7
w 34 8
w 34 9
w 34 10
w 34 14
w 34 15
w 34 16
w 34 18
w 34 19
p 34 17
p 22 11
p 30 1
p 20 1
p 11 3
p 31 7
p 8 16
p 5 7
p 32 13
p 26 10
p 15 9
p 0 2
p 17 12
p 28 2
p 13 6
p 24 12
p 3 6
p 1 9
t 1400 0
m 0 18
0 33 0
1 33 0
2 33 0
t 1399 0
m 0 17
0 33 1
1 33 1
2 33 1
t 1398 0
m 0 16
0 32 1
1 32 1
2 32 1
f 19 12
t 1397 0
m 0 15
0 31 1
1 31 1
2 31 1
t 1396 0
m 0 14
0 30 1
1 30 1
2 30 1
t 1395 0
m 0 13
0 30 2
1 30 2
2 30 2
t 1394 0
m 0 12
0 29 2
1 29 2
2 29 2
t 1393 0
m 0 11
0 28 2
1 28 2
2 28 2
t 1392 0
m 0 10
0 27 2
1 27 2
2 27 2
t 1391 0
m 0 9
0 26 2
1 26 2
2 28 2
t 1390 0
m 1 9
0 25 2
1 25 2
2 27 2
t 1389 5
m 0 9
0 24 2
1 24 2
2 26 2
t 1388 5
m 0 8
0 23 2
1 23 2
2 25 2
t 1387 5
m 0 7
0 22 2
1 22 2
2 24 2
t 1386 5
m 0 6
0 21 2
1 21 2
2 23 2
t 1385 5
m 0 5
0 20 2
1 20 2
2 22 2
t 1384 5
m 0 4
0 19 2
1 19 2
2 21 2
t 1383 5
m 0 3
0 18 2
1 18 2
2 20 2
t 1382 5
m 0 2
0 17 2
1 17 2
2 20 1
t 1381 11
m 1 2
0 16 2
1 16 2
2 20 2
t 1380 11
m 2 2
0 15 2
1 15 2
2 19 2
t 1379 11
m 2 3
0 14 2
1 14 2
2 18 2
t 1378 11
m 2 4
0 13 2
1 13 2
2 17 2
t 1377 11
m 2 5
0 12 2
1 12 2
2 16 2
t 1376 11
m 2 6
0 11 2
1 11 2
2 15 2
t 1375 11
m 3 6
0 10 2
1 10 2
2 14 2
t 1374 16
m 4 6
0 9 2
1 9 2
2 13 2
t 1373 16
m 5 6
0 10 2
1 8 2
2 12 2
t 1372 16
m 5 7
0 9 2
1 7 2
2 11 2
t 1371 22
m 5 6
0 8 2
1 6 2
2 10 2
t 1370 22
m 4 6
0 7 2
1 5 2
2 9 2
t 1369 22
m 3 6
0 6 2
1 4 2
2 8 2
t 1368 22
m 2 6
0 5 2
1 3 2
2 7 2
t 1367 22
m 2 5
0 4 2
1 2 2
2 6 2
t 1366 22
m 2 5
0 3 2
1 2 3
2 5 2
t 1365 22
m 2 5
0 2 2
1 2 4
2 4 2
t 1364 22
m 2 5
0 2 3
1 2 5
2 3 2
t 1363 22
