35
20
m 0 19
0 34 0
1 34 0
2 34 0
w 0 0
w 0 4
w 0 5
w 0 6
w 0 7
w 0 8
w 0 12
w 0 15
w 0 16
w 0 17
w 1 0
w 1 4
w 1 5
w 2 0
w 2 3
w 2 4
w 2 5
w 2 9
w 2 12
w 2 14
w 2 16
w 3 0
w 3 1
w 3 5
w 3 7
w 3 8
w 3 9
w 3 11
w 3 12
w 3 13
w 3 14
w 3 15
w 3 16
w 3 17
w 4 0
w 4 9
w 4 10
w 4 11
w 4 12
w 4 13
w 4 14
w 4 15
w 4 16
w 4 17
w 5 2
w 5 5
w 5 7
w 5 9
w 5 11
w 5 12
w 5 13
w 5 14
w 5 15
w 5 17
w 5 18
w 6 0
w 6 4
w 6 7
w 6 8
w 6 9
w 6 11
w 6 12
w 6 13
w 6 15
w 6 17
w 6 18
w 7 0
w 7 2
w 7 5
w 7 8
w 7 11
w 7 13
w 7 17
w 7 18
w 8 0
w 8 3
w 8 4
w 8 5
w 8 7
w 8 10
w 8 11
w 8 15
w 8 16
w 8 17
w 8 18
w 9 0
w 9 1
w 9 2
w 9 3
w 9 4
w 9 5
w 9 9
w 9 10
w 9 11
w 9 13
w 9 17
w 9 18
w 10 0
w 10 1
w 10 2
w 10 3
w 10 4
w 10 5
w 10 8
w 10 9
w 10 10
w 10 11
w 10 12
w 10 13
w 10 14
w 10 17
w 10 18
w 11 0
w 11 1
w 11 2
w 11 3
w 11 4
w 11 5
w 11 7
w 11 8
w 11 9
w 11 10
w 11 11
w 11 12
w 11 13
w 11 14
w 11 15
w 11 17
w 12 0
w 12 1
w 12 2
w 12 3
w 12 9
w 12 10
w 12 11
w 12 12
w 12 13
w 12 14
w 12 15
w 13 0
w 13 1
w 13 2
w 13 3
w 13 4
w 13 5
w 13 8
w 13 9
w 13 10
w 13 11
w 13 12
w 13 13
w 13 14
w 13 17
w 13 18
w 14 0
w 14 1
w 14 2
w 14 3
w 14 4
w 14 5
w 14 7
w 14 8
w 14 9
w 14 10
w 14 11
w 14 12
w 14 13
w 14 14
w 14 15
w 14 16
w 15 0
w 15 1
w 15 2
w 15 3
w 15 4
w 15 9
w 15 10
w 15 11
w 15 12
w 15 13
w 15 14
w 15 15
w 15 16
w 16 0
w 16 1
w 16 2
w 16 3
w 16 5
w 16 9
w 16 10
w 16 11
w 16 12
w 16 13
w 16 14
w 16 16
w 16 18
w 17 0
w 17 1
w 17 2
w 17 3
w 17 5
w 17 7
w 17 9
w 17 10
w 17 17
w 18 0
w 18 1
w 18 2
w 18 3
w 18 5
w 18 9
w 18 12
w 18 14
w 18 18
w 19 0
w 19 1
w 19 2
w 19 3
w 19 5
w 19 8
w 19 9
w 19 10
w 19 14
w 19 15
w 19 17
w 19 18
w 20 0
w 20 1
w 20 2
w 20 3
w 20 7
w 20 8
w 20 9
w 20 10
w 20 12
w 20 15
w 20 17
w 20 18
w 21 0
w 21 1
w 21 7
w 21 9
w 21 10
w 21 11
w 21 12
w 21 13
w 21 14
w 21 15
w 22 0
w 22 3
w 22 9
w 22 10
w 22 11
w 22 12
w 22 13
w 22 15
w 22 16
w 22 17
w 22 18
w 23 0
w 23 1
w 23 4
w 23 8
w 23 9
w 23 10
w 23 11
w 23 12
w 23 16
w 24 0
w 24 1
w 24 2
w 24 9
w 24 10
w 24 11
w 24 14
w 24 15
w 24 16
w 24 17
w 24 18
w 25 0
w 25 1
w 25 2
w 25 7
w 25 9
w 25 10
w 25 11
w 25 12
w 25 14
w 25 15
w 25 16
w 25 17
w 25 18
w 26 0
w 26 1
w 26 2
w 26 4
w 26 5
w 26 7
w 26 10
w 26 11
w 26 15
w 26 16
w 26 17
w 26 18
w 27 0
w 27 1
w 27 2
w 27 3
w 27 4
w 27 5
w 27 8
w 27 9
w 27 10
w 27 12
w 27 14
w 27 15
w 27 16
w 27 17
w 28 0
w 28 1
w 28 2
w 28 3
w 28 4
w 28 9
w 28 10
w 28 18
w 29 0
w 29 1
w 29 2
w 29 3
w 29 4
w 29 5
w 29 8
w 29 9
w 29 10
w 29 11
w 29 14
w 29 15
w 29 16
w 30 0
w 30 1
w 30 2
w 30 3
w 30 4
w 30 5
w 30 7
w 30 8
w 30 9
w 30 10
w 30 11
w 30 15
w 31 0
w 31 1
w 31 2
w 31 3
w 31 4
w 31 5
w 31 7
w 31 8
w 31 9
w 31 10
w 31 11
w 31 12
w 31 14
w 31 16
w 31 18
w 32 1
w 32 5
w 32 8
w 32 9
w 32 11
w 32 12
w 32 13
w 32 14
w 32 17
w 33 3
w 34 1
w 34 2
w 34 3
w 34 5
w 34 8
w 34 10
w 34 11
w 34 17
w 34 18
p 0 1
p 9 16
p 32 15
p 33 17
p 3 4
p 25 3
p 5 8
p 1 14
p 18 13
p 30 6
p 16 15
p 7 12
p 13 6
p 20 19
p 23 2
p 27 19
t 1400 0
m 0 18
0 33 0
1 33 0
2 33 0
t 1399 0
m 1 18
0 33 1
1 33 1
2 33 1
t 1398 0
m 1 17
0 33 2
1 33 2
2 33 2
t 1397 0
m 1 16
0 32 2
1 32 2
2 32 2
t 1396 0
m 1 15
0 32 3
1 32 3
2 32 3
t 1395 0
m 1 14
0 32 4
1 32 4
2 32 4
t 1394 6
m 1 13
0 33 4
1 33 4
2 33 4
t 1393 6
m 1 12
0 33 5
1 33 5
2 33 5
t 1392 6
m 1 11
0 33 6
1 33 6
2 33 6
t 1391 6
m 1 10
0 33 7
1 32 6
2 32 6
t 1390 6
m 1 9
0 32 7
1 31 6
2 31 6
f 33 18
t 1389 6
m 1 8
0 32 6
1 30 6
2 30 6
t 1388 6
m 1 7
0 31 6
1 29 6
2 29 6
t 1387 6
m 1 6
0 30 6
1 28 6
2 28 6
t 1386 6
m 2 6
0 29 6
1 27 6
2 27 6
t 1385 6
m 3 6
0 28 6
1 26 6
2 26 6
t 1384 6
m 4 6
0 27 6
1 25 6
2 25 6
t 1383 6
m 4 5
0 26 6
1 24 6
2 24 6
t 1382 6
m 4 4
0 25 6
1 23 6
2 23 6
t 1381 6
m 3 4
0 24 6
1 22 6
2 22 6
t 1380 12
m 3 3
0 23 6
1 21 6
2 21 6
t 1379 12
m 3 2
0 22 6
1 21 5
2 20 6
t 1378 12
m 2 2
0 21 6
1 20 5
2 19 6
t 1377 12
m 1 2
0 20 6
1 20 6
2 18 6
t 1376 12
m 0 2
0 19 6
1 19 6
2 17 6
t 1375 12
m 0 1
0 18 6
1 18 6
2 16 6
t 1374 18
m 0 2
0 17 6
1 17 6
2 15 6
t 1373 18
m 1 2
0 16 6
1 16 6
2 14 6
t 1372 18
m 2 2
0 15 6
1 15 6
2 13 6
t 1371 18
m 3 2
0 14 6
1 14 6
2 12 6
t 1370 18
m 3 3
0 13 6
1 15 6
2 11 6
t 1369 18
m 3 4
0 12 6
1 14 6
2 10 6
t 1368 18
m 4 4
0 11 6
1 13 6
2 9 6
t 1367 18
m 4 5
0 10 6
1 12 6
2 8 6
t 1366 18
m 4 6
0 9 6
1 11 6
2 7 6
t 1365 18
m 4 7
0 8 6
1 10 6
2 6 6
t 1364 18
m 4 8
0 7 6
1 9 6
2 5 6
t 1363 18
m 5 8
0 7 7
1 8 6
2 4 6
t 1362 25
m 5 8
0 7 6
1 7 6
2 4 7
t 1361 25
m 5 8
0 6 6
1 6 6
2 4 8
t 1360 25
m 5 8
0 5 6
1 5 6
2 5 8
t 1359 25
