35
20
m 0 19
0 34 0
1 34 0
2 34 0
w 1 1
w 1 3
w 1 5
w 1 6
w 1 7
w 1 8
w 1 10
w 1 11
w 1 12
w 1 14
w 1 16
w 1 18
w 2 1
w 2 5
w 2 6
w 2 7
w 2 8
w 2 12
w 2 15
w 2 16
w 2 18
w 2 19
w 3 2
w 3 3
w 3 4
w 3 5
w 3 6
w 3 7
w 3 8
w 3 9
w 3 10
w 3 11
w 3 15
w 3 16
w 3 18
w 3 19
w 4 1
w 4 2
w 4 6
w 4 7
w 4 8
w 4 9
w 4 10
w 4 11
w 4 15
w 4 19
w 5 2
w 5 3
w 5 6
w 5 7
w 5 8
w 5 9
w 5 10
w 5 11
w 5 15
w 5 16
w 6 5
w 6 6
w 6 7
w 6 8
w 6 9
w 6 10
w 6 11
w 6 12
w 6 14
w 6 16
w 6 18
w 7 1
w 7 3
w 7 5
w 7 7
w 7 8
w 7 9
w 7 11
w 7 12
w 7 19
w 8 1
w 8 3
w 8 7
w 8 8
w 8 9
w 8 12
w 8 13
w 8 15
w 8 18
w 9 2
w 9 4
w 9 5
w 9 6
w 9 11
w 9 13
w 9 14
w 10 2
w 10 9
w 10 10
w 10 13
w 10 14
w 10 18
w 10 19
w 11 4
w 11 14
w 12 1
w 12 5
w 12 6
w 12 8
w 12 9
w 12 10
w 12 11
w 12 13
w 12 16
w 12 18
w 13 4
w 13 5
w 13 6
w 13 7
w 13 10
w 13 12
w 13 14
w 13 15
w 13 18
w 13 19
w 14 1
w 14 2
w 14 3
w 14 4
w 14 5
w 14 6
w 14 7
w 14 8
w 15 2
w 15 3
w 15 4
w 15 5
w 15 6
w 15 7
w 15 8
w 15 9
w 15 11
w 15 12
w 15 16
w 15 19
w 16 3
w 16 4
w 16 5
w 16 6
w 16 7
w 16 8
w 16 9
w 16 10
w 16 11
w 16 12
w 16 13
w 16 14
w 16 15
w 16 18
w 16 19
w 17 1
w 17 2
w 17 3
w 17 4
w 17 5
w 17 6
w 17 7
w 17 8
w 17 9
w 17 10
w 17 11
w 17 12
w 17 13
w 17 14
w 17 15
w 17 16
w 17 19
w 18 1
w 18 2
w 18 3
w 18 4
w 18 5
w 18 6
w 18 7
w 18 8
w 18 9
w 18 10
w 18 11
w 18 12
w 18 13
w 18 14
w 18 18
w 19 3
w 19 5
w 19 6
w 19 7
w 19 8
w 19 9
w 19 10
w 19 11
w 19 12
w 19 13
w 19 14
w 19 15
w 20 1
w 20 6
w 20 7
w 20 8
w 20 9
w 20 10
w 20 11
w 20 12
w 20 13
w 20 14
w 20 15
w 20 18
w 21 2
w 21 5
w 21 6
w 21 7
w 21 8
w 21 9
w 21 10
w 21 11
w 21 12
w 21 13
w 21 14
w 21 18
w 21 19
w 22 1
w 22 2
w 22 6
w 22 7
w 22 8
w 22 9
w 22 10
w 22 11
w 22 12
w 22 13
w 22 16
w 22 18
w 22 19
w 23 1
w 23 2
w 23 3
w 23 5
w 23 6
w 23 7
w 23 8
w 23 9
w 23 10
w 23 11
w 23 12
w 23 16
w 23 18
w 23 19
w 24 1
w 24 2
w 24 3
w 24 4
w 24 5
w 24 6
w 24 7
w 24 8
w 24 9
w 24 10
w 24 11
w 24 12
w 24 13
w 24 14
w 24 18
w 24 19
w 25 3
w 25 4
w 25 5
w 25 6
w 25 7
w 25 8
w 25 9
w 25 10
w 25 11
w 25 12
w 25 13
w 25 14
w 25 15
w 25 18
w 25 19
w 26 1
w 26 2
w 26 3
w 26 4
w 26 5
w 26 6
w 26 7
w 26 8
w 26 9
w 26 10
w 26 11
w 26 12
w 26 13
w 26 14
w 26 15
w 26 19
w 27 1
w 27 2
w 27 3
w 27 4
w 27 5
w 27 6
w 27 7
w 27 8
w 27 9
w 27 10
w 27 11
w 27 12
w 27 13
w 27 14
w 27 15
w 28 2
w 28 3
w 28 4
w 28 5
w 28 6
w 28 7
w 28 8
w 28 9
w 28 10
w 28 11
w 28 12
w 28 13
w 28 14
w 28 15
w 28 16
w 28 18
w 28 19
w 29 1
w 29 2
w 29 3
w 29 4
w 29 5
w 29 6
w 29 7
w 29 8
w 29 9
w 29 10
w 29 11
w 29 12
w 29 13
w 29 14
w 29 15
w 29 16
w 29 19
w 30 1
w 30 2
w 30 3
w 30 4
w 30 5
w 30 6
w 30 7
w 30 8
w 30 10
w 30 11
w 30 12
w 30 13
w 30 14
w 30 15
w 30 16
w 31 1
w 31 2
w 31 3
w 31 4
w 31 5
w 31 13
w 31 14
w 31 15
w 31 16
w 32 3
w 32 4
w 32 5
w 32 7
w 32 11
w 32 14
w 32 15
w 32 18
w 33 1
w 33 4
w 33 5
w 33 9
w 33 11
w 33 14
w 33 15
w 33 16
w 34 19
p 9 10
p 1 2
p 0 0
p 11 0
p 34 10
p 7 16
p 5 17
p 14 10
p 12 3
p 22 17
p 3 13
p 16 2
p 33 2
p 27 0
p 31 9
p 20 2
t 1400 0
m 0 18
0 33 0
1 34 1
2 33 0
t 1399 0
m 0 17
0 32 0
1 34 2
2 32 0
t 1398 0
m 1 17
0 31 0
1 34 3
2 31 0
t 1397 0
m 2 17
0 30 0
1 34 4
2 30 0
f 7 0
t 1396 0
m 3 17
0 29 0
1 34 5
2 29 0
t 1395 0
m 4 17
0 28 0
1 34 6
2 28 0
t 1394 0
m 5 17
0 27 0
1 33 6
2 27 0
t 1393 6
m 6 17
0 26 0
1 33 7
2 26 0
t 1392 6
m 7 17
0 25 0
1 33 8
2 25 0
t 1391 6
m 7 16
0 24 0
1 34 8
2 26 0
t 1390 12
m 7 15
0 25 0
1 34 9
2 25 0
t 1389 12
m 7 14
0 24 0
1 34 10
2 24 0
t 1388 12
m 7 13
0 23 0
1 34 11
2 23 0
t 1387 12
m 6 13
0 22 0
1 34 12
2 22 0
t 1386 12
m 5 13
0 21 0
1 34 13
2 21 0
t 1385 12
m 4 13
0 20 0
1 34 14
2 20 0
t 1384 12
m 3 13
0 19 0
1 34 15
2 19 0
t 1383 18
m 2 13
0 18 0
1 34 16
2 18 0
t 1382 18
m 1 13
0 17 0
1 34 17
2 17 0
t 1381 18
m 0 13
0 16 0
1 33 17
2 16 0
t 1380 18
m 0 12
0 17 0
1 32 17
2 15 0
t 1379 18
m 0 11
0 16 0
1 31 17
2 14 0
t 1378 18
m 0 10
0 15 0
1 30 17
2 13 0
t 1377 18
m 0 9
0 14 0
1 29 17
2 12 0
t 1376 18
m 0 8
0 13 0
1 28 17
2 11 0
t 1375 18
m 0 7
0 12 0
1 27 17
2 10 0
t 1374 18
m 0 6
0 11 0
1 26 17
2 9 0
t 1373 18
m 0 5
0 10 0
1 25 17
2 8 0
t 1372 18
m 0 4
0 9 0
1 24 17
2 7 0
t 1371 18
m 0 3
0 8 0
1 23 17
2 6 0
t 1370 18
m 0 2
0 7 0
1 22 17
2 5 0
t 1369 18
m 0 1
0 6 0
1 21 17
2 4 0
t 1368 18
m 0 0
0 5 0
1 20 17
2 3 0
t 1367 25
m 0 1
0 4 0
1 19 17
2 2 0
t 1366 25
m 0 2
0 3 0
1 18 17
2 1 0
t 1365 25
m 1 2
0 3 1
1 17 17
2 0 0
t 1364 31
m 0 2
0 3 0
1 16 17
2 0 1
t 1363 31
m 0 3
0 2 0
1 15 17
2 0 2
t 1362 31
m 0 4
0 1 0
1 14 17
2 0 3
t 1361 31
m 0 5
0 0 0
1 13 17
2 0 4
t 1360 31
m 0 5
0 0 1
1 12 17
2 0 5
t 1359 31
