35
20
m 0 19
0 34 0
1 34 0
2 34 0
w 1 2
w 1 3
w 1 4
w 1 5
w 1 8
w 1 10
w 1 11
w 1 12
w 1 13
w 1 16
w 1 18
w 2 1
w 2 2
w 2 3
w 2 4
w 2 5
w 2 6
w 2 7
w 2 8
w 2 9
w 2 10
w 2 11
w 2 12
w 2 13
w 2 16
w 3 1
w 3 2
w 3 3
w 3 4
w 3 5
w 3 6
w 3 7
w 3 8
w 3 9
w 3 10
w 3 11
w 3 12
w 3 13
w 3 15
w 3 19
w 4 1
w 4 2
w 4 3
w 4 4
w 4 5
w 4 6
w 4 7
w 4 9
w 4 10
w 4 11
w 4 12
w 4 16
w 4 18
w 4 19
w 5 1
w 5 2
w 5 3
w 5 4
w 5 5
w 5 6
w 5 9
w 5 10
w 5 11
w 5 12
w 5 14
w 5 15
w 5 16
w 5 19
w 6 2
w 6 3
w 6 4
w 6 5
w 6 9
w 6 10
w 6 11
w 6 12
w 6 13
w 6 14
w 6 16
w 7 7
w 7 8
w 7 9
w 7 10
w 7 11
w 7 12
w 7 13
w 7 16
w 7 18
w 7 19
w 8 1
w 8 2
w 8 3
w 8 5
w 8 6
w 8 7
w 8 8
w 8 9
w 8 10
w 8 11
w 8 12
w 8 13
w 9 6
w 9 7
w 9 8
w 9 9
w 9 10
w 9 11
w 9 12
w 9 13
w 9 14
w 9 16
w 9 18
w 9 19
w 10 3
w 10 7
w 10 8
w 10 9
w 10 10
w 10 11
w 10 12
w 10 13
w 10 14
w 10 15
w 10 18
w 10 19
w 11 1
w 11 5
w 11 6
w 11 7
w 11 8
w 11 9
w 11 10
w 11 11
w 11 12
w 11 13
w 11 14
w 11 15
w 11 16
w 11 19
w 12 1
w 12 3
w 12 5
w 12 6
w 12 7
w 12 8
w 12 9
w 12 10
w 12 11
w 12 12
w 12 13
w 12 14
w 12 15
w 12 18
w 12 19
w 13 1
w 13 2
w 13 3
w 13 4
w 13 5
w 13 6
w 13 7
w 13 8
w 13 9
w 13 10
w 13 11
w 13 12
w 13 13
w 13 14
w 13 15
w 13 16
w 13 18
w 13 19
w 14 3
w 14 4
w 14 5
w 14 6
w 14 7
w 14 8
w 14 9
w 14 10
w 14 11
w 14 12
w 14 13
w 14 14
w 14 15
w 15 1
w 15 3
w 15 4
w 15 5
w 15 6
w 15 7
w 15 11
w 15 13
w 15 16
w 15 19
w 16 1
w 16 4
w 16 5
w 16 6
w 16 7
w 16 15
w 16 16
w 17 1
w 17 2
w 17 4
w 17 5
w 17 6
w 17 7
w 17 8
w 17 10
w 18 3
w 18 4
w 18 5
w 18 6
w 18 7
w 18 8
w 18 9
w 18 10
w 18 11
w 18 12
w 18 14
w 18 15
w 18 18
w 19 2
w 19 4
w 19 5
w 19 6
w 19 7
w 19 8
w 19 9
w 19 10
w 19 15
w 19 19
w 20 8
w 20 9
w 20 10
w 20 11
w 20 13
w 20 14
w 20 15
w 20 18
w 20 19
w 21 5
w 21 9
w 21 10
w 21 11
w 21 19
w 22 8
w 22 9
w 22 10
w 22 11
w 22 15
w 22 19
w 23 1
w 23 3
w 23 4
w 23 5
w 23 9
w 23 10
w 23 11
w 23 12
w 23 13
w 23 15
w 23 16
w 23 19
w 24 1
w 24 2
w 24 3
w 24 4
w 24 5
w 24 6
w 24 7
w 24 10
w 24 11
w 24 12
w 24 13
w 24 15
w 25 2
w 25 3
w 25 4
w 25 5
w 25 6
w 25 11
w 25 12
w 26 1
w 26 2
w 26 3
w 26 4
w 26 5
w 26 6
w 26 7
w 26 9
w 26 10
w 26 13
w 26 14
w 26 16
w 26 19
w 27 2
w 27 3
w 27 4
w 27 5
w 27 6
w 27 8
w 27 15
w 27 16
w 27 18
w 27 19
w 28 2
w 28 3
w 28 4
w 28 5
w 28 8
w 28 10
w 28 13
w 28 15
w 28 16
w 28 19
w 29 1
w 29 2
w 29 3
w 29 4
w 29 8
w 29 11
w 29 13
w 29 14
w 29 15
w 29 18
w 30 1
w 30 2
w 30 3
w 30 6
w 30 10
w 30 11
w 30 13
w 30 18
w 31 1
w 31 2
w 31 3
w 31 5
w 31 6
w 31 7
w 31 8
w 31 9
w 31 10
w 31 11
w 31 12
w 31 15
w 31 16
w 32 19
w 33 2
w 33 3
w 33 4
w 33 7
w 33 10
w 33 13
w 33 14
w 33 15
w 33 18
w 33 19
w 34 2
w 34 3
w 34 4
w 34 8
w 34 10
w 34 11
w 34 13
w 34 14
w 34 15
w 34 16
w 34 19
p 28 17
p 34 1
p 15 14
p 0 0
p 21 3
p 1 1
p 7 0
p 12 0
p 9 2
p 24 18
p 26 17
p 32 9
p 4 8
p 19 12
p 17 11
p 30 15
p 22 12
t 1400 0
m 0 18
0 33 0
1 33 0
2 34 1
t 1399 0
m 0 17
0 32 0
1 32 0
2 33 1
t 1398 0
m 0 16
0 31 0
1 31 0
2 32 1
t 1397 0
m 0 15
0 30 0
1 30 0
2 32 2
t 1396 0
m 0 14
0 29 0
1 29 0
2 32 3
t 1395 0
m 0 13
0 28 0
1 28 0
2 32 4
t 1394 0
m 0 12
0 27 0
1 27 0
2 32 5
t 1393 0
m 0 11
0 26 0
1 26 0
2 32 6
f 34 12
t 1392 0
m 0 10
0 25 0
1 25 0
2 32 7
t 1391 0
m 0 9
0 24 0
1 24 0
2 32 8
t 1390 0
m 0 8
0 23 0
1 23 0
2 32 9
t 1389 0
m 0 7
0 22 0
1 22 0
2 32 10
t 1388 0
m 0 6
0 21 0
1 21 0
2 32 11
t 1387 0
m 0 5
0 20 0
1 20 0
2 32 12
t 1386 0
m 0 4
0 19 0
1 19 0
2 32 13
t 1385 0
m 0 3
0 20 0
1 18 0
2 31 13
t 1384 0
m 0 2
0 19 0
1 17 0
2 31 14
t 1383 0
m 0 1
0 18 0
1 16 0
2 30 14
t 1382 0
m 1 1
0 17 0
1 15 0
2 30 15
t 1381 5
m 0 1
0 16 0
1 14 0
2 30 16
t 1380 5
m 0 0
0 15 0
1 13 0
2 29 16
t 1379 11
m 1 0
0 14 0
1 12 0
2 29 17
t 1378 11
m 2 0
0 13 0
1 11 0
2 28 17
t 1377 11
m 3 0
0 12 0
1 10 0
2 27 17
t 1376 11
m 4 0
0 11 0
1 9 0
2 26 17
t 1375 11
m 5 0
0 10 0
1 8 0
2 25 17
t 1374 11
m 6 0
0 9 0
1 7 0
2 24 17
t 1373 11
m 7 0
0 8 0
1 6 0
2 23 17
t 1372 11
