35
20
m 0 19
0 34 0
1 34 0
2 34 0
w 1 0
w 1 4
w 1 6
w 1 8
w 1 9
w 1 10
w 1 12
w 1 13
w 1 14
w 1 15
w 1 16
w 2 1
w 2 3
w 2 7
w 2 10
w 2 12
w 2 13
w 2 14
w 2 17
w 2 18
w 3 13
w 3 14
w 4 1
w 4 6
w 4 16
w 4 18
w 5 1
w 5 3
w 5 4
w 5 9
w 5 14
w 5 17
w 5 18
w 6 0
w 6 1
w 6 8
w 6 12
w 6 13
w 6 14
w 6 15
w 6 16
w 6 17
w 6 18
w 7 0
w 7 5
w 7 6
w 7 8
w 7 9
w 7 11
w 7 13
w 7 14
w 7 15
w 7 16
w 7 17
w 7 18
w 8 3
w 8 10
w 8 11
w 8 13
w 8 16
w 8 17
w 8 18
w 9 0
w 9 1
w 9 3
w 9 5
w 9 6
w 9 8
w 9 9
w 9 15
w 9 16
w 9 17
w 9 18
w 10 0
w 10 1
w 10 3
w 10 4
w 10 7
w 10 8
w 10 9
w 10 10
w 10 13
w 10 14
w 10 15
w 10 16
w 11 0
w 11 1
w 11 3
w 11 4
w 11 6
w 11 7
w 11 8
w 11 9
w 11 10
w 11 13
w 11 14
w 12 0
w 12 3
w 12 7
w 12 8
w 12 9
w 12 10
w 12 11
w 12 17
w 12 18
w 13 0
w 13 5
w 13 7
w 13 8
w 13 10
w 13 13
w 13 15
w 13 17
w 14 0
w 14 1
w 14 7
w 14 8
w 14 11
w 14 12
w 14 13
w 14 14
w 14 15
w 15 6
w 15 7
w 15 11
w 15 18
w 16 9
w 16 15
w 16 17
w 16 18
w 17 0
w 17 8
w 17 9
w 17 10
w 17 13
w 17 16
w 17 17
w 18 0
w 18 1
w 18 6
w 18 7
w 18 8
w 18 11
w 18 15
w 18 16
w 18 17
w 19 0
w 19 1
w 19 3
w 19 4
w 19 6
w 19 10
w 19 11
w 19 12
w 19 14
w 19 15
w 19 16
w 19 17
w 19 18
w 20 0
w 20 1
w 20 4
w 20 5
w 20 6
w 20 7
w 20 11
w 20 12
w 20 13
w 20 14
w 20 15
w 20 16
w 20 17
w 20 18
w 21 0
w 21 1
w 21 4
w 21 5
w 21 6
w 21 7
w 21 8
w 21 12
w 21 13
w 21 14
w 21 15
w 21 16
w 21 17
w 21 18
w 22 0
w 22 1
w 22 5
w 22 6
w 22 7
w 22 8
w 22 10
w 22 13
w 22 14
w 22 15
w 22 16
w 22 17
w 22 18
w 23 0
w 23 3
w 23 4
w 23 5
w 23 6
w 23 7
w 23 10
w 23 11
w 23 12
w 23 13
w 23 14
w 23 15
w 23 17
w 24 0
w 24 1
w 24 3
w 24 4
w 24 5
w 24 6
w 24 7
w 24 9
w 24 10
w 24 11
w 24 12
w 24 13
w 24 14
w 24 15
w 24 17
w 24 18
w 25 0
w 25 1
w 25 3
w 25 4
w 25 5
w 25 6
w 25 7
w 25 10
w 25 12
w 25 13
w 25 14
w 25 15
w 26 0
w 26 3
w 26 4
w 26 5
w 26 12
w 26 13
w 26 14
w 26 15
w 26 16
w 26 17
w 27 0
w 27 3
w 27 13
w 27 14
w 27 15
w 27 16
w 27 17
w 27 18
w 28 0
w 28 3
w 28 8
w 28 9
w 28 10
w 28 11
w 28 13
w 28 14
w 28 15
w 28 16
w 28 17
w 29 0
w 29 1
w 29 3
w 29 7
w 29 12
w 29 13
w 29 14
w 29 17
w 30 1
w 30 3
w 30 5
w 30 6
w 30 8
w 30 9
w 30 11
w 30 12
w 30 13
w 32 1
w 32 3
w 32 5
w 32 6
w 32 7
w 32 8
w 32 9
w 32 10
w 32 12
w 32 13
w 32 16
w 32 18
w 32 19
w 33 3
w 33 4
w 33 5
w 33 6
w 33 7
w 33 8
w 33 9
w 33 12
w 33 15
w 33 16
w 33 17
w 33 18
w 33 19
w 34 1
w 34 3
w 34 4
w 34 5
w 34 6
w 34 7
w 34 8
w 34 9
w 34 15
w 34 16
w 34 17
w 34 18
w 34 19
p 31 8
p 3 1
p 17 18
p 13 11
p 11 17
p 16 7
p 7 7
p 29 19
p 9 10
p 33 1
p 1 2
p 23 2
p 4 4
p 28 1
p 5 11
p 0 0
p 26 6
p 15 3
p 20 2
t 1400 0
m 0 18
0 33 0
1 33 0
2 33 0
t 1399 0
m 0 17
0 32 0
1 32 0
2 32 0
t 1398 0
m 0 16
0 31 0
1 31 0
2 31 0
t 1397 0
m 0 15
0 31 1
1 31 1
2 31 1
t 1396 0
m 0 14
0 31 2
1 31 2
2 31 2
t 1395 0
m 0 13
0 30 2
1 30 2
2 30 2
t 1394 0
m 0 12
0 29 2
1 29 2
2 29 2
t 1393 0
m 0 11
0 28 2
1 28 2
2 28 2
t 1392 0
m 1 11
0 27 2
1 27 2
2 27 2
t 1391 0
m 2 11
0 26 2
1 26 2
2 27 1
t 1390 0
m 3 11
0 25 2
1 25 2
2 26 1
t 1389 0
m 4 11
0 24 2
1 24 2
2 26 2
t 1388 0
m 5 11
0 23 2
1 23 2
2 27 2
t 1387 5
m 5 10
0 22 2
1 22 2
2 26 2
t 1386 5
m 4 10
0 21 2
1 21 2
2 25 2
t 1385 5
m 4 9
0 20 2
1 20 2
2 24 2
t 1384 5
m 4 8
0 19 2
1 19 2
2 23 2
t 1383 5
m 4 7
0 18 2
1 18 2
2 22 2
t 1382 5
m 5 7
0 17 2
1 18 3
2 21 2
t 1381 5
m 6 7
0 16 2
1 17 3
2 20 2
t 1380 5
m 7 7
0 15 2
1 16 3
2 19 2
t 1379 10
m 6 7
0 14 2
1 15 3
2 18 2
f 17 14
t 1378 10
m 5 7
0 13 2
1 14 3
2 17 2
t 1377 10
m 5 6
0 12 2
1 13 3
2 16 2
t 1376 10
m 5 5
0 11 2
1 13 2
2 15 2
t 1375 10
m 4 5
0 10 2
1 12 2
2 14 2
t 1374 10
m 4 4
0 9 2
1 11 2
2 13 2
t 1373 15
m 3 4
0 8 2
1 10 2
2 12 2
t 1372 15
m 2 4
0 9 2
1 9 2
2 11 2
t 1371 15
m 2 5
0 8 2
1 8 2
2 10 2
t 1370 15
m 1 5
0 7 2
1 7 2
2 9 2
t 1369 15
m 0 5
0 6 2
1 6 2
2 8 2
t 1368 15
m 0 4
0 5 2
1 5 2
2 7 2
t 1367 15
m 0 3
0 4 2
1 4 2
2 6 2
t 1366 15
m 0 2
0 5 2
1 3 2
2 5 2
t 1365 15
m 1 2
0 4 2
1 2 2
2 4 2
t 1364 21
m 0 2
0 4 3
1 1 2
2 3 2
t 1363 21
m 0 1
0 3 3
1 0 2
2 2 2
t 1362 21
m 0 0
0 3 2
1 0 1
2 1 2
t 1361 26
m 0 0
0 2 2
1 0 0
2 0 2
t 1360 26
