35
20
m 0 19
0 34 0
1 34 0
2 34 0
w 0 0
w 0 1
w 0 2
w 0 3
w 0 4
w 0 5
w 0 6
w 0 7
w 0 8
w 0 9
w 0 10
w 0 11
w 0 12
w 0 16
w 0 17
w 0 18
w 1 0
w 1 1
w 1 2
w 1 3
w 1 4
w 1 5
w 1 6
w 1 7
w 1 8
w 1 9
w 1 10
w 1 11
w 1 12
w 1 13
w 1 14
w 1 16
w 2 0
w 2 1
w 2 2
w 2 3
w 2 4
w 2 6
w 2 7
w 2 8
w 2 9
w 2 10
w 2 11
w 2 12
w 2 17
w 2 18
w 3 0
w 3 1
w 3 2
w 3 4
w 3 6
w 3 7
w 3 8
w 3 9
w 3 10
w 3 11
w 3 13
w 3 15
w 3 17
w 4 0
w 4 1
w 4 2
w 4 8
w 4 10
w 4 13
w 4 19
w 5 0
w 5 1
w 5 3
w 5 5
w 5 10
w 5 16
w 5 18
w 5 19
w 6 0
w 6 1
w 6 16
w 6 17
w 6 18
w 6 19
w 7 0
w 7 3
w 7 4
w 7 5
w 7 6
w 7 7
w 7 11
w 7 14
w 7 15
w 7 16
w 7 17
w 7 18
w 7 19
w 8 4
w 8 5
w 8 7
w 8 8
w 8 10
w 8 11
w 8 16
w 8 17
w 8 18
w 8 19
w 9 1
w 9 3
w 9 10
w 9 11
w 9 15
w 9 16
w 9 17
w 9 18
w 9 19
w 10 0
w 10 3
w 10 10
w 10 16
w 10 17
w 10 18
w 10 19
w 11 3
w 11 4
w 11 6
w 11 11
w 11 12
w 11 13
w 11 14
w 11 15
w 11 18
w 11 19
w 12 0
w 12 4
w 12 7
w 12 19
w 13 0
w 13 5
w 13 6
w 13 7
w 13 8
w 13 11
w 13 13
w 13 16
w 13 17
w 14 0
w 14 1
w 14 4
w 14 5
w 14 6
w 14 7
w 14 8
w 14 13
w 14 15
w 14 16
w 14 17
w 14 18
w 14 19
w 15 1
w 15 3
w 15 4
w 15 5
w 15 6
w 15 7
w 15 10
w 15 11
w 15 12
w 15 13
w 15 14
w 15 15
w 15 16
w 15 17
w 15 18
w 15 19
w 16 3
w 16 4
w 16 5
w 16 6
w 16 7
w 16 10
w 16 11
w 16 12
w 16 13
w 16 14
w 16 15
w 16 16
w 16 17
w 16 18
w 16 19
w 17 1
w 17 3
w 17 4
w 17 6
w 17 7
w 17 8
w 17 14
w 17 15
w 17 16
w 17 17
w 17 18
w 17 19
w 18 1
w 18 3
w 18 4
w 18 6
w 18 7
w 18 8
w 18 11
w 18 15
w 18 19
w 19 1
w 19 7
w 19 8
w 19 10
w 19 11
w 19 12
w 19 15
w 19 19
w 20 3
w 20 4
w 20 5
w 20 11
w 20 12
w 20 15
w 21 0
w 21 11
w 21 12
w 21 13
w 21 14
w 21 18
w 22 0
w 22 1
w 22 3
w 22 8
w 22 10
w 22 11
w 22 12
w 22 14
w 22 15
w 22 16
w 23 0
w 23 1
w 23 4
w 23 7
w 23 8
w 23 18
w 24 0
w 24 3
w 24 4
w 24 8
w 24 10
w 24 11
w 24 13
w 24 14
w 24 15
w 24 17
w 24 18
w 24 19
w 25 0
w 25 1
w 25 3
w 25 11
w 25 14
w 25 15
w 25 16
w 25 17
w 25 18
w 25 19
w 26 0
w 26 1
w 26 3
w 26 12
w 26 13
w 26 14
w 26 15
w 26 16
w 26 17
w 26 18
w 26 19
w 27 0
w 27 1
w 27 4
w 27 7
w 27 12
w 27 13
w 27 14
w 27 15
w 27 16
w 27 17
w 27 18
w 27 19
w 28 0
w 28 3
w 28 4
w 28 8
w 28 10
w 28 11
w 28 12
w 28 13
w 28 14
w 28 15
w 28 16
w 28 17
w 28 18
w 28 19
w 29 0
w 29 1
w 29 3
w 29 4
w 29 5
w 29 6
w 29 12
w 29 13
w 29 14
w 29 15
w 29 16
w 29 17
w 29 18
w 29 19
w 30 3
w 30 6
w 30 7
w 30 10
w 30 11
w 30 12
w 30 13
w 30 14
w 30 15
w 30 16
w 30 17
w 30 18
w 30 19
w 31 0
w 31 1
w 31 3
w 31 6
w 31 7
w 31 11
w 31 12
w 31 13
w 31 14
w 31 15
w 31 16
w 31 17
w 31 18
w 31 19
w 32 1
w 32 13
w 32 14
w 32 15
w 32 18
w 32 19
w 33 4
w 33 5
w 33 14
w 33 18
w 33 19
w 34 3
w 34 4
w 34 5
w 34 6
w 34 8
w 34 9
w 34 10
w 34 12
w 34 17
w 34 18
w 34 19
p 22 18
p 19 14
p 32 5
p 4 3
p 11 0
p 0 13
p 9 6
p 17 13
p 12 13
p 14 10
p 21 3
p 24 7
p 29 9
p 33 12
p 7 2
p 26 9
p 5 12
t 1400 0
m 1 19
0 33 0
1 33 0
2 33 0
f 12 1
t 1399 0
m 2 19
0 33 1
1 33 1
2 33 1
t 1398 0
m 3 19
0 33 2
1 33 2
2 33 2
t 1397 0
m 3 18
0 32 2
1 32 2
2 32 2
t 1396 0
m 4 18
0 31 2
1 31 2
2 31 2
t 1395 0
m 4 17
0 30 2
1 30 2
2 30 2
t 1394 0
m 4 16
0 29 2
1 29 2
2 29 2
t 1393 0
m 4 15
0 28 2
1 28 2
2 28 2
t 1392 0
m 4 14
0 27 2
1 27 2
2 27 2
t 1391 0
m 5 14
0 26 2
1 26 2
2 28 2
t 1390 0
m 5 13
0 25 2
1 25 2
2 29 2
t 1389 0
m 5 12
0 24 2
1 24 2
2 28 2
t 1388 5
m 5 11
0 23 2
1 23 2
2 27 2
t 1387 5
m 6 11
0 22 2
1 22 2
2 26 2
t 1386 5
m 6 10
0 21 2
1 21 2
2 25 2
t 1385 5
m 6 9
0 21 3
1 20 2
2 24 2
t 1384 5
m 6 8
0 21 4
1 19 2
2 23 2
t 1383 5
m 6 7
0 21 5
1 18 2
2 22 2
t 1382 5
m 6 6
0 21 6
1 17 2
2 21 2
t 1381 5
m 6 5
0 20 6
1 16 2
2 20 2
t 1380 5
m 6 4
0 21 6
1 15 2
2 19 2
t 1379 5
m 6 3
0 20 6
1 14 2
2 18 2
t 1378 5
m 6 2
0 19 6
1 13 2
2 17 2
t 1377 5
m 7 2
0 19 5
1 12 2
2 16 2
t 1376 11
m 8 2
0 19 4
1 11 2
2 15 2
t 1375 11
m 9 2
0 19 3
1 10 2
2 14 2
t 1374 11
m 8 2
0 19 2
1 9 2
2 13 2
t 1373 11
m 7 2
0 18 2
1 8 2
2 13 1
t 1372 11
m 6 2
0 17 2
1 7 2
2 12 1
t 1371 11
m 6 3
0 16 2
1 6 2
2 11 1
t 1370 11
m 6 4
0 15 2
1 6 3
2 10 1
t 1369 11
m 5 4
0 14 2
1 6 4
2 10 2
t 1368 11
m 4 4
0 13 2
1 5 4
2 9 2
t 1367 11
m 4 3
0 12 2
1 4 4
2 8 2
t 1366 17
m 4 3
0 11 2
1 4 3
2 7 2
t 1365 17
