35
20
m 0 19
0 34 0
1 34 0
2 34 0
w 0 0
w 0 1
w 0 2
w 0 3
w 0 4
w 0 5
w 0 6
w 0 7
w 0 10
w 0 14
w 0 15
w 0 16
w 0 17
w 1 0
w 1 1
w 1 2
w 1 3
w 1 4
w 1 5
w 1 6
w 1 9
w 1 10
w 1 11
w 1 13
w 1 14
w 1 15
w 1 16
w 1 19
w 2 0
w 2 1
w 2 2
w 2 3
w 2 4
w 2 10
w 2 13
w 2 14
w 2 15
w 2 16
w 2 17
w 2 19
w 3 0
w 3 1
w 3 2
w 3 3
w 3 4
w 3 6
w 3 8
w 3 9
w 3 10
w 3 11
w 3 14
w 3 15
w 4 0
w 4 1
w 4 2
w 4 3
w 4 4
w 4 5
w 4 8
w 4 10
w 4 14
w 4 15
w 4 17
w 4 18
w 5 0
w 5 1
w 5 2
w 5 3
w 5 4
w 5 5
w 5 8
w 5 10
w 5 12
w 5 15
w 5 19
w 6 0
w 6 1
w 6 2
w 6 3
w 6 4
w 6 5
w 6 7
w 6 8
w 6 10
w 6 13
w 6 17
w 7 0
w 7 1
w 7 2
w 7 3
w 7 4
w 7 5
w 7 10
w 7 17
w 7 18
w 8 0
w 8 1
w 8 2
w 8 3
w 8 4
w 8 8
w 8 9
w 8 10
w 8 11
w 8 13
w 8 14
w 8 17
w 8 19
w 9 2
w 9 6
w 9 7
w 9 8
w 9 9
w 9 10
w 9 11
w 9 12
w 10 1
w 10 2
w 10 3
w 10 4
w 10 6
w 10 9
w 10 10
w 10 11
w 10 12
w 10 13
w 10 14
w 10 17
w 10 18
w 11 1
w 11 2
w 11 9
w 11 12
w 11 13
w 11 16
w 11 19
w 12 1
w 12 4
w 12 8
w 12 12
w 12 18
w 12 19
w 13 2
w 13 3
w 13 4
w 13 5
w 13 6
w 13 8
w 13 11
w 13 12
w 13 15
w 13 16
w 13 17
w 13 18
w 13 19
w 14 3
w 14 4
w 14 5
w 14 6
w 14 9
w 14 14
w 14 15
w 14 16
w 14 17
w 14 18
w 14 19
w 15 0
w 15 1
w 15 4
w 15 5
w 15 7
w 15 10
w 15 11
w 15 12
w 15 14
w 15 15
w 15 16
w 15 17
w 15 18
w 15 19
w 16 0
w 16 1
w 16 2
w 16 15
w 16 16
w 16 17
w 16 18
w 16 19
w 17 0
w 17 1
w 17 6
w 17 7
w 17 9
w 17 12
w 17 14
w 17 15
w 17 16
w 17 17
w 17 18
w 17 19
w 18 8
w 18 9
w 18 12
w 18 14
w 18 15
w 18 16
w 18 17
w 18 18
w 18 19
w 19 1
w 19 2
w 19 3
w 19 5
w 19 6
w 19 7
w 19 8
w 19 12
w 19 13
w 19 14
w 19 15
w 19 16
w 19 17
w 19 18
w 19 19
w 20 2
w 20 7
w 20 8
w 20 10
w 20 12
w 20 13
w 20 14
w 20 15
w 20 16
w 20 17
w 20 18
w 20 19
w 21 0
w 21 6
w 21 7
w 21 8
w 21 9
w 21 13
w 21 14
w 21 15
w 21 16
w 21 17
w 21 18
w 21 19
w 22 0
w 22 3
w 22 5
w 22 6
w 22 7
w 22 8
w 22 9
w 22 13
w 22 14
w 22 15
w 22 16
w 22 17
w 22 18
w 22 19
w 23 2
w 23 3
w 23 5
w 23 6
w 23 7
w 23 8
w 23 10
w 23 14
w 23 15
w 23 16
w 23 17
w 23 18
w 23 19
w 24 0
w 24 1
w 24 3
w 24 6
w 24 7
w 24 8
w 24 15
w 24 16
w 24 17
w 24 18
w 24 19
w 25 3
w 25 5
w 25 6
w 25 7
w 25 8
w 25 9
w 25 13
w 25 16
w 25 17
w 25 18
w 25 19
w 26 0
w 26 1
w 26 5
w 26 6
w 26 7
w 26 8
w 26 9
w 26 16
w 26 17
w 26 18
w 26 19
w 27 0
w 27 1
w 27 2
w 27 5
w 27 6
w 27 7
w 27 8
w 27 9
w 27 10
w 27 12
w 27 14
w 27 15
w 27 16
w 27 17
w 27 18
w 27 19
w 28 0
w 28 1
w 28 2
w 28 3
w 28 5
w 28 6
w 28 7
w 28 8
w 28 9
w 28 10
w 28 13
w 28 14
w 28 15
w 28 16
w 28 17
w 28 18
w 28 19
w 29 0
w 29 1
w 29 2
w 29 3
w 29 5
w 29 6
w 29 7
w 29 8
w 29 9
w 29 13
w 29 14
w 29 15
w 29 16
w 29 17
w 29 18
w 29 19
w 30 1
w 30 5
w 30 6
w 30 7
w 30 8
w 30 9
w 30 12
w 30 13
w 30 14
w 30 15
w 30 16
w 30 17
w 30 18
w 30 19
w 31 3
w 31 5
w 31 6
w 31 7
w 31 13
w 31 14
w 31 15
w 31 16
w 31 17
w 31 18
w 31 19
w 32 0
w 32 2
w 32 5
w 32 6
w 32 8
w 32 10
w 32 15
w 32 16
w 32 17
w 32 18
w 32 19
w 33 1
w 33 2
w 33 14
w 33 15
w 33 16
w 33 17
w 33 18
w 33 19
w 34 5
w 34 7
w 34 11
w 34 14
w 34 15
w 34 16
w 34 17
w 34 18
w 34 19
p 29 11
p 18 1
p 5 14
p 3 7
p 32 7
p 23 9
p 34 3
p 13 9
p 9 17
p 11 15
p 20 6
p 25 14
p 0 8
p 16 4
p 7 14
t 1400 0
m 0 18
0 34 1
1 34 1
2 34 1
t 1399 0
m 1 18
0 34 2
1 34 2
2 34 2
t 1398 0
m 2 18
0 34 3
1 34 3
2 34 3
t 1397 0
m 3 18
0 33 3
1 33 3
2 33 3
t 1396 0
m 3 17
0 32 3
1 32 3
2 32 3
t 1395 0
m 3 16
0 32 4
1 32 4
2 32 4
t 1394 0
m 4 16
0 31 4
1 31 4
2 31 4
t 1393 0
m 5 16
0 30 4
1 30 4
2 30 4
t 1392 0
m 6 16
0 29 4
1 29 4
2 29 4
t 1391 0
m 6 15
0 28 4
1 28 4
2 28 4
t 1390 0
m 6 14
0 27 4
1 27 4
2 27 4
t 1389 0
m 7 14
0 26 4
1 26 4
2 26 4
t 1388 6
m 6 14
0 25 4
1 25 4
2 25 4
t 1387 6
m 5 14
0 24 4
1 24 4
2 24 4
f 21 5
t 1386 13
m 6 14
0 23 4
1 23 4
2 23 4
t 1385 13
m 6 15
0 22 4
1 22 4
2 22 4
t 1384 13
m 6 16
0 21 4
1 21 4
2 21 4
t 1383 13
m 7 16
0 20 4
1 20 4
2 20 4
t 1382 13
m 8 16
0 19 4
1 19 4
2 19 4
t 1381 13
m 9 16
0 18 4
1 18 4
2 18 4
t 1380 13
m 9 17
0 17 4
1 17 4
2 17 4
t 1379 20
m 9 16
0 16 4
1 16 4
2 16 4
t 1378 20
m 9 15
0 16 5
1 16 5
2 16 5
t 1377 20
m 10 15
0 16 6
1 16 6
2 16 6
t 1376 20
m 11 15
0 15 6
1 16 7
2 16 7
t 1375 26
m 11 14
0 16 6
1 16 8
2 16 8
t 1374 26
m 12 14
0 16 7
1 16 9
2 16 9
t 1373 26
m 12 13
0 16 8
1 16 10
2 16 8
t 1372 26
m 13 13
0 16 9
1 16 11
2 16 9
t 1371 26
m 14 13
0 15 9
1 16 12
2 16 10
t 1370 26
m 14 12
0 16 9
1 16 13
2 16 11
t 1369 26
m 14 11
0 16 10
1 15 13
2 16 12
t 1368 26
m 14 10
0 16 11
1 14 13
2 16 13
t 1367 26
m 13 10
0 16 12
1 14 12
2 15 13
t 1366 26
m 13 9
0 16 13
1 14 11
2 14 13
t 1365 33
m 13 9
0 15 13
1 14 10
2 14 12
t 1364 33
m 13 9
0 14 13
1 13 10
2 14 11
t 1363 33
m 13 9
0 14 12
1 13 9
2 14 10
t 1362 33
