35
20
m 0 19
0 34 0
1 34 0
2 34 0
w 1 3
w 1 5
w 1 6
w 1 7
w 1 8
w 1 9
w 1 10
w 1 11
w 1 13
w 1 14
w 1 15
w 1 16
w 2 2
w 2 3
w 2 4
w 2 7
w 2 14
w 2 15
w 2 16
w 2 17
w 2 18
w 3 1
w 3 8
w 3 10
w 3 11
w 3 13
w 3 14
w 3 15
w 3 16
w 3 17
w 3 18
w 4 2
w 4 3
w 4 5
w 4 6
w 4 12
w 4 13
w 4 14
w 4 15
w 4 16
w 4 17
w 4 18
w 5 2
w 5 3
w 5 4
w 5 5
w 5 6
w 5 7
w 5 8
w 5 9
w 5 11
w 5 12
w 5 13
w 5 14
w 5 15
w 5 16
w 5 17
w 6 2
w 6 4
w 6 5
w 6 6
w 6 7
w 6 8
w 6 9
w 6 10
w 6 11
w 6 12
w 6 13
w 6 14
w 6 15
w 6 16
w 6 17
w 6 18
w 7 5
w 7 6
w 7 7
w 7 8
w 7 9
w 7 10
w 7 11
w 7 12
w 7 13
w 7 14
w 7 15
w 7 16
w 7 17
w 7 18
w 8 2
w 8 3
w 8 4
w 8 5
w 8 6
w 8 7
w 8 8
w 8 9
w 8 10
w 8 11
w 8 12
w 8 13
w 8 14
w 8 15
w 8 16
w 9 3
w 9 4
w 9 5
w 9 6
w 9 7
w 9 8
w 9 9
w 9 10
w 9 11
w 9 12
w 9 13
w 9 14
w 9 15
w 9 16
w 9 17
w 10 1
w 10 2
w 10 3
w 10 4
w 10 5
w 10 6
w 10 7
w 10 8
w 10 9
w 10 10
w 10 11
w 10 12
w 10 13
w 10 14
w 10 15
w 10 16
w 10 17
w 10 18
w 11 2
w 11 3
w 11 4
w 11 5
w 11 6
w 11 7
w 11 8
w 11 9
w 11 10
w 11 11
w 11 12
w 11 13
w 11 14
w 11 15
w 11 16
w 11 17
w 11 18
w 12 2
w 12 3
w 12 4
w 12 5
w 12 6
w 12 7
w 12 8
w 12 9
w 12 10
w 12 11
w 12 12
w 12 13
w 12 14
w 12 15
w 12 16
w 12 17
w 13 1
w 13 4
w 13 5
w 13 6
w 13 7
w 13 8
w 13 9
w 13 10
w 13 11
w 13 12
w 13 13
w 13 14
w 13 15
w 13 16
w 13 17
w 13 18
w 14 3
w 14 4
w 14 5
w 14 6
w 14 7
w 14 8
w 14 9
w 14 10
w 14 11
w 14 12
w 14 13
w 14 14
w 14 15
w 14 16
w 14 17
w 14 18
w 15 1
w 15 2
w 15 3
w 15 4
w 15 5
w 15 6
w 15 7
w 15 8
w 15 9
w 15 10
w 15 11
w 15 12
w 15 13
w 15 14
w 15 15
w 16 1
w 16 2
w 16 3
w 16 4
w 16 5
w 16 6
w 16 7
w 16 8
w 16 9
w 16 10
w 16 11
w 16 12
w 16 13
w 16 14
w 16 15
w 16 16
w 17 1
w 17 2
w 17 3
w 17 4
w 17 5
w 17 6
w 17 7
w 17 8
w 17 9
w 17 10
w 17 11
w 17 12
w 17 13
w 17 14
w 17 15
w 17 16
w 17 17
w 18 3
w 18 4
w 18 5
w 18 6
w 18 7
w 18 8
w 18 9
w 18 10
w 18 11
w 18 12
w 18 13
w 18 14
w 18 15
w 18 16
w 18 17
w 19 1
w 19 4
w 19 5
w 19 6
w 19 7
w 19 8
w 19 9
w 19 10
w 19 11
w 19 12
w 19 13
w 19 14
w 19 15
w 19 16
w 19 17
w 19 18
w 20 1
w 20 4
w 20 5
w 20 6
w 20 7
w 20 8
w 20 9
w 20 10
w 20 11
w 20 12
w 20 13
w 20 14
w 20 15
w 20 16
w 20 18
w 21 5
w 21 6
w 21 7
w 21 8
w 21 14
w 21 15
w 21 16
w 22 1
w 22 3
w 22 4
w 22 5
w 22 6
w 22 7
w 22 8
w 22 9
w 22 11
w 22 14
w 22 15
w 22 16
w 22 17
w 23 2
w 23 3
w 23 4
w 23 5
w 23 6
w 23 7
w 23 8
w 23 9
w 23 10
w 23 11
w 23 15
w 24 1
w 24 2
w 24 3
w 24 4
w 24 5
w 24 6
w 24 7
w 24 8
w 24 9
w 24 10
w 24 11
w 24 13
w 24 14
w 24 15
w 24 16
w 25 1
w 25 2
w 25 3
w 25 4
w 25 5
w 25 6
w 25 7
w 25 8
w 25 9
w 25 10
w 25 11
w 25 15
w 25 16
w 25 18
w 26 3
w 26 4
w 26 5
w 26 6
w 26 7
w 26 8
w 26 9
w 26 10
w 26 11
w 26 17
w 27 1
w 27 5
w 27 11
w 27 15
w 27 18
w 28 4
w 28 5
w 28 6
w 28 8
w 28 10
w 28 11
w 28 13
w 28 14
w 28 15
w 28 16
w 28 18
w 29 2
w 29 3
w 29 4
w 29 5
w 29 8
w 29 14
w 29 15
w 29 16
w 29 17
w 29 18
w 30 2
w 30 6
w 30 7
w 30 9
w 30 12
w 30 13
w 30 14
w 30 15
w 30 16
w 31 2
w 31 4
w 31 6
w 31 7
w 31 12
w 31 13
w 31 14
w 31 15
w 31 18
w 32 1
w 32 4
w 32 6
w 32 10
w 32 11
w 32 13
w 32 14
w 32 16
w 32 18
w 34 1
w 34 8
w 34 9
w 34 10
w 34 11
w 34 13
w 34 16
w 34 18
w 34 19
p 31 8
p 21 13
p 27 4
p 10 0
p 27 16
p 32 0
p 13 2
p 32 3
p 2 5
p 31 1
p 18 19
p 23 12
p 27 6
p 22 19
p 5 18
p 11 1
p 0 7
p 25 0
p 1 2
p 33 10
p 6 1
p 2 10
p 25 12
p 26 16
p 26 19
p 21 11
p 4 1
p 23 14
p 27 2
p 30 1
p 33 3
p 1 4
p 15 18
t 1400 0
m 1 19
0 33 0
1 33 0
2 33 0
t 1399 0
m 2 19
0 32 0
1 34 0
2 34 0
t 1398 0
m 3 19
0 33 0
1 33 0
2 33 0
t 1397 0
m 4 19
0 32 0
1 33 1
2 33 1
f 29 6
t 1396 0
m 5 19
0 33 0
1 33 0
2 33 2
t 1395 0
m 5 18
0 33 1
1 34 0
2 34 2
t 1394 3
m 5 19
0 33 0
1 33 0
2 33 2
t 1393 3
m 6 19
0 33 1
1 32 0
2 33 3
t 1392 3
m 7 19
0 33 0
1 31 0
2 32 3
t 1391 3
m 8 19
0 34 0
1 30 0
2 33 3
t 1390 3
m 9 19
0 33 0
1 31 0
2 33 2
t 1389 3
m 10 19
0 33 1
1 30 0
2 34 2
t 1388 3
m 11 19
0 33 2
1 29 0
2 34 3
t 1387 3
m 12 19
0 34 2
1 28 0
2 34 4
t 1386 3
m 13 19
0 34 3
1 27 0
2 34 3
t 1385 3
m 14 19
0 34 4
1 28 0
2 34 2
t 1384 3
m 15 19
0 34 3
1 29 0
2 34 3
t 1383 3
m 15 18
0 34 4
1 29 1
2 34 2
t 1382 6
m 15 19
0 34 3
1 30 1
2 33 2
t 1381 6
m 16 19
0 33 3
1 31 1
2 32 2
t 1380 6
m 17 19
0 33 2
1 30 1
2 32 3
t 1379 6
m 18 19
0 32 2
1 31 1
2 32 2
t 1378 9
m 19 19
0 32 3
1 31 0
2 32 3
t 1377 9
m 20 19
0 31 3
1 31 1
2 32 2
t 1376 9
m 21 19
0 30 3
1 31 0
2 32 3
t 1375 9
m 22 19
0 31 3
1 32 0
2 33 3
t 1374 12
m 23 19
0 30 3
1 33 0
2 33 4
t 1373 12
m 24 19
0 30 4
1 33 1
2 33 5
t 1372 12
m 25 19
0 30 3
1 33 2
2 33 4
t 1371 12
m 26 19
0 30 4
1 34 2
2 34 4
t 1370 15
m 27 19
0 30 3
1 33 2
2 34 5
t 1369 15
m 28 19
0 30 4
1 34 2
2 33 5
t 1368 15
m 29 19
0 30 5
1 33 2
2 33 6
t 1367 15
m 30 19
0 30 4
1 32 2
2 34 6
t 1366 15
m 30 18
0 30 3
1 32 3
2 34 5
t 1365 15
m 30 17
0 30 4
1 33 3
2 33 5
t 1364 15
m 31 17
0 30 3
1 33 2
2 34 5
t 1363 15
m 32 17
0 31 3
1 33 3
2 33 5
t 1362 15
m 33 17
0 30 3
1 32 3
2 33 4
t 1361 15
m 33 16
0 31 3
1 33 3
2 33 3
t 1360 15
m 33 15
0 32 3
1 33 4
2 33 2
t 1359 15
m 33 14
0 33 3
1 34 4
2 33 1
t 1358 15
m 33 13
0 34 3
1 34 5
2 33 2
t 1357 15
m 33 12
0 34 4
1 34 4
2 33 3
t 1356 15
m 33 11
0 33 4
1 34 3
2 34 3
t 1355 15
m 33 10
0 33 3
1 33 3
2 33 3
t 1354 18
m 33 9
0 33 4
1 33 4
2 32 3
t 1353 18
m 33 8
0 34 4
1 33 3
2 32 2
t 1352 18
m 32 8
0 34 3
1 33 2
2 33 2
t 1351 18
m 31 8
0 34 4
1 33 1
2 32 2
t 1350 21
m 32 8
0 34 3
1 33 0
2 33 2
t 1349 21
m 33 8
0 34 2
1 34 0
2 33 1
t 1348 21
m 33 7
0 34 3
1 33 0
2 33 2
t 1347 21
m 33 6
0 34 2
1 33 1
2 34 2
t 1346 21
m 33 5
0 33 2
1 33 0
2 33 2
t 1345 21
m 33 4
0 34 2
1 33 1
2 32 2
t 1344 21
m 33 3
0 33 2
1 33 0
2 32 3
t 1343 24
m 32 3
0 32 2
1 33 1
2 31 3
t 1342 27
m 32 2
0 32 3
1 33 2
2 30 3
t 1341 27
