35
20
m 0 19
0 34 0
1 34 0
2 34 0
w 0 3
w 0 4
w 0 5
w 0 6
w 0 7
w 0 8
w 0 9
w 0 10
w 0 11
w 0 12
w 0 13
w 0 14
w 0 15
w 0 16
w 0 18
w 1 0
w 1 3
w 1 4
w 1 5
w 1 6
w 1 7
w 1 8
w 1 9
w 1 10
w 1 11
w 1 12
w 1 13
w 1 14
w 1 15
w 1 16
w 2 0
w 2 2
w 2 6
w 2 7
w 2 8
w 2 9
w 2 10
w 2 11
w 2 12
w 2 14
w 2 15
w 2 17
w 3 2
w 3 3
w 3 4
w 3 7
w 3 8
w 3 9
w 3 10
w 3 11
w 3 14
w 3 19
w 4 0
w 4 8
w 4 9
w 4 10
w 4 13
w 4 18
w 4 19
w 5 2
w 5 5
w 5 8
w 5 9
w 5 13
w 5 14
w 6 0
w 6 1
w 6 2
w 6 8
w 6 9
w 6 11
w 6 15
w 6 17
w 7 11
w 7 12
w 7 15
w 7 17
w 7 18
w 7 19
w 8 2
w 8 4
w 8 6
w 8 13
w 8 17
w 8 18
w 8 19
w 9 2
w 9 3
w 9 4
w 9 5
w 9 6
w 9 7
w 9 10
w 9 14
w 9 16
w 9 17
w 9 18
w 9 19
w 10 1
w 10 2
w 10 3
w 10 4
w 10 5
w 10 6
w 10 7
w 10 9
w 10 12
w 10 15
w 10 16
w 10 17
w 10 18
w 10 19
w 11 1
w 11 2
w 11 3
w 11 6
w 11 10
w 11 11
w 11 12
w 11 15
w 11 16
w 11 17
w 11 18
w 11 19
w 12 1
w 12 2
w 12 7
w 12 9
w 12 11
w 12 12
w 12 14
w 12 15
w 12 16
w 12 17
w 12 18
w 12 19
w 13 2
w 13 4
w 13 5
w 13 15
w 13 16
w 13 17
w 13 18
w 13 19
w 14 5
w 14 6
w 14 9
w 14 10
w 14 18
w 14 19
w 15 1
w 15 4
w 15 5
w 15 6
w 15 7
w 15 10
w 15 12
w 15 13
w 15 14
w 15 17
w 15 18
w 15 19
w 16 1
w 16 4
w 16 5
w 16 6
w 16 12
w 16 13
w 16 14
w 16 15
w 16 17
w 16 18
w 16 19
w 17 5
w 17 9
w 17 13
w 17 14
w 17 15
w 17 16
w 17 17
w 17 18
w 17 19
w 18 1
w 18 2
w 18 4
w 18 5
w 18 6
w 18 7
w 18 11
w 18 14
w 18 15
w 18 16
w 18 17
w 18 18
w 18 19
w 19 1
w 19 2
w 19 3
w 19 4
w 19 5
w 19 6
w 19 9
w 19 10
w 19 11
w 19 12
w 19 14
w 19 15
w 19 16
w 19 17
w 19 18
w 19 19
w 20 2
w 20 5
w 20 6
w 20 7
w 20 9
w 20 10
w 20 11
w 20 12
w 20 13
w 20 14
w 20 15
w 20 16
w 20 17
w 20 18
w 20 19
w 21 4
w 21 5
w 21 6
w 21 7
w 21 10
w 21 12
w 21 13
w 21 14
w 21 15
w 21 16
w 21 17
w 21 18
w 21 19
w 22 1
w 22 2
w 22 3
w 22 4
w 22 5
w 22 6
w 22 9
w 22 10
w 22 13
w 22 14
w 22 15
w 22 16
w 22 17
w 22 18
w 22 19
w 23 1
w 23 2
w 23 3
w 23 4
w 23 5
w 23 6
w 23 9
w 23 10
w 23 11
w 23 14
w 23 15
w 23 16
w 23 17
w 23 18
w 23 19
w 24 3
w 24 4
w 24 5
w 24 6
w 24 7
w 24 10
w 24 14
w 24 15
w 24 17
w 24 18
w 24 19
w 25 4
w 25 5
w 25 6
w 25 11
w 25 17
w 25 18
w 25 19
w 26 1
w 26 2
w 26 3
w 26 4
w 26 5
w 26 6
w 26 11
w 26 15
w 26 18
w 26 19
w 27 3
w 27 4
w 27 5
w 27 6
w 27 7
w 27 9
w 27 10
w 27 13
w 27 14
w 27 15
w 27 16
w 27 17
w 27 18
w 27 19
w 28 7
w 28 12
w 28 13
w 28 14
w 28 15
w 28 16
w 28 17
w 28 18
w 28 19
w 29 2
w 29 3
w 29 4
w 29 9
w 29 10
w 29 11
w 29 12
w 29 13
w 29 14
w 29 15
w 29 16
w 29 17
w 29 18
w 29 19
w 30 1
w 30 2
w 30 3
w 30 6
w 30 9
w 30 10
w 30 11
w 30 12
w 30 13
w 30 14
w 30 15
w 30 16
w 30 17
w 30 18
w 30 19
w 31 2
w 31 4
w 31 9
w 31 10
w 31 11
w 31 12
w 31 13
w 31 14
w 31 15
w 31 16
w 31 17
w 31 18
w 31 19
w 32 9
w 32 10
w 32 11
w 32 12
w 32 13
w 32 14
w 32 15
w 32 16
w 32 17
w 32 18
w 32 19
w 33 1
w 33 2
w 33 4
w 33 6
w 33 7
w 33 9
w 33 10
w 33 11
w 33 12
w 33 13
w 33 14
w 33 15
w 33 16
w 33 17
w 33 18
w 33 19
w 34 1
w 34 2
w 34 3
w 34 4
w 34 5
w 34 6
w 34 7
w 34 8
w 34 9
w 34 10
w 34 11
w 34 12
w 34 13
w 34 14
w 34 15
w 34 16
w 34 17
w 34 18
w 34 19
p 6 12
p 16 7
p 29 1
p 0 0
p 14 7
p 8 0
p 9 15
p 18 9
p 26 16
p 5 0
p 22 0
p 3 6
p 32 3
p 25 1
p 12 8
t 1400 0
m 1 19
0 33 0
1 33 0
2 33 0
f 17 2
t 1399 0
m 1 18
0 32 0
1 32 0
2 32 0
t 1398 0
m 2 18
0 32 1
1 32 1
2 32 1
t 1397 0
m 3 18
0 32 2
1 32 2
2 32 2
t 1396 0
m 3 17
0 32 3
1 32 3
2 32 3
t 1395 0
m 3 16
0 32 4
1 32 4
2 32 4
t 1394 0
m 4 16
0 32 5
1 32 5
2 32 5
t 1393 0
m 5 16
0 31 5
1 31 5
2 31 5
t 1392 0
m 6 16
0 30 5
1 30 5
2 30 5
t 1391 0
m 7 16
0 29 5
1 29 5
2 29 5
t 1390 0
m 8 16
0 29 6
1 29 6
2 29 6
t 1389 0
m 8 15
0 29 7
1 29 7
2 29 7
t 1388 0
m 9 15
0 29 8
1 29 8
2 29 8
t 1387 6
m 8 15
0 28 8
1 28 8
2 28 8
t 1386 6
m 8 14
0 27 8
1 27 8
2 27 8
t 1385 6
m 7 14
0 26 8
1 26 8
2 26 8
t 1384 6
m 6 14
0 25 8
1 25 8
2 25 8
t 1383 6
m 6 13
0 24 8
1 24 8
2 24 8
t 1382 6
m 6 12
0 23 8
1 23 8
2 23 8
t 1381 13
m 5 12
0 22 8
1 22 8
2 22 8
t 1380 13
m 5 11
0 21 8
1 21 8
2 21 8
t 1379 13
m 5 10
0 20 8
1 20 8
2 20 8
t 1378 13
m 6 10
0 19 8
1 19 8
2 19 8
t 1377 13
m 7 10
0 18 8
1 18 8
2 18 8
t 1376 13
m 7 9
0 17 8
1 17 8
2 17 8
t 1375 13
m 7 8
0 16 8
1 16 8
2 16 8
t 1374 13
m 8 8
0 15 8
1 15 8
2 15 8
t 1373 13
m 9 8
0 14 8
1 14 8
2 14 8
t 1372 13
m 10 8
0 13 8
1 13 8
2 13 8
t 1371 13
m 11 8
0 12 8
1 12 8
2 12 8
t 1370 13
m 12 8
0 13 8
1 13 8
2 11 8
t 1369 13
