35
20
m 0 19
0 34 0
1 34 0
2 34 0
w 0 0
w 0 1
w 0 2
w 0 3
w 0 4
w 0 5
w 0 6
w 0 7
w 0 8
w 0 9
w 0 10
w 0 11
w 0 12
w 0 13
w 0 14
w 0 15
w 0 17
w 0 18
w 1 0
w 1 1
w 1 2
w 1 3
w 1 4
w 1 5
w 1 6
w 1 7
w 1 8
w 1 9
w 1 10
w 1 11
w 1 12
w 1 13
w 1 14
w 1 15
w 1 18
w 2 0
w 2 1
w 2 2
w 2 3
w 2 5
w 2 6
w 2 7
w 2 8
w 2 11
w 2 12
w 2 13
w 2 14
w 2 15
w 2 16
w 3 0
w 3 1
w 3 2
w 3 3
w 3 5
w 3 8
w 3 11
w 3 12
w 3 13
w 3 14
w 3 15
w 3 16
w 3 17
w 4 2
w 4 5
w 4 11
w 4 12
w 4 13
w 4 14
w 4 15
w 4 16
w 4 19
w 5 5
w 5 7
w 5 10
w 5 12
w 5 14
w 5 15
w 6 8
w 6 12
w 6 17
w 7 10
w 7 13
w 7 14
w 8 1
w 8 3
w 8 5
w 8 6
w 8 7
w 8 10
w 8 11
w 8 14
w 8 15
w 9 1
w 9 2
w 9 3
w 9 7
w 9 11
w 9 13
w 9 14
w 9 15
w 9 17
w 9 18
w 10 1
w 10 4
w 10 5
w 10 6
w 10 14
w 11 2
w 11 9
w 11 10
w 11 11
w 11 13
w 11 16
w 11 17
w 11 19
w 12 1
w 12 3
w 12 4
w 12 9
w 12 10
w 12 14
w 13 4
w 13 6
w 13 7
w 13 9
w 13 10
w 13 13
w 13 17
w 13 18
w 13 19
w 14 5
w 14 7
w 14 9
w 14 10
w 14 11
w 14 16
w 14 17
w 14 18
w 14 19
w 15 1
w 15 2
w 15 4
w 15 5
w 15 10
w 15 11
w 15 13
w 15 15
w 15 16
w 15 17
w 15 18
w 15 19
w 16 1
w 16 2
w 16 3
w 16 4
w 16 5
w 16 6
w 16 10
w 16 11
w 16 12
w 16 15
w 16 16
w 16 17
w 16 18
w 16 19
w 17 2
w 17 3
w 17 4
w 17 5
w 17 6
w 17 7
w 17 10
w 17 11
w 17 12
w 17 13
w 17 17
w 17 18
w 17 19
w 18 1
w 18 2
w 18 3
w 18 4
w 18 5
w 18 6
w 18 9
w 18 11
w 18 12
w 18 13
w 18 18
w 18 19
w 19 2
w 19 3
w 19 4
w 19 5
w 19 9
w 19 12
w 19 13
w 19 15
w 19 16
w 19 19
w 20 1
w 20 2
w 20 3
w 20 4
w 20 5
w 20 6
w 20 7
w 20 10
w 20 16
w 20 18
w 20 19
w 21 2
w 21 3
w 21 4
w 21 5
w 21 6
w 21 11
w 21 13
w 21 14
w 21 17
w 21 18
w 21 19
w 22 1
w 22 2
w 22 3
w 22 4
w 22 9
w 22 12
w 22 16
w 22 17
w 22 18
w 22 19
w 23 1
w 23 2
w 23 3
w 23 11
w 23 12
w 23 13
w 23 14
w 23 15
w 23 16
w 23 17
w 23 18
w 23 19
w 24 2
w 24 4
w 24 7
w 24 9
w 24 11
w 24 12
w 24 13
w 24 15
w 24 16
w 24 17
w 24 18
w 24 19
w 25 4
w 25 6
w 25 10
w 25 11
w 25 19
w 26 1
w 26 4
w 26 5
w 26 6
w 26 7
w 26 15
w 26 16
w 26 17
w 26 18
w 26 19
w 27 1
w 27 3
w 27 4
w 27 5
w 27 6
w 27 7
w 27 14
w 27 15
w 27 16
w 27 17
w 27 18
w 27 19
w 28 2
w 28 3
w 28 4
w 28 5
w 28 13
w 28 14
w 28 15
w 28 16
w 28 17
w 28 18
w 28 19
w 29 1
w 29 2
w 29 3
w 29 4
w 29 5
w 29 6
w 29 7
w 29 11
w 29 14
w 29 15
w 29 16
w 29 17
w 29 18
w 29 19
w 30 2
w 30 3
w 30 4
w 30 5
w 30 6
w 30 7
w 30 9
w 30 12
w 30 13
w 30 14
w 30 15
w 30 16
w 30 17
w 30 18
w 30 19
w 31 2
w 31 3
w 31 4
w 31 5
w 31 6
w 31 12
w 31 13
w 31 14
w 31 15
w 31 16
w 31 17
w 31 18
w 31 19
w 32 3
w 32 4
w 32 5
w 32 6
w 32 9
w 32 10
w 32 13
w 32 14
w 32 15
w 32 16
w 32 17
w 32 18
w 32 19
w 33 3
w 33 4
w 33 5
w 33 6
w 33 7
w 33 9
w 33 12
w 33 13
w 33 14
w 33 15
w 33 16
w 33 17
w 33 18
w 33 19
w 34 10
w 34 14
w 34 15
w 34 16
w 34 17
w 34 18
w 34 19
p 4 4
p 24 8
p 7 1
p 20 8
p 0 16
p 17 16
p 10 7
p 11 12
p 22 7
p 15 0
p 8 9
p 26 3
p 31 9
p 13 2
p 34 5
p 28 8
p 5 18
t 1400 0
m 1 19
0 34 1
1 34 1
2 33 0
t 1399 0
m 2 19
0 34 2
1 34 2
2 34 0
t 1398 0
m 2 18
0 34 3
1 34 3
2 34 1
t 1397 0
m 3 18
0 34 4
1 34 4
2 34 2
t 1396 0
m 4 18
0 34 5
1 34 5
2 34 3
t 1395 0
m 5 18
0 34 6
1 34 6
2 34 4
f 25 7
t 1394 5
m 4 18
0 34 7
1 34 7
2 34 5
t 1393 5
m 3 18
0 34 8
1 34 8
2 34 6
t 1392 5
m 2 18
0 33 8
1 33 8
2 34 7
t 1391 5
m 2 17
0 32 8
1 32 8
2 34 8
t 1390 5
m 1 17
0 31 8
1 31 8
2 33 8
t 1389 5
m 1 16
0 30 8
1 30 8
2 32 8
t 1388 5
m 0 16
0 29 8
1 29 8
2 31 8
t 1387 11
m 1 16
0 28 8
1 28 8
2 30 8
t 1386 11
m 1 17
0 27 8
1 27 8
2 29 8
t 1385 11
m 2 17
0 26 8
1 26 8
2 28 8
t 1384 11
m 2 18
0 25 8
1 25 8
2 27 8
t 1383 11
m 3 18
0 24 8
1 24 8
2 26 8
t 1382 11
m 4 18
0 23 8
1 23 8
2 25 8
t 1381 11
m 4 17
0 22 8
1 22 8
2 24 8
t 1380 11
m 5 17
0 21 8
1 21 8
2 23 8
t 1379 11
m 5 16
0 20 8
1 20 8
2 22 8
t 1378 11
m 6 16
0 19 8
1 19 8
2 21 8
t 1377 11
m 7 16
0 20 8
1 18 8
2 20 8
t 1376 11
m 8 16
0 20 9
1 17 8
2 19 8
t 1375 11
m 9 16
0 21 9
1 16 8
2 18 8
t 1374 11
m 10 16
0 20 9
1 15 8
2 17 8
t 1373 11
m 10 15
0 20 8
1 14 8
2 16 8
t 1372 11
m 11 15
0 19 8
1 13 8
2 15 8
t 1371 11
m 12 15
0 18 8
1 12 8
2 14 8
t 1370 11
m 13 15
0 17 8
1 11 8
2 15 8
t 1369 11
m 13 14
0 16 8
1 10 8
2 14 8
t 1368 11
m 14 14
0 15 8
1 9 8
2 13 8
t 1367 11
m 14 13
0 14 8
1 9 9
2 12 8
t 1366 11
m 14 12
0 13 8
1 9 10
2 12 7
t 1365 11
m 14 13
0 14 8
1 10 10
2 12 8
t 1364 11
m 14 14
0 13 8
1 10 11
2 11 8
t 1363 11
m 15 14
0 12 8
1 10 12
2 11 7
t 1362 11
m 16 14
0 11 8
1 11 12
2 11 8
t 1361 11
m 17 14
0 10 8
1 12 12
2 10 8
t 1360 11
m 17 15
0 10 9
1 13 12
2 10 9
t 1359 11
m 17 16
0 10 10
1 14 12
2 10 10
t 1358 17
m 17 16
0 10 11
1 14 13
2 10 11
t 1357 17
m 17 16
0 10 12
1 14 14
2 10 12
t 1356 17
m 17 16
0 11 12
1 15 14
2 11 12
t 1355 17
m 17 16
0 12 12
1 16 14
2 12 12
t 1354 17
m 17 16
0 13 12
1 17 14
2 13 12
t 1353 17
m 17 16
0 14 12
1 17 15
2 14 12
t 1352 17
m 17 16
0 14 13
1 17 16
2 14 13
t 1351 17
