35
20
m 0 19
0 34 0
1 34 0
2 34 0
w 1 1
w 1 3
w 1 4
w 1 5
w 1 7
w 1 10
w 1 13
w 1 14
w 1 15
w 1 17
w 1 18
w 2 1
w 2 3
w 2 4
w 2 7
w 2 8
w 2 11
w 2 16
w 2 17
w 3 2
w 3 3
w 3 7
w 3 9
w 3 11
w 3 12
w 3 13
w 3 16
w 3 17
w 3 18
w 4 2
w 4 4
w 4 7
w 4 10
w 4 11
w 4 13
w 4 14
w 4 18
w 5 6
w 5 15
w 5 18
w 6 1
w 6 2
w 6 4
w 6 6
w 6 9
w 6 10
w 6 14
w 6 16
w 6 17
w 7 2
w 7 3
w 7 4
w 7 8
w 7 16
w 7 17
w 8 1
w 8 2
w 8 3
w 8 4
w 8 5
w 8 8
w 8 12
w 8 16
w 9 1
w 9 2
w 9 3
w 9 4
w 9 5
w 9 6
w 9 8
w 9 9
w 9 11
w 9 12
w 9 15
w 10 2
w 10 4
w 10 5
w 10 9
w 10 10
w 10 15
w 10 16
w 10 17
w 11 5
w 11 6
w 11 10
w 11 11
w 11 12
w 11 13
w 11 16
w 11 17
w 12 2
w 12 3
w 12 4
w 12 5
w 12 6
w 12 11
w 12 12
w 12 17
w 12 18
w 13 1
w 13 2
w 13 3
w 13 4
w 13 5
w 13 6
w 13 7
w 13 8
w 13 9
w 13 15
w 13 17
w 14 2
w 14 3
w 14 4
w 14 5
w 14 6
w 14 8
w 14 9
w 14 10
w 14 12
w 14 13
w 14 17
w 15 1
w 15 2
w 15 3
w 15 4
w 15 5
w 15 13
w 15 15
w 15 16
w 16 3
w 16 4
w 16 5
w 16 7
w 16 8
w 16 9
w 16 15
w 16 16
w 17 1
w 17 2
w 17 3
w 17 8
w 17 9
w 17 10
w 17 12
w 17 15
w 17 16
w 18 1
w 18 2
w 18 3
w 18 6
w 18 9
w 18 10
w 18 12
w 18 13
w 18 14
w 18 17
w 18 18
w 19 1
w 19 2
w 19 3
w 19 5
w 19 8
w 19 12
w 20 2
w 20 3
w 20 4
w 20 5
w 20 6
w 20 7
w 20 9
w 20 12
w 20 13
w 20 15
w 21 1
w 21 2
w 21 3
w 21 6
w 21 12
w 21 13
w 21 15
w 21 17
w 21 18
w 22 2
w 22 3
w 22 6
w 22 7
w 22 8
w 22 9
w 22 11
w 22 15
w 22 16
w 22 17
w 23 2
w 23 8
w 23 15
w 23 16
w 23 17
w 23 18
w 24 1
w 24 2
w 24 3
w 24 6
w 24 11
w 24 15
w 24 16
w 24 17
w 24 18
w 25 3
w 25 4
w 25 5
w 25 6
w 25 7
w 25 8
w 25 10
w 25 11
w 25 12
w 25 13
w 25 14
w 25 15
w 25 16
w 25 17
w 25 18
w 26 3
w 26 4
w 26 5
w 26 6
w 26 7
w 26 8
w 26 9
w 26 10
w 26 11
w 26 12
w 26 13
w 26 14
w 26 15
w 26 16
w 26 17
w 26 18
w 27 1
w 27 2
w 27 3
w 27 4
w 27 5
w 27 6
w 27 7
w 27 8
w 27 9
w 27 10
w 27 11
w 27 12
w 27 13
w 27 14
w 27 15
w 27 16
w 27 17
w 28 1
w 28 2
w 28 3
w 28 4
w 28 5
w 28 6
w 28 7
w 28 8
w 28 9
w 28 10
w 28 11
w 28 12
w 28 13
w 28 14
w 28 15
w 28 16
w 28 17
w 29 2
w 29 3
w 29 4
w 29 5
w 29 6
w 29 7
w 29 8
w 29 10
w 29 11
w 29 12
w 29 13
w 29 14
w 29 15
w 29 16
w 29 17
w 30 3
w 30 4
w 30 5
w 30 6
w 30 7
w 30 8
w 30 11
w 30 12
w 30 13
w 30 14
w 30 15
w 30 16
w 30 17
w 30 18
w 31 1
w 31 2
w 31 3
w 31 4
w 31 5
w 31 6
w 31 7
w 31 8
w 31 12
w 31 13
w 31 14
w 31 15
w 31 16
w 31 17
w 31 18
w 32 1
w 32 2
w 32 3
w 32 4
w 32 5
w 32 6
w 32 7
w 32 8
w 32 12
w 32 13
w 32 14
w 32 15
w 32 16
w 32 17
w 32 18
w 33 1
w 33 2
w 33 4
w 33 5
w 33 9
w 33 10
w 33 14
w 33 15
w 33 16
w 33 18
p 20 11
p 1 2
p 22 5
p 0 0
p 18 16
p 11 3
p 15 7
p 13 0
p 23 19
p 3 0
p 31 10
p 34 3
p 6 3
p 26 19
p 9 14
p 16 18
p 4 17
p 7 14
t 1400 0
m 0 18
0 34 1
1 33 0
2 33 0
t 1399 0
m 0 17
0 34 0
1 32 0
2 32 0
t 1398 0
m 0 16
0 33 0
1 31 0
2 31 0
t 1397 0
m 0 15
0 32 0
1 30 0
2 30 0
t 1396 0
m 0 14
0 31 0
1 29 0
2 29 0
t 1395 0
m 0 13
0 30 0
1 28 0
2 28 0
t 1394 0
m 0 12
0 29 0
1 27 0
2 27 0
t 1393 0
m 1 12
0 28 0
1 26 0
2 26 0
t 1392 0
m 2 12
0 27 0
1 25 0
2 25 0
t 1391 0
m 2 13
0 26 0
1 24 0
2 25 1
f 8 6
t 1390 0
m 2 14
0 25 0
1 23 0
2 26 1
t 1389 0
m 2 15
0 24 0
1 22 0
2 26 2
t 1388 0
m 3 15
0 23 0
1 21 0
2 25 2
t 1387 0
m 4 15
0 22 0
1 20 0
2 25 1
t 1386 0
m 4 16
0 21 0
1 19 0
2 25 0
t 1385 0
m 4 17
0 20 0
1 18 0
2 24 0
t 1384 5
m 4 16
0 19 0
1 17 0
2 23 0
t 1383 5
m 4 15
0 18 0
1 16 0
2 22 0
t 1382 5
m 3 15
0 17 0
1 15 0
2 21 0
t 1381 5
m 3 14
0 16 0
1 14 0
2 20 0
t 1380 5
m 2 14
0 15 0
1 13 0
2 19 0
t 1379 5
m 2 13
0 14 0
1 12 0
2 18 0
t 1378 5
m 2 12
0 13 0
1 11 0
2 17 0
t 1377 5
m 1 12
0 12 0
1 10 0
2 16 0
t 1376 5
m 1 11
0 11 0
1 9 0
2 15 0
t 1375 5
m 0 11
0 10 0
1 8 0
2 14 0
t 1374 5
m 0 10
0 9 0
1 7 0
2 13 0
t 1373 5
m 0 9
0 8 0
1 6 0
2 12 0
t 1372 5
m 0 8
0 7 0
1 5 0
2 11 0
t 1371 5
m 0 7
0 6 0
1 4 0
2 10 0
t 1370 5
m 0 6
0 7 0
1 3 0
2 9 0
t 1369 5
m 0 5
0 6 0
1 2 0
2 8 0
t 1368 5
m 0 4
0 5 0
1 1 0
2 7 0
t 1367 5
m 0 3
0 4 0
1 0 0
2 6 0
t 1366 5
m 0 2
0 3 0
1 0 1
2 5 0
t 1365 5
m 1 2
0 2 0
1 0 2
2 4 0
t 1364 11
m 1 2
0 1 0
1 0 3
2 3 0
t 1363 11
m 0 2
0 0 0
1 0 2
2 2 0
t 1362 11
