35
20
m 0 19
0 34 0
1 34 0
2 34 0
w 0 1
w 0 2
w 0 3
w 0 4
w 0 5
w 0 6
w 0 7
w 0 8
w 0 9
w 0 10
w 0 11
w 0 12
w 0 13
w 0 14
w 0 15
w 0 16
w 0 17
w 1 2
w 1 3
w 1 4
w 1 5
w 1 6
w 1 7
w 1 8
w 1 9
w 1 10
w 1 11
w 1 12
w 1 13
w 1 14
w 1 15
w 1 16
w 1 17
w 2 0
w 2 3
w 2 4
w 2 5
w 2 6
w 2 7
w 2 8
w 2 9
w 2 10
w 2 11
w 2 12
w 2 13
w 2 14
w 2 15
w 2 16
w 2 17
w 3 0
w 3 2
w 3 3
w 3 4
w 3 5
w 3 6
w 3 7
w 3 8
w 3 9
w 3 10
w 3 11
w 3 12
w 3 13
w 3 14
w 3 15
w 3 19
w 4 0
w 4 4
w 4 5
w 4 6
w 4 7
w 4 8
w 4 9
w 4 10
w 4 11
w 4 12
w 4 13
w 4 14
w 4 15
w 4 16
w 4 19
w 5 2
w 5 5
w 5 6
w 5 7
w 5 8
w 5 9
w 5 10
w 5 11
w 5 12
w 5 13
w 5 14
w 5 15
w 5 16
w 5 17
w 6 0
w 6 1
w 6 2
w 6 5
w 6 6
w 6 7
w 6 8
w 6 9
w 6 10
w 6 11
w 6 12
w 6 13
w 6 14
w 6 15
w 6 16
w 6 17
w 6 19
w 7 0
w 7 5
w 7 6
w 7 7
w 7 8
w 7 9
w 7 10
w 7 11
w 7 12
w 7 13
w 7 14
w 7 15
w 7 16
w 7 17
w 7 19
w 8 0
w 8 1
w 8 2
w 8 5
w 8 6
w 8 7
w 8 8
w 8 9
w 8 10
w 8 11
w 8 12
w 8 13
w 8 14
w 8 15
w 8 16
w 8 17
w 9 0
w 9 6
w 9 7
w 9 8
w 9 9
w 9 10
w 9 11
w 9 12
w 9 13
w 9 15
w 9 16
w 9 19
w 10 0
w 10 3
w 10 4
w 10 5
w 10 6
w 10 7
w 10 8
w 10 9
w 10 10
w 10 11
w 10 12
w 10 13
w 10 16
w 10 17
w 10 19
w 11 0
w 11 3
w 11 4
w 11 5
w 11 6
w 11 7
w 11 9
w 11 10
w 11 11
w 11 12
w 11 19
w 12 0
w 12 1
w 12 4
w 12 5
w 12 6
w 12 7
w 12 10
w 12 11
w 12 12
w 12 13
w 12 15
w 12 17
w 12 18
w 12 19
w 13 0
w 13 3
w 13 4
w 13 5
w 13 6
w 13 7
w 13 8
w 13 12
w 13 15
w 13 17
w 13 18
w 13 19
w 14 2
w 14 4
w 14 5
w 14 6
w 14 7
w 14 10
w 14 15
w 14 16
w 14 17
w 14 18
w 14 19
w 15 7
w 15 8
w 15 11
w 15 12
w 15 13
w 15 14
w 15 15
w 15 16
w 15 17
w 15 18
w 15 19
w 16 2
w 16 4
w 16 5
w 16 8
w 16 12
w 16 13
w 16 14
w 16 15
w 16 16
w 16 17
w 16 18
w 16 19
w 17 3
w 17 5
w 17 7
w 17 8
w 17 11
w 17 12
w 17 13
w 17 14
w 17 15
w 17 16
w 17 17
w 17 18
w 17 19
w 18 1
w 18 11
w 18 12
w 18 13
w 18 14
w 18 15
w 18 16
w 18 17
w 18 18
w 18 19
w 19 5
w 19 7
w 19 9
w 19 10
w 19 11
w 19 12
w 19 13
w 19 14
w 19 15
w 19 16
w 19 17
w 19 18
w 19 19
w 20 0
w 20 3
w 20 4
w 20 5
w 20 9
w 20 10
w 20 11
w 20 12
w 20 13
w 20 14
w 20 15
w 20 16
w 20 17
w 20 18
w 20 19
w 21 0
w 21 1
w 21 3
w 21 4
w 21 7
w 21 11
w 21 12
w 21 13
w 21 14
w 21 15
w 21 16
w 21 17
w 21 18
w 21 19
w 22 0
w 22 1
w 22 5
w 22 6
w 22 7
w 22 9
w 22 10
w 22 11
w 22 12
w 22 13
w 22 14
w 22 15
w 22 16
w 22 17
w 22 18
w 22 19
w 23 0
w 23 1
w 23 3
w 23 7
w 23 10
w 23 11
w 23 12
w 23 13
w 23 14
w 23 15
w 23 16
w 23 17
w 23 18
w 23 19
w 24 3
w 24 4
w 24 6
w 24 11
w 24 12
w 24 13
w 24 14
w 24 15
w 24 16
w 24 17
w 24 18
w 24 19
w 25 3
w 25 4
w 25 5
w 25 6
w 25 7
w 25 10
w 25 11
w 25 12
w 25 13
w 25 14
w 25 15
w 25 16
w 25 17
w 25 18
w 25 19
w 26 0
w 26 4
w 26 5
w 26 6
w 26 11
w 26 12
w 26 13
w 26 14
w 26 15
w 26 16
w 26 17
w 26 18
w 26 19
w 27 0
w 27 1
w 27 7
w 27 9
w 27 11
w 27 12
w 27 13
w 27 14
w 27 15
w 27 16
w 27 17
w 27 18
w 27 19
w 28 0
w 28 3
w 28 4
w 28 5
w 28 6
w 28 10
w 28 11
w 28 12
w 28 13
w 28 14
w 28 15
w 28 16
w 28 17
w 28 18
w 28 19
w 29 0
w 29 4
w 29 5
w 29 6
w 29 7
w 29 9
w 29 10
w 29 11
w 29 12
w 29 13
w 29 14
w 29 15
w 29 16
w 29 17
w 29 18
w 29 19
w 30 3
w 30 4
w 30 5
w 30 6
w 30 7
w 30 9
w 30 10
w 30 11
w 30 12
w 30 13
w 30 14
w 30 15
w 30 16
w 30 17
w 30 18
w 30 19
w 31 10
w 31 11
w 31 12
w 31 13
w 31 14
w 31 15
w 31 16
w 31 17
w 31 18
w 31 19
w 32 0
w 32 2
w 32 5
w 32 7
w 32 9
w 32 10
w 32 11
w 32 12
w 32 13
w 32 14
w 32 15
w 32 16
w 32 17
w 32 18
w 32 19
w 33 0
w 33 4
w 33 5
w 33 6
w 33 10
w 33 11
w 33 12
w 33 13
w 33 14
w 33 15
w 33 16
w 33 17
w 33 18
w 33 19
w 34 2
w 34 4
w 34 5
w 34 6
w 34 7
w 34 8
w 34 9
w 34 10
w 34 11
w 34 12
w 34 13
w 34 14
w 34 15
w 34 16
w 34 17
w 34 18
w 34 19
p 17 1
p 19 4
p 0 0
p 26 7
p 5 1
p 12 3
p 30 0
p 14 13
p 33 2
p 23 5
p 9 4
t 1400 0
m 0 18
0 34 1
1 34 1
2 34 1
t 1399 0
m 1 18
0 33 1
1 33 1
2 33 1
t 1398 0
m 2 18
0 32 1
1 32 1
2 32 1
t 1397 0
m 3 18
0 31 1
1 31 1
2 31 1
t 1396 0
m 4 18
0 30 1
1 30 1
2 30 1
t 1395 0
m 5 18
0 29 1
1 29 1
2 29 1
t 1394 0
m 6 18
0 28 1
1 28 1
2 28 1
f 9 1
t 1393 0
m 7 18
0 28 2
1 28 2
2 28 2
t 1392 0
m 8 18
0 27 2
1 27 2
2 27 2
t 1391 0
m 9 18
0 26 2
1 26 2
2 26 2
t 1390 0
m 10 18
0 25 2
1 25 2
2 25 2
t 1389 0
m 11 18
0 24 2
1 24 2
2 24 2
t 1388 0
m 11 17
0 23 2
1 23 2
2 23 2
t 1387 0
m 11 16
0 22 2
1 22 2
2 22 2
t 1386 0
m 11 15
0 21 2
1 21 2
2 21 2
t 1385 0
m 11 14
0 20 2
1 20 2
2 20 2
t 1384 0
m 12 14
0 19 2
1 19 2
2 19 2
t 1383 0
m 13 14
0 18 2
1 18 2
2 18 2
t 1382 0
m 13 13
0 18 3
1 18 3
2 18 3
t 1381 0
m 14 13
0 18 4
1 18 4
2 18 4
t 1380 9
m 14 12
0 18 5
1 18 5
2 18 5
t 1379 9
m 14 11
0 18 6
1 18 6
2 18 6
t 1378 9
m 13 11
0 18 7
1 18 7
2 18 7
t 1377 9
m 13 10
0 18 8
1 18 8
2 18 8
t 1376 9
m 13 9
0 18 9
1 18 9
2 18 9
t 1375 9
m 14 9
0 18 8
1 17 9
2 17 9
t 1374 9
m 14 9
0 18 7
1 16 9
2 16 9
t 1373 9
m 15 9
0 18 6
1 15 9
2 15 9
t 1372 9
