35
20
m 0 19
0 34 0
1 34 0
2 34 0
w 0 0
w 0 1
w 0 2
w 0 3
w 0 4
w 0 5
w 0 6
w 0 7
w 0 8
w 0 9
w 0 10
w 0 11
w 0 12
w 0 13
w 0 14
w 0 15
w 0 16
w 0 17
w 0 18
w 1 0
w 1 1
w 1 2
w 1 3
w 1 4
w 1 5
w 1 6
w 1 7
w 1 8
w 1 9
w 1 10
w 1 11
w 1 12
w 1 13
w 1 14
w 1 17
w 2 0
w 2 1
w 2 2
w 2 3
w 2 4
w 2 5
w 2 6
w 2 7
w 2 8
w 2 9
w 2 10
w 2 11
w 2 12
w 2 13
w 2 14
w 2 16
w 2 18
w 3 0
w 3 1
w 3 2
w 3 3
w 3 4
w 3 5
w 3 6
w 3 7
w 3 8
w 3 9
w 3 10
w 3 11
w 3 12
w 3 13
w 4 0
w 4 1
w 4 2
w 4 3
w 4 4
w 4 6
w 4 9
w 4 10
w 4 11
w 4 12
w 4 15
w 4 17
w 4 18
w 4 19
w 5 0
w 5 1
w 5 2
w 5 3
w 5 4
w 5 7
w 5 10
w 5 11
w 5 12
w 5 13
w 5 14
w 5 18
w 5 19
w 6 0
w 6 1
w 6 2
w 6 3
w 6 4
w 6 5
w 6 10
w 6 11
w 6 12
w 6 13
w 6 14
w 6 18
w 6 19
w 7 0
w 7 1
w 7 2
w 7 3
w 7 4
w 7 5
w 7 6
w 7 8
w 7 11
w 7 12
w 7 17
w 7 18
w 7 19
w 8 0
w 8 1
w 8 2
w 8 3
w 8 4
w 8 9
w 8 11
w 8 12
w 8 13
w 8 14
w 8 16
w 8 17
w 8 18
w 8 19
w 9 0
w 9 1
w 9 2
w 9 3
w 9 4
w 9 5
w 9 8
w 9 9
w 9 14
w 9 17
w 9 18
w 9 19
w 10 0
w 10 1
w 10 2
w 10 3
w 10 4
w 10 5
w 10 6
w 10 7
w 10 12
w 10 14
w 10 15
w 10 17
w 10 18
w 10 19
w 11 0
w 11 1
w 11 2
w 11 3
w 11 4
w 11 5
w 11 6
w 11 10
w 11 12
w 11 13
w 11 15
w 11 18
w 11 19
w 12 1
w 12 2
w 12 3
w 12 4
w 12 5
w 12 6
w 12 8
w 12 12
w 12 18
w 12 19
w 13 2
w 13 3
w 13 9
w 13 11
w 13 12
w 13 14
w 13 15
w 13 17
w 13 18
w 13 19
w 14 0
w 14 5
w 14 6
w 14 8
w 14 11
w 14 13
w 14 15
w 14 17
w 14 18
w 14 19
w 15 3
w 15 5
w 15 6
w 15 7
w 15 11
w 15 17
w 15 18
w 15 19
w 16 0
w 16 16
w 16 17
w 16 18
w 16 19
w 17 0
w 17 1
w 17 3
w 17 4
w 17 6
w 17 7
w 17 9
w 17 10
w 17 12
w 17 13
w 17 14
w 17 18
w 17 19
w 18 0
w 18 6
w 18 7
w 18 8
w 18 9
w 18 12
w 18 13
w 18 14
w 18 17
w 18 18
w 18 19
w 19 3
w 19 4
w 19 5
w 19 6
w 19 7
w 19 8
w 19 9
w 19 12
w 19 14
w 19 18
w 19 19
w 20 3
w 20 4
w 20 5
w 20 6
w 20 7
w 20 8
w 20 9
w 20 12
w 20 14
w 20 15
w 20 16
w 21 0
w 21 1
w 21 3
w 21 4
w 21 6
w 21 10
w 21 14
w 21 15
w 21 16
w 21 17
w 22 0
w 22 1
w 22 6
w 22 8
w 22 9
w 22 10
w 22 12
w 22 14
w 22 15
w 22 16
w 22 19
w 23 0
w 23 1
w 23 6
w 23 13
w 23 18
w 23 19
w 24 0
w 24 1
w 24 3
w 24 4
w 24 5
w 24 9
w 24 12
w 24 13
w 24 14
w 24 15
w 24 16
w 24 18
w 24 19
w 25 0
w 25 3
w 25 7
w 25 15
w 25 16
w 25 19
w 26 3
w 26 4
w 26 5
w 26 6
w 26 7
w 26 9
w 26 10
w 26 14
w 26 15
w 26 16
w 26 17
w 26 18
w 26 19
w 27 0
w 27 3
w 27 4
w 27 9
w 27 10
w 27 14
w 27 15
w 27 16
w 27 17
w 27 18
w 27 19
w 28 0
w 28 1
w 28 3
w 28 4
w 28 5
w 28 10
w 28 14
w 28 15
w 28 16
w 28 17
w 28 18
w 28 19
w 29 0
w 29 1
w 29 3
w 29 4
w 29 8
w 29 9
w 29 13
w 29 14
w 29 15
w 29 16
w 29 17
w 29 18
w 29 19
w 30 0
w 30 1
w 30 10
w 30 14
w 30 15
w 30 16
w 30 17
w 30 18
w 30 19
w 31 4
w 31 6
w 31 10
w 31 13
w 31 14
w 31 15
w 31 16
w 31 17
w 31 18
w 31 19
w 32 0
w 32 12
w 32 13
w 32 14
w 32 15
w 32 16
w 32 17
w 32 18
w 32 19
w 33 2
w 33 4
w 33 7
w 33 9
w 33 10
w 33 11
w 33 12
w 33 13
w 33 14
w 33 15
w 33 16
w 33 17
w 33 18
w 33 19
w 34 2
w 34 6
w 34 7
w 34 9
w 34 10
w 34 11
w 34 12
w 34 13
w 34 14
w 34 15
w 34 16
w 34 17
w 34 18
w 34 19
p 27 2
p 11 7
p 31 8
p 1 15
p 15 4
p 29 10
p 19 0
p 16 12
p 5 6
p 23 5
p 33 8
p 13 5
p 8 5
p 25 4
p 21 7
t 1400 0
m 1 19
0 33 0
1 33 0
2 33 0
t 1399 0
m 2 19
0 33 1
1 33 1
2 33 1
t 1398 0
m 3 19
0 32 1
1 32 1
2 32 1
t 1397 0
m 3 18
0 31 1
1 31 1
2 31 1
t 1396 0
m 3 17
0 31 2
1 31 2
2 31 2
t 1395 0
m 3 16
0 30 2
1 30 2
2 30 2
t 1394 0
m 3 15
0 30 3
1 30 3
2 30 3
t 1393 0
m 2 15
0 30 4
1 30 4
2 30 4
t 1392 0
m 1 15
0 30 5
1 30 5
2 30 5
t 1391 6
m 2 15
0 29 5
1 29 5
2 29 5
t 1390 6
m 3 15
0 29 6
1 29 6
2 29 6
f 33 0
t 1389 6
m 3 16
0 28 6
1 28 6
2 28 6
t 1388 6
m 4 16
0 27 6
1 27 6
2 27 6
t 1387 6
m 5 16
0 27 7
1 27 7
2 27 7
t 1386 6
m 5 15
0 27 8
1 27 8
2 27 8
t 1385 6
m 6 15
0 26 8
1 26 8
2 26 8
t 1384 6
m 7 15
0 25 8
1 25 8
2 25 8
t 1383 6
m 8 15
0 24 8
1 24 8
2 24 8
t 1382 6
m 9 15
0 23 8
1 23 8
2 23 8
t 1381 6
m 9 16
0 23 9
1 23 9
2 23 9
t 1380 6
m 10 16
0 23 10
1 23 10
2 23 10
t 1379 6
m 11 16
0 23 11
1 23 11
2 23 11
t 1378 6
m 12 16
0 22 11
1 22 11
2 22 11
t 1377 6
m 13 16
0 21 11
1 21 11
2 21 11
t 1376 6
m 14 16
0 20 11
1 20 11
2 20 11
t 1375 6
m 15 16
0 19 11
1 19 11
2 19 11
t 1374 6
m 15 15
0 18 11
1 18 11
2 18 11
t 1373 6
m 15 14
0 17 11
1 17 11
2 17 11
t 1372 6
m 15 13
0 16 11
1 16 11
2 16 11
t 1371 6
m 15 12
0 16 12
1 16 12
2 16 12
t 1370 6
m 16 12
0 16 11
1 15 12
2 15 12
t 1369 6
