35
20
m 0 19
0 34 0
1 34 0
2 34 0
w 0 4
w 0 5
w 0 6
w 0 7
w 0 8
w 0 9
w 0 10
w 0 11
w 0 12
w 0 13
w 0 14
w 0 15
w 0 16
w 1 4
w 1 5
w 1 9
w 1 10
w 1 11
w 1 12
w 1 13
w 1 14
w 1 15
w 2 0
w 2 4
w 2 6
w 2 8
w 2 9
w 2 10
w 2 11
w 2 12
w 2 13
w 2 14
w 2 15
w 2 16
w 2 19
w 3 0
w 3 8
w 3 9
w 3 11
w 3 12
w 3 13
w 3 14
w 3 16
w 4 0
w 4 2
w 4 4
w 4 7
w 4 8
w 4 9
w 4 11
w 4 12
w 4 14
w 4 16
w 4 17
w 4 18
w 5 1
w 5 3
w 5 4
w 5 6
w 5 11
w 5 14
w 6 10
w 6 13
w 6 14
w 6 15
w 6 16
w 6 17
w 7 1
w 7 2
w 7 9
w 7 14
w 7 15
w 7 16
w 7 17
w 8 1
w 8 5
w 8 7
w 8 8
w 8 9
w 8 12
w 8 15
w 8 16
w 9 2
w 9 3
w 9 8
w 9 11
w 9 12
w 9 18
w 10 0
w 10 5
w 10 7
w 10 8
w 10 9
w 10 12
w 10 15
w 10 16
w 10 17
w 10 18
w 10 19
w 11 2
w 11 5
w 11 7
w 11 8
w 11 9
w 11 11
w 11 12
w 11 13
w 11 14
w 11 16
w 11 17
w 11 18
w 11 19
w 12 0
w 12 2
w 12 3
w 12 4
w 12 6
w 12 7
w 12 8
w 12 9
w 12 11
w 12 13
w 12 16
w 12 17
w 12 18
w 12 19
w 13 0
w 13 2
w 13 3
w 13 4
w 13 6
w 13 7
w 13 8
w 13 14
w 13 16
w 13 17
w 13 18
w 13 19
w 14 2
w 14 3
w 14 4
w 14 8
w 14 12
w 14 13
w 14 16
w 14 17
w 14 18
w 14 19
w 15 1
w 15 3
w 15 4
w 15 5
w 15 8
w 15 9
w 15 11
w 15 12
w 15 16
w 15 17
w 15 18
w 15 19
w 16 12
w 16 14
w 16 15
w 16 17
w 16 18
w 16 19
w 17 3
w 17 6
w 17 9
w 17 10
w 17 12
w 17 14
w 17 15
w 17 17
w 17 18
w 17 19
w 18 1
w 18 3
w 18 12
w 18 15
w 18 17
w 18 18
w 18 19
w 19 1
w 19 2
w 19 3
w 19 4
w 19 5
w 19 6
w 19 7
w 19 9
w 19 17
w 19 18
w 19 19
w 20 2
w 20 3
w 20 4
w 20 5
w 20 9
w 20 14
w 20 15
w 20 16
w 20 17
w 20 18
w 20 19
w 21 2
w 21 3
w 21 4
w 21 5
w 21 6
w 21 13
w 21 14
w 21 17
w 21 18
w 21 19
w 22 2
w 22 3
w 22 4
w 22 6
w 22 10
w 22 17
w 22 18
w 22 19
w 23 1
w 23 4
w 23 8
w 23 10
w 23 12
w 23 13
w 23 15
w 23 19
w 24 2
w 24 4
w 24 5
w 24 6
w 24 7
w 24 9
w 24 10
w 24 12
w 24 13
w 24 14
w 24 18
w 24 19
w 25 1
w 25 4
w 25 5
w 25 10
w 25 12
w 25 13
w 25 14
w 25 16
w 25 17
w 25 18
w 25 19
w 26 7
w 26 10
w 26 14
w 26 16
w 26 17
w 26 18
w 26 19
w 27 1
w 27 2
w 27 5
w 27 7
w 27 8
w 27 16
w 27 17
w 27 18
w 27 19
w 28 5
w 28 7
w 28 9
w 28 12
w 28 13
w 28 16
w 28 17
w 28 18
w 28 19
w 29 1
w 29 4
w 29 10
w 29 12
w 29 15
w 29 17
w 29 18
w 29 19
w 30 1
w 30 4
w 30 6
w 30 7
w 30 9
w 30 10
w 30 13
w 31 1
w 31 2
w 31 5
w 31 12
w 31 13
w 31 16
w 31 17
w 31 19
w 32 3
w 32 5
w 32 6
w 32 7
w 32 8
w 32 10
w 32 12
w 32 13
w 32 14
w 32 17
w 32 19
w 33 7
w 33 8
w 33 9
w 33 10
w 33 12
w 33 13
w 33 14
w 33 15
w 33 16
w 33 17
w 33 18
w 33 19
w 34 12
w 34 13
w 34 14
w 34 15
w 34 16
w 34 17
w 34 18
w 34 19
p 34 7
p 27 4
p 9 5
p 19 12
p 30 15
p 25 7
p 2 5
p 16 1
p 6 2
p 23 6
p 17 11
p 29 0
p 21 11
p 4 10
p 0 0
p 11 0
p 32 4
p 13 15
p 7 11
t 1400 0
m 0 18
0 33 0
1 33 0
2 33 0
t 1399 0
m 1 18
0 32 0
1 32 0
2 32 0
t 1398 0
m 2 18
0 31 0
1 31 0
2 31 0
t 1397 0
m 3 18
0 30 0
1 30 0
2 30 0
t 1396 0
m 3 19
0 29 0
1 29 0
2 29 0
t 1395 0
m 4 19
0 28 0
1 28 0
2 28 0
t 1394 0
m 5 19
0 27 0
1 27 0
2 27 0
t 1393 0
m 5 18
0 26 0
1 26 0
2 26 0
t 1392 0
m 6 18
0 25 0
1 25 0
2 25 0
t 1391 0
m 7 18
0 24 0
1 24 0
2 24 0
t 1390 0
m 8 18
0 23 0
1 23 0
2 23 0
t 1389 0
m 8 17
0 22 0
1 22 0
2 22 0
t 1388 0
m 9 17
0 21 0
1 21 0
2 21 0
t 1387 0
m 9 16
0 20 0
1 20 0
2 20 0
t 1386 0
m 9 15
0 19 0
1 19 0
2 19 0
t 1385 0
m 9 14
0 18 0
1 18 0
2 18 0
t 1384 0
m 8 14
0 17 0
1 17 0
2 17 0
t 1383 0
m 8 13
0 16 0
1 16 0
2 16 0
t 1382 0
m 7 13
0 16 1
1 16 1
2 16 1
t 1381 0
m 7 12
0 16 2
1 16 2
2 16 2
t 1380 0
m 7 11
0 17 2
1 16 3
2 17 2
t 1379 5
m 7 10
0 16 2
1 16 4
2 16 2
t 1378 5
m 8 10
0 16 3
1 16 5
2 16 3
t 1377 5
m 9 10
0 16 4
1 16 6
2 16 4
t 1376 5
m 10 10
0 16 5
1 16 7
2 16 5
t 1375 5
m 11 10
0 16 4
1 16 8
2 16 6
t 1374 5
m 12 10
0 16 5
1 16 9
2 16 7
t 1373 5
m 13 10
0 16 6
1 16 10
2 16 8
f 32 15
t 1372 5
m 13 10
0 16 5
1 15 10
2 16 9
t 1371 5
m 13 10
0 17 5
1 14 10
2 16 10
t 1370 5
m 13 10
0 16 5
1 13 10
2 15 10
t 1369 5
