35
20
m 0 19
0 34 0
1 34 0
2 34 0
w 0 0
w 0 1
w 0 2
w 0 3
w 0 4
w 0 5
w 0 6
w 0 7
w 0 8
w 0 9
w 0 10
w 0 11
w 0 13
w 0 14
w 0 15
w 0 16
w 0 17
w 1 0
w 1 1
w 1 2
w 1 3
w 1 4
w 1 5
w 1 6
w 1 7
w 1 8
w 1 9
w 1 10
w 1 11
w 1 14
w 1 15
w 2 0
w 2 1
w 2 2
w 2 3
w 2 4
w 2 5
w 2 6
w 2 7
w 2 8
w 2 9
w 2 10
w 2 11
w 2 12
w 2 16
w 2 18
w 3 0
w 3 1
w 3 2
w 3 3
w 3 4
w 3 5
w 3 6
w 3 7
w 3 8
w 3 9
w 3 10
w 3 11
w 3 14
w 3 15
w 4 0
w 4 1
w 4 2
w 4 3
w 4 4
w 4 5
w 4 8
w 4 9
w 4 10
w 4 11
w 4 12
w 4 14
w 5 0
w 5 1
w 5 2
w 5 3
w 5 4
w 5 5
w 5 9
w 5 11
w 5 12
w 5 14
w 5 16
w 6 0
w 6 1
w 6 2
w 6 3
w 6 5
w 6 8
w 6 14
w 6 18
w 6 19
w 7 0
w 7 1
w 7 5
w 7 7
w 7 8
w 7 9
w 7 11
w 7 12
w 7 16
w 7 18
w 7 19
w 8 0
w 8 3
w 8 7
w 8 8
w 8 9
w 8 12
w 8 15
w 8 18
w 8 19
w 9 0
w 9 5
w 9 6
w 9 7
w 9 8
w 9 10
w 9 16
w 9 17
w 9 18
w 9 19
w 10 1
w 10 4
w 10 5
w 10 11
w 10 14
w 10 15
w 10 16
w 10 17
w 10 18
w 10 19
w 11 8
w 11 9
w 11 12
w 11 16
w 11 17
w 11 18
w 11 19
w 12 1
w 12 4
w 12 6
w 12 7
w 12 8
w 12 9
w 12 14
w 12 16
w 12 17
w 12 18
w 12 19
w 13 0
w 13 1
w 13 2
w 13 7
w 13 8
w 13 9
w 13 10
w 13 11
w 13 16
w 13 17
w 13 18
w 13 19
w 14 5
w 14 6
w 14 7
w 14 8
w 14 9
w 14 10
w 14 11
w 14 12
w 14 13
w 14 15
w 14 16
w 14 17
w 14 18
w 14 19
w 15 2
w 15 5
w 15 11
w 15 15
w 15 16
w 15 17
w 15 18
w 15 19
w 16 1
w 16 2
w 16 3
w 16 5
w 16 6
w 16 8
w 16 9
w 16 11
w 16 12
w 16 14
w 16 15
w 16 16
w 16 17
w 16 18
w 16 19
w 17 1
w 17 2
w 17 5
w 17 6
w 17 8
w 17 11
w 17 14
w 17 15
w 17 16
w 17 17
w 17 18
w 17 19
w 18 1
w 18 2
w 18 3
w 18 4
w 18 8
w 18 13
w 18 14
w 18 15
w 18 16
w 18 17
w 18 18
w 18 19
w 19 2
w 19 6
w 19 9
w 19 13
w 19 14
w 19 15
w 19 16
w 19 17
w 19 18
w 19 19
w 20 0
w 20 1
w 20 2
w 20 3
w 20 4
w 20 6
w 20 11
w 20 12
w 20 13
w 20 14
w 20 15
w 20 16
w 20 17
w 20 18
w 20 19
w 21 8
w 21 9
w 21 10
w 21 14
w 21 15
w 21 16
w 21 17
w 21 18
w 21 19
w 22 0
w 22 1
w 22 4
w 22 6
w 22 8
w 22 9
w 22 10
w 22 12
w 22 15
w 22 16
w 22 17
w 22 18
w 22 19
w 23 0
w 23 6
w 23 11
w 23 15
w 23 16
w 23 17
w 23 18
w 23 19
w 24 0
w 24 3
w 24 5
w 24 8
w 24 15
w 24 16
w 24 17
w 24 18
w 24 19
w 25 0
w 25 1
w 25 3
w 25 4
w 25 5
w 25 8
w 25 13
w 25 14
w 25 15
w 25 16
w 25 17
w 25 18
w 25 19
w 26 0
w 26 1
w 26 3
w 26 4
w 26 9
w 26 10
w 26 11
w 26 12
w 26 13
w 26 14
w 26 15
w 26 16
w 26 17
w 26 18
w 26 19
w 27 6
w 27 10
w 27 11
w 27 12
w 27 13
w 27 14
w 27 15
w 27 16
w 27 17
w 27 18
w 27 19
w 28 0
w 28 6
w 28 8
w 28 9
w 28 10
w 28 11
w 28 12
w 28 13
w 28 14
w 28 15
w 28 16
w 28 17
w 28 18
w 28 19
w 29 4
w 29 10
w 29 11
w 29 12
w 29 13
w 29 14
w 29 15
w 29 16
w 29 17
w 29 18
w 29 19
w 30 1
w 30 3
w 30 6
w 30 8
w 30 11
w 30 12
w 30 13
w 30 14
w 30 15
w 30 16
w 30 17
w 30 18
w 30 19
w 31 9
w 31 10
w 31 11
w 31 12
w 31 13
w 31 14
w 31 15
w 31 16
w 31 17
w 31 18
w 31 19
w 32 0
w 32 3
w 32 5
w 32 6
w 32 7
w 32 10
w 32 11
w 32 12
w 32 13
w 32 14
w 32 15
w 32 16
w 32 17
w 32 18
w 32 19
w 33 2
w 33 3
w 33 5
w 33 6
w 33 7
w 33 12
w 33 13
w 33 14
w 33 15
w 33 16
w 33 17
w 33 18
w 33 19
w 34 2
w 34 3
w 34 5
w 34 6
w 34 7
w 34 8
w 34 9
w 34 11
w 34 12
w 34 13
w 34 14
w 34 15
w 34 16
w 34 17
w 34 18
w 34 19
p 31 5
p 26 5
p 29 1
p 17 0
p 12 0
p 21 12
p 19 5
p 0 12
p 14 3
p 10 6
p 6 10
p 8 6
p 4 7
p 23 14
t 1400 0
m 0 18
0 33 0
1 33 0
2 33 0
t 1399 0
m 1 18
0 33 1
1 33 1
2 33 1
t 1398 0
m 1 17
0 32 1
1 32 1
2 32 1
t 1397 0
m 2 17
0 31 1
1 31 1
2 31 1
t 1396 0
m 3 17
0 31 2
1 31 2
2 31 2
t 1395 0
m 3 16
0 30 2
1 30 2
2 30 2
t 1394 0
m 4 16
0 29 2
1 29 2
2 29 2
t 1393 0
m 4 15
0 28 2
1 28 2
2 28 2
t 1392 0
m 5 15
0 27 2
1 27 2
2 27 2
t 1391 0
m 6 15
0 26 2
1 26 2
2 26 2
t 1390 0
m 7 15
0 25 2
1 25 2
2 25 2
t 1389 0
m 7 14
0 24 2
1 24 2
2 24 2
t 1388 0
m 7 13
0 23 2
1 23 2
2 23 2
t 1387 0
m 6 13
0 22 2
1 22 2
2 22 2
t 1386 0
m 6 12
0 21 2
1 21 2
2 21 2
t 1385 0
m 6 11
0 21 3
1 21 3
2 21 3
t 1384 0
m 6 10
0 21 4
1 21 4
2 21 4
t 1383 7
m 6 11
0 21 5
1 21 5
2 21 5
t 1382 7
m 6 12
0 21 6
1 21 6
2 21 6
t 1381 7
m 6 13
0 21 7
1 21 7
2 21 7
f 33 8
t 1380 7
m 5 13
0 20 7
1 20 7
2 20 7
t 1379 7
m 4 13
0 20 8
1 20 8
2 20 8
t 1378 7
m 3 13
0 20 9
1 20 9
2 20 9
t 1377 7
m 2 13
0 20 8
1 20 10
2 20 10
t 1376 7
m 1 13
0 20 9
1 19 10
2 19 10
t 1375 7
m 1 12
0 20 10
1 18 10
2 18 10
t 1374 7
m 0 12
0 19 10
1 18 11
2 18 11
t 1373 14
m 1 12
0 18 10
1 18 12
2 18 12
t 1372 14
m 1 13
0 18 11
1 17 12
2 17 12
t 1371 14
m 2 13
0 18 12
1 17 13
2 17 13
t 1370 14
m 3 13
0 17 12
1 16 13
2 16 13
t 1369 14
m 4 13
0 17 13
1 15 13
2 15 13
t 1368 14
m 5 13
0 16 13
1 15 14
2 15 14
t 1367 14
m 6 13
0 15 13
1 14 14
2 14 14
t 1366 14
m 7 13
0 15 14
1 13 14
2 13 14
t 1365 14
m 8 13
0 14 14
1 13 13
2 13 13
t 1364 14
m 9 13
0 13 14
1 12 13
2 12 13
t 1363 14
m 9 13
0 13 13
1 11 13
2 11 13
t 1362 14
m 9 13
0 12 13
1 10 13
2 10 13
t 1361 14
m 9 13
0 11 13
1 9 13
2 9 13
t 1360 14
