35
20
m 0 19
0 34 0
1 34 0
2 34 0
w 1 3
w 1 4
w 1 7
w 1 8
w 1 9
w 1 11
w 1 12
w 1 13
w 1 14
w 1 16
w 2 2
w 2 3
w 2 4
w 2 7
w 2 8
w 2 9
w 2 12
w 2 13
w 2 16
w 2 18
w 3 3
w 3 4
w 3 5
w 3 7
w 3 8
w 3 9
w 3 12
w 3 13
w 3 14
w 3 15
w 4 1
w 4 5
w 4 6
w 4 7
w 4 8
w 4 9
w 4 10
w 4 11
w 4 12
w 4 13
w 4 14
w 4 15
w 4 16
w 4 17
w 4 18
w 5 4
w 5 6
w 5 7
w 5 8
w 5 9
w 5 10
w 5 11
w 5 12
w 5 13
w 5 14
w 5 15
w 5 16
w 5 17
w 5 18
w 6 3
w 6 6
w 6 8
w 6 9
w 6 10
w 6 11
w 6 12
w 6 13
w 6 14
w 6 15
w 6 16
w 6 17
w 6 18
w 7 2
w 7 5
w 7 8
w 7 9
w 7 10
w 7 11
w 7 12
w 7 13
w 7 14
w 7 15
w 7 16
w 7 17
w 8 1
w 8 2
w 8 5
w 8 6
w 8 10
w 8 11
w 8 12
w 8 13
w 8 14
w 8 15
w 8 16
w 8 17
w 8 18
w 9 2
w 9 5
w 9 10
w 9 11
w 9 12
w 9 13
w 9 14
w 9 15
w 9 16
w 9 17
w 9 18
w 10 1
w 10 2
w 10 3
w 10 8
w 10 9
w 10 10
w 10 11
w 10 12
w 10 13
w 10 14
w 10 15
w 10 16
w 10 17
w 10 18
w 11 1
w 11 2
w 11 3
w 11 5
w 11 6
w 11 7
w 11 8
w 11 11
w 11 12
w 11 13
w 11 14
w 11 15
w 11 16
w 11 17
w 11 18
w 12 1
w 12 2
w 12 5
w 12 6
w 12 8
w 12 10
w 12 11
w 12 12
w 12 13
w 12 14
w 12 15
w 12 18
w 13 2
w 13 4
w 13 5
w 13 6
w 13 11
w 13 12
w 13 13
w 13 14
w 13 15
w 14 5
w 14 9
w 14 10
w 14 11
w 14 12
w 14 13
w 14 14
w 14 15
w 14 18
w 15 1
w 15 3
w 15 6
w 15 7
w 15 9
w 15 10
w 15 11
w 15 12
w 15 13
w 15 14
w 15 15
w 15 17
w 16 1
w 16 2
w 16 3
w 16 5
w 16 6
w 16 7
w 16 9
w 16 10
w 16 11
w 16 12
w 16 13
w 16 14
w 16 15
w 16 16
w 16 17
w 16 18
w 17 7
w 17 10
w 17 11
w 17 12
w 17 13
w 17 14
w 17 15
w 17 16
w 17 17
w 17 18
w 18 4
w 18 5
w 18 9
w 18 10
w 18 11
w 18 12
w 18 13
w 18 14
w 18 15
w 18 16
w 18 17
w 18 18
w 19 1
w 19 3
w 19 4
w 19 5
w 19 6
w 19 7
w 19 10
w 19 11
w 19 12
w 19 13
w 19 14
w 19 15
w 19 16
w 20 1
w 20 3
w 20 4
w 20 5
w 20 6
w 20 7
w 20 9
w 20 10
w 20 11
w 20 12
w 20 13
w 20 14
w 20 15
w 20 16
w 20 17
w 20 18
w 21 1
w 21 2
w 21 3
w 21 4
w 21 5
w 21 6
w 21 7
w 21 9
w 21 10
w 21 11
w 21 12
w 21 13
w 21 14
w 21 15
w 21 16
w 21 18
w 22 1
w 22 2
w 22 3
w 22 4
w 22 5
w 22 6
w 22 7
w 22 8
w 22 9
w 22 10
w 22 11
w 22 12
w 22 13
w 22 14
w 22 15
w 22 16
w 22 18
w 23 1
w 23 2
w 23 3
w 23 4
w 23 5
w 23 6
w 23 7
w 23 8
w 23 9
w 23 10
w 23 11
w 23 12
w 23 13
w 23 14
w 23 15
w 23 16
w 24 3
w 24 4
w 24 5
w 24 6
w 24 7
w 24 8
w 24 9
w 24 10
w 24 11
w 24 12
w 24 13
w 24 14
w 24 15
w 24 16
w 24 17
w 25 1
w 25 3
w 25 4
w 25 5
w 25 6
w 25 7
w 25 8
w 25 9
w 25 10
w 25 11
w 25 12
w 25 13
w 25 14
w 25 15
w 25 16
w 25 17
w 26 4
w 26 5
w 26 6
w 26 7
w 26 8
w 26 9
w 26 10
w 26 11
w 26 12
w 26 13
w 26 14
w 26 15
w 26 16
w 26 17
w 27 1
w 27 4
w 27 5
w 27 7
w 27 8
w 27 9
w 27 10
w 27 11
w 27 12
w 27 13
w 27 14
w 27 15
w 27 16
w 27 17
w 27 18
w 28 2
w 28 4
w 28 7
w 28 8
w 28 9
w 28 10
w 28 11
w 28 12
w 28 14
w 28 15
w 28 16
w 28 17
w 28 18
w 29 1
w 29 2
w 29 3
w 29 4
w 29 7
w 29 8
w 29 9
w 29 10
w 29 11
w 29 12
w 29 15
w 29 17
w 30 1
w 30 2
w 30 3
w 30 4
w 30 5
w 30 8
w 30 9
w 30 10
w 30 12
w 30 13
w 30 17
w 31 1
w 31 2
w 31 3
w 31 4
w 31 5
w 31 8
w 31 9
w 31 16
w 31 17
w 31 18
w 32 2
w 32 3
w 32 4
w 32 9
w 32 10
w 32 12
w 32 17
w 32 18
w 33 1
w 33 3
w 33 4
w 33 5
w 33 7
w 33 9
w 33 10
w 33 11
w 33 12
w 33 13
w 33 14
w 33 15
p 27 2
p 32 5
p 11 10
p 16 0
p 0 0
p 3 1
p 1 1
p 23 0
p 30 6
p 13 19
p 34 3
p 8 9
p 6 0
p 18 8
t 1400 0
m 1 19
0 33 0
1 34 1
2 33 0
t 1399 0
m 2 19
0 32 0
1 34 2
2 32 0
t 1398 0
m 3 19
0 31 0
1 34 3
2 31 0
t 1397 0
m 4 19
0 30 0
1 34 4
2 30 0
t 1396 0
m 5 19
0 29 0
1 34 5
2 29 0
t 1395 0
m 6 19
0 28 0
1 34 6
2 28 0
f 30 14
t 1394 0
m 7 19
0 27 0
1 34 7
2 27 0
t 1393 0
m 8 19
0 26 0
1 34 8
2 26 0
t 1392 0
m 9 19
0 25 0
1 34 9
2 25 0
t 1391 0
m 10 19
0 24 0
1 34 10
2 24 0
t 1390 0
m 11 19
0 23 0
1 34 11
2 23 0
t 1389 0
m 12 19
0 22 0
1 34 12
2 22 0
t 1388 0
m 13 19
0 21 0
1 34 13
2 21 0
t 1387 7
m 14 19
0 20 0
1 34 14
2 20 0
t 1386 7
m 15 19
0 19 0
1 34 15
2 19 0
t 1385 7
m 16 19
0 18 0
1 34 16
2 18 0
t 1384 7
m 17 19
0 17 0
1 34 17
2 17 0
t 1383 7
m 18 19
0 16 0
1 34 18
2 16 0
t 1382 7
m 19 19
0 15 0
1 33 18
2 15 0
t 1381 7
m 20 19
0 14 0
1 33 19
2 14 0
t 1380 7
m 21 19
0 13 0
1 32 19
2 13 0
t 1379 7
m 22 19
0 12 0
1 31 19
2 12 0
t 1378 7
m 23 19
0 11 0
1 30 19
2 11 0
t 1377 7
m 24 19
0 10 0
1 29 19
2 10 0
t 1376 7
m 23 19
0 9 0
1 28 19
2 9 0
t 1375 7
m 22 19
0 8 0
1 27 19
2 8 0
t 1374 7
m 21 19
0 7 0
1 26 19
2 7 0
t 1373 7
m 20 19
0 6 0
1 26 18
2 6 0
t 1372 7
m 19 19
0 5 0
1 25 18
2 5 0
t 1371 7
m 18 19
0 4 0
1 24 18
2 4 0
t 1370 7
m 17 19
0 3 0
1 23 18
2 3 0
t 1369 7
m 16 19
0 3 1
1 23 19
2 3 1
t 1368 7
m 15 19
0 2 1
1 22 19
2 2 1
t 1367 7
m 14 19
0 1 1
1 21 19
2 1 1
t 1366 7
m 13 19
0 1 2
1 20 19
2 1 2
t 1365 7
m 12 19
0 0 2
1 19 19
2 0 2
t 1364 7
m 11 19
0 0 3
1 18 19
2 0 3
t 1363 7
m 10 19
0 0 4
1 19 19
2 0 4
t 1362 7
m 9 19
0 0 5
1 18 19
2 0 5
t 1361 7
m 8 19
0 0 6
1 17 19
2 0 6
t 1360 7
m 7 19
0 0 7
1 16 19
2 0 7
t 1359 7
m 6 19
0 0 8
1 15 19
2 0 8
t 1358 7
m 5 19
0 0 9
1 14 19
2 0 9
t 1357 7
m 4 19
0 0 10
1 13 19
2 0 10
t 1356 7
m 3 19
0 0 11
1 12 19
2 0 11
t 1355 7
m 3 18
0 0 12
1 11 19
2 0 10
t 1354 7
m 3 18
0 0 13
1 10 19
2 0 11
t 1353 7
m 3 18
0 0 14
1 9 19
2 0 12
t 1352 7
m 3 18
0 0 15
1 8 19
2 0 13
t 1351 7
m 3 18
0 0 16
1 7 19
2 0 14
t 1350 7
m 3 18
0 0 17
1 6 19
2 0 15
t 1349 7
m 3 18
0 1 17
1 5 19
2 0 16
t 1348 7
m 3 18
0 2 17
1 4 19
2 0 17
t 1347 7
m 3 18
0 3 17
1 3 19
2 1 17
t 1346 7
m 3 18
0 3 18
1 3 18
2 2 17
t 1345 7
