35
20
m 0 19
0 34 0
1 34 0
2 34 0
w 1 1
w 1 3
w 1 4
w 1 5
w 1 7
w 1 8
w 1 9
w 1 10
w 1 11
w 1 12
w 1 14
w 1 15
w 1 17
w 1 18
w 2 1
w 2 7
w 2 8
w 2 9
w 2 10
w 2 11
w 2 12
w 2 13
w 2 14
w 2 15
w 2 16
w 2 17
w 3 2
w 3 3
w 3 5
w 3 6
w 3 7
w 3 8
w 3 9
w 3 10
w 3 11
w 3 12
w 3 13
w 3 14
w 4 4
w 4 5
w 4 6
w 4 7
w 4 8
w 4 9
w 4 10
w 4 11
w 4 12
w 4 13
w 4 15
w 4 16
w 4 18
w 5 2
w 5 3
w 5 4
w 5 5
w 5 6
w 5 7
w 5 8
w 5 9
w 5 10
w 5 16
w 5 17
w 6 1
w 6 2
w 6 3
w 6 4
w 6 5
w 6 6
w 6 7
w 6 8
w 6 9
w 6 10
w 6 11
w 6 17
w 6 18
w 7 1
w 7 2
w 7 3
w 7 4
w 7 5
w 7 6
w 7 7
w 7 8
w 7 9
w 7 10
w 7 13
w 7 15
w 8 1
w 8 2
w 8 3
w 8 4
w 8 5
w 8 6
w 8 7
w 8 8
w 8 9
w 8 10
w 8 11
w 8 15
w 8 18
w 9 2
w 9 3
w 9 4
w 9 5
w 9 6
w 9 7
w 9 8
w 9 9
w 9 10
w 9 11
w 9 12
w 9 13
w 9 15
w 10 4
w 10 5
w 10 6
w 10 7
w 10 8
w 10 9
w 10 10
w 10 11
w 10 14
w 10 15
w 10 16
w 10 17
w 11 3
w 11 6
w 11 7
w 11 8
w 11 9
w 11 10
w 11 11
w 11 14
w 11 15
w 11 16
w 11 17
w 11 18
w 12 1
w 12 2
w 12 3
w 12 5
w 12 6
w 12 7
w 12 8
w 12 9
w 12 10
w 12 11
w 12 15
w 12 16
w 12 17
w 12 18
w 13 1
w 13 2
w 13 3
w 13 7
w 13 8
w 13 9
w 13 10
w 13 15
w 14 2
w 14 6
w 14 7
w 14 8
w 14 9
w 14 10
w 14 11
w 14 12
w 14 13
w 14 17
w 14 18
w 15 6
w 15 7
w 15 8
w 15 9
w 15 10
w 15 11
w 15 12
w 15 13
w 15 14
w 15 15
w 15 16
w 15 17
w 15 18
w 16 3
w 16 4
w 16 6
w 16 7
w 16 8
w 16 9
w 16 10
w 16 11
w 16 12
w 16 13
w 16 16
w 16 17
w 16 18
w 17 1
w 17 2
w 17 3
w 17 4
w 17 5
w 17 6
w 17 7
w 17 8
w 17 9
w 17 10
w 17 11
w 17 12
w 17 13
w 17 17
w 17 18
w 18 3
w 18 4
w 18 6
w 18 7
w 18 8
w 18 9
w 18 10
w 18 11
w 18 12
w 18 13
w 18 14
w 18 15
w 19 3
w 19 6
w 19 7
w 19 8
w 19 9
w 19 10
w 19 11
w 19 12
w 19 13
w 19 14
w 19 15
w 19 18
w 20 1
w 20 2
w 20 3
w 20 4
w 20 6
w 20 7
w 20 8
w 20 9
w 20 10
w 20 11
w 20 12
w 20 13
w 20 14
w 20 17
w 21 3
w 21 6
w 21 7
w 21 8
w 21 9
w 21 10
w 21 11
w 21 12
w 21 13
w 21 14
w 21 16
w 21 17
w 21 18
w 22 6
w 22 7
w 22 8
w 22 10
w 22 11
w 22 12
w 22 13
w 22 14
w 22 15
w 22 16
w 23 1
w 23 2
w 23 4
w 23 6
w 23 8
w 23 10
w 23 11
w 23 12
w 23 13
w 23 14
w 23 15
w 23 16
w 23 17
w 23 18
w 24 2
w 24 3
w 24 4
w 24 6
w 24 10
w 24 11
w 24 12
w 24 13
w 24 14
w 24 15
w 24 16
w 25 1
w 25 2
w 25 3
w 25 7
w 25 12
w 25 13
w 25 14
w 25 15
w 25 16
w 25 18
w 26 4
w 26 5
w 26 6
w 26 11
w 26 12
w 26 13
w 26 14
w 26 15
w 26 16
w 26 17
w 26 18
w 27 1
w 27 2
w 27 3
w 27 6
w 27 8
w 27 11
w 27 12
w 27 13
w 27 14
w 27 15
w 27 16
w 27 17
w 27 18
w 28 1
w 28 2
w 28 3
w 28 5
w 28 11
w 28 12
w 28 13
w 28 14
w 28 15
w 28 16
w 28 17
w 28 18
w 29 1
w 29 2
w 29 3
w 29 6
w 29 7
w 29 8
w 29 9
w 29 14
w 29 15
w 29 16
w 29 17
w 29 18
w 30 1
w 30 2
w 30 4
w 30 8
w 30 12
w 30 13
w 30 14
w 30 15
w 30 16
w 30 17
w 31 2
w 31 5
w 31 8
w 31 12
w 31 13
w 31 14
w 31 17
w 31 18
w 33 1
w 33 3
w 33 4
w 33 5
w 33 8
w 33 14
w 33 15
w 33 18
w 33 19
w 34 1
w 34 2
w 34 3
w 34 4
w 34 5
w 34 7
w 34 13
w 34 14
w 34 17
w 34 18
w 34 19
p 1 2
p 22 3
p 0 0
p 32 14
p 11 13
p 34 10
p 6 14
p 14 0
p 3 19
p 26 19
p 31 9
p 24 18
p 16 14
p 9 1
p 29 11
p 19 5
t 1400 0
m 1 19
0 33 0
1 33 0
2 33 0
f 10 2
t 1399 0
m 2 19
0 32 0
1 32 0
2 32 0
t 1398 0
m 3 19
0 32 1
1 31 0
2 31 0
t 1397 6
m 2 19
0 32 2
1 30 0
2 30 0
t 1396 6
m 1 19
0 32 3
1 29 0
2 29 0
t 1395 6
m 0 19
0 32 4
1 28 0
2 28 0
t 1394 6
m 0 18
0 32 5
1 27 0
2 27 0
t 1393 6
m 0 17
0 32 6
1 26 0
2 26 0
t 1392 6
m 0 16
0 32 7
1 25 0
2 25 0
t 1391 6
m 0 15
0 32 8
1 24 0
2 24 0
t 1390 6
m 0 14
0 32 9
1 23 0
2 23 0
t 1389 6
m 0 13
0 32 10
1 22 0
2 22 0
t 1388 6
m 0 12
0 32 11
1 21 0
2 21 0
t 1387 6
m 0 11
0 33 11
1 20 0
2 20 0
t 1386 6
m 0 10
0 32 11
1 21 0
2 19 0
t 1385 6
m 0 9
0 32 12
1 20 0
2 18 0
t 1384 6
m 0 8
0 32 13
1 19 0
2 17 0
t 1383 6
m 0 7
0 32 14
1 18 0
2 16 0
t 1382 6
m 0 6
0 32 15
1 17 0
2 15 0
t 1381 6
m 0 5
0 32 16
1 16 0
2 14 0
t 1380 6
m 0 4
0 32 17
1 15 0
2 14 1
t 1379 6
m 0 3
0 32 18
1 14 0
2 14 0
t 1378 6
m 0 2
0 32 19
1 13 0
2 13 0
t 1377 6
m 0 1
0 31 19
1 12 0
2 12 0
t 1376 6
m 0 0
0 30 19
1 11 0
2 11 0
t 1375 12
m 0 1
0 29 19
1 10 0
2 10 0
t 1374 12
m 0 2
0 28 19
1 9 0
2 9 0
t 1373 12
m 1 2
0 27 19
1 8 0
2 8 0
t 1372 18
m 0 2
0 26 19
1 7 0
2 7 0
t 1371 18
m 0 3
0 25 19
1 6 0
2 6 0
t 1370 18
m 0 4
0 24 19
1 5 0
2 5 0
t 1369 18
m 0 5
0 23 19
1 4 0
2 4 0
t 1368 18
m 0 6
0 22 19
1 3 0
2 3 0
t 1367 18
m 0 7
0 21 19
1 2 0
2 2 0
t 1366 18
m 0 8
0 20 19
1 1 0
2 1 0
t 1365 18
m 0 9
0 19 19
1 0 0
2 0 0
t 1364 18
m 0 10
0 18 19
1 0 1
2 0 1
t 1363 18
m 0 11
0 17 19
1 0 2
2 0 2
t 1362 18
m 0 12
0 16 19
1 0 3
2 0 3
t 1361 18
m 0 11
0 15 19
1 0 4
2 0 4
t 1360 18
m 0 10
0 14 19
1 0 5
2 0 5
t 1359 18
m 0 9
0 13 19
1 0 6
2 0 6
t 1358 18
m 0 10
0 12 19
1 0 7
2 0 7
t 1357 18
m 0 11
0 11 19
1 0 8
2 0 8
t 1356 18
m 0 12
0 10 19
1 0 7
2 0 7
t 1355 18
m 0 13
0 9 19
1 0 8
2 0 8
t 1354 18
m 0 14
0 8 19
1 0 9
2 0 7
t 1353 18
m 0 15
0 7 19
1 0 10
2 0 8
t 1352 18
m 0 16
0 6 19
1 0 11
2 0 9
t 1351 18
m 0 17
0 5 19
1 0 10
2 0 10
t 1350 18
m 0 18
0 4 19
1 0 11
2 0 11
t 1349 18
m 0 19
0 3 19
1 0 12
2 0 12
t 1348 18
m 0 19
0 2 19
1 0 11
2 0 13
t 1347 18
m 0 19
0 1 19
1 0 12
2 0 14
t 1346 18
m 0 19
0 0 19
1 0 13
2 0 15
t 1345 18
