35
20
m 0 19
0 34 0
1 34 0
2 34 0
w 0 0
w 0 1
w 0 2
w 0 3
w 0 4
w 0 5
w 0 6
w 0 7
w 0 8
w 0 9
w 0 10
w 0 11
w 0 14
w 0 15
w 0 17
w 1 0
w 1 1
w 1 2
w 1 3
w 1 4
w 1 5
w 1 6
w 1 7
w 1 8
w 1 9
w 1 10
w 1 11
w 1 12
w 2 0
w 2 1
w 2 2
w 2 3
w 2 4
w 2 5
w 2 6
w 2 7
w 2 8
w 2 9
w 2 10
w 2 11
w 2 14
w 2 18
w 2 19
w 3 0
w 3 1
w 3 2
w 3 3
w 3 4
w 3 5
w 3 6
w 3 7
w 3 8
w 3 9
w 3 10
w 3 14
w 3 15
w 3 16
w 3 19
w 4 0
w 4 1
w 4 2
w 4 3
w 4 4
w 4 5
w 4 6
w 4 7
w 4 8
w 4 9
w 4 10
w 4 11
w 4 12
w 4 13
w 4 17
w 4 19
w 5 0
w 5 1
w 5 2
w 5 3
w 5 4
w 5 5
w 5 6
w 5 7
w 5 8
w 5 9
w 5 10
w 5 11
w 5 13
w 5 14
w 5 16
w 5 17
w 6 0
w 6 1
w 6 2
w 6 3
w 6 4
w 6 5
w 6 6
w 6 7
w 6 8
w 6 9
w 6 10
w 6 13
w 6 14
w 6 17
w 6 18
w 7 0
w 7 1
w 7 2
w 7 3
w 7 4
w 7 5
w 7 6
w 7 7
w 7 8
w 7 9
w 7 13
w 7 14
w 7 16
w 7 17
w 7 18
w 8 0
w 8 1
w 8 2
w 8 3
w 8 4
w 8 5
w 8 6
w 8 7
w 8 8
w 8 9
w 8 12
w 8 13
w 9 0
w 9 1
w 9 2
w 9 3
w 9 4
w 9 5
w 9 6
w 9 7
w 9 8
w 9 14
w 9 16
w 9 18
w 9 19
w 10 0
w 10 1
w 10 2
w 10 3
w 10 4
w 10 5
w 10 6
w 10 7
w 10 8
w 10 10
w 10 11
w 10 13
w 10 14
w 10 15
w 10 16
w 10 19
w 11 0
w 11 1
w 11 2
w 11 3
w 11 4
w 11 5
w 11 6
w 11 7
w 11 10
w 11 11
w 11 16
w 12 0
w 12 1
w 12 2
w 12 3
w 12 4
w 12 5
w 12 6
w 12 12
w 12 15
w 12 18
w 13 0
w 13 1
w 13 2
w 13 3
w 13 4
w 13 5
w 13 11
w 13 14
w 14 2
w 14 3
w 14 4
w 14 6
w 14 7
w 14 17
w 14 18
w 14 19
w 15 0
w 15 6
w 15 7
w 15 10
w 15 11
w 15 13
w 15 14
w 15 15
w 15 16
w 16 0
w 16 1
w 16 2
w 16 3
w 16 12
w 16 13
w 16 14
w 16 18
w 17 0
w 17 1
w 17 2
w 17 5
w 17 7
w 17 9
w 17 10
w 17 13
w 17 16
w 17 17
w 17 18
w 17 19
w 18 0
w 18 1
w 18 6
w 18 7
w 18 8
w 18 9
w 18 15
w 18 16
w 18 17
w 18 18
w 18 19
w 19 0
w 19 1
w 19 2
w 19 3
w 19 5
w 19 6
w 19 7
w 19 8
w 19 9
w 19 15
w 19 16
w 19 17
w 19 18
w 19 19
w 20 0
w 20 1
w 20 2
w 20 6
w 20 7
w 20 8
w 20 9
w 20 10
w 20 12
w 20 14
w 20 15
w 20 16
w 20 17
w 20 18
w 20 19
w 21 0
w 21 1
w 21 5
w 21 7
w 21 9
w 21 14
w 21 15
w 21 16
w 21 17
w 21 18
w 21 19
w 22 0
w 22 1
w 22 2
w 22 5
w 22 12
w 22 13
w 22 15
w 22 16
w 22 17
w 22 18
w 22 19
w 23 0
w 23 1
w 23 3
w 23 6
w 23 8
w 23 9
w 23 12
w 23 15
w 23 16
w 23 17
w 23 18
w 23 19
w 24 0
w 24 6
w 24 13
w 24 16
w 24 19
w 25 3
w 25 6
w 25 10
w 25 12
w 25 13
w 25 18
w 25 19
w 26 1
w 26 3
w 26 7
w 26 8
w 26 9
w 26 10
w 26 13
w 26 14
w 26 19
w 27 1
w 27 2
w 27 3
w 27 6
w 27 7
w 27 8
w 27 12
w 27 13
w 27 19
w 28 3
w 28 7
w 28 8
w 28 12
w 28 13
w 28 14
w 28 15
w 28 17
w 28 19
w 29 1
w 29 6
w 29 7
w 29 8
w 29 9
w 29 15
w 29 16
w 29 17
w 30 5
w 30 6
w 30 7
w 30 8
w 30 9
w 30 10
w 30 15
w 31 1
w 31 3
w 31 7
w 31 8
w 31 13
w 31 18
w 32 0
w 32 1
w 32 2
w 32 3
w 32 5
w 32 7
w 32 8
w 32 10
w 32 12
w 32 14
w 32 15
w 32 17
w 32 18
w 32 19
w 33 17
w 33 18
w 33 19
w 34 1
w 34 3
w 34 5
w 34 6
w 34 7
w 34 8
w 34 9
w 34 11
w 34 12
w 34 17
w 34 18
w 34 19
p 25 9
p 21 13
p 33 16
p 30 16
p 14 16
p 0 12
p 11 12
p 13 9
p 16 15
p 24 3
p 32 9
p 29 2
p 3 18
p 27 9
p 8 11
p 18 14
t 1400 0
m 0 18
0 33 0
1 33 0
2 33 0
t 1399 0
m 1 18
0 33 1
1 33 1
2 33 1
t 1398 0
m 1 17
0 33 2
1 33 2
2 33 2
t 1397 0
m 2 17
0 33 3
1 33 3
2 33 3
f 16 19
t 1396 0
m 3 17
0 33 4
1 33 4
2 33 4
t 1395 0
m 3 18
0 32 4
1 32 4
2 32 4
t 1394 6
m 3 17
0 31 4
1 31 4
2 31 4
t 1393 6
m 2 17
0 30 4
1 30 4
2 30 4
t 1392 6
m 1 17
0 29 4
1 29 4
2 29 4
t 1391 6
m 1 16
0 28 4
1 28 4
2 28 4
t 1390 6
m 1 15
0 27 4
1 27 4
2 27 4
t 1389 6
m 1 14
0 26 4
1 26 4
2 26 4
t 1388 6
m 1 13
0 25 4
1 25 4
2 25 4
t 1387 6
m 0 13
0 24 4
1 24 4
2 24 4
t 1386 6
m 0 12
0 23 4
1 23 4
2 23 4
t 1385 12
m 0 13
0 22 4
1 22 4
2 22 4
t 1384 12
m 1 13
0 21 4
1 21 4
2 21 4
t 1383 12
m 1 14
0 20 4
1 20 4
2 20 4
t 1382 12
m 1 15
0 19 4
1 19 4
2 19 4
t 1381 12
m 1 16
0 18 4
1 18 4
2 18 4
t 1380 12
m 1 17
0 17 4
1 17 4
2 17 4
t 1379 12
m 2 17
0 16 4
1 16 4
2 16 4
t 1378 12
m 3 17
0 16 5
1 16 5
2 16 5
t 1377 12
m 3 18
0 16 6
1 16 6
2 16 6
t 1376 12
m 4 18
0 16 7
1 16 7
2 16 7
t 1375 12
m 5 18
0 16 8
1 16 8
2 16 8
t 1374 12
m 5 19
0 15 8
1 15 8
2 15 8
t 1373 12
m 6 19
0 14 8
1 14 8
2 14 8
t 1372 12
m 7 19
0 14 9
1 14 9
2 14 9
t 1371 12
m 8 19
0 14 10
1 14 10
2 14 10
t 1370 12
m 8 18
0 14 11
1 14 11
2 14 11
t 1369 12
m 8 17
0 14 12
1 14 12
2 14 12
t 1368 12
m 9 17
0 14 11
1 14 13
2 14 13
t 1367 12
m 10 17
0 14 12
1 14 14
2 14 14
t 1366 12
m 11 17
0 14 13
1 14 15
2 14 15
t 1365 12
m 12 17
0 14 14
1 13 15
2 13 15
t 1364 12
m 12 16
0 14 15
1 13 16
2 13 16
t 1363 12
m 12 16
0 13 15
1 14 16
2 12 16
t 1362 12
