35
20
m 0 19
0 34 0
1 34 0
2 34 0
w 0 1
w 0 2
w 0 3
w 0 4
w 0 5
w 0 6
w 0 7
w 0 8
w 0 9
w 0 10
w 0 11
w 0 12
w 0 13
w 1 2
w 1 3
w 1 4
w 1 5
w 1 6
w 1 7
w 1 8
w 1 9
w 1 10
w 1 11
w 1 12
w 1 15
w 1 16
w 1 17
w 2 1
w 2 2
w 2 3
w 2 4
w 2 5
w 2 6
w 2 7
w 2 8
w 2 9
w 2 10
w 2 11
w 2 18
w 3 2
w 3 3
w 3 4
w 3 5
w 3 6
w 3 7
w 3 8
w 3 9
w 3 10
w 3 11
w 3 12
w 3 14
w 3 17
w 3 18
w 4 4
w 4 6
w 4 7
w 4 8
w 4 9
w 4 10
w 4 11
w 4 12
w 4 13
w 4 14
w 4 18
w 5 6
w 5 7
w 5 8
w 5 9
w 5 10
w 5 11
w 5 12
w 5 13
w 5 14
w 5 17
w 5 18
w 5 19
w 6 0
w 6 1
w 6 2
w 6 4
w 6 6
w 6 7
w 6 8
w 6 9
w 6 10
w 6 11
w 6 12
w 6 13
w 6 14
w 6 17
w 6 18
w 6 19
w 7 9
w 7 10
w 7 11
w 7 12
w 7 13
w 7 14
w 7 18
w 7 19
w 8 0
w 8 3
w 8 4
w 8 10
w 8 11
w 8 12
w 8 13
w 8 14
w 8 17
w 8 18
w 8 19
w 9 2
w 9 3
w 9 4
w 9 5
w 9 6
w 9 7
w 9 9
w 9 10
w 9 11
w 9 12
w 9 13
w 9 14
w 9 16
w 10 0
w 10 2
w 10 3
w 10 4
w 10 5
w 10 6
w 10 7
w 10 10
w 10 12
w 10 18
w 10 19
w 11 3
w 11 5
w 11 7
w 11 9
w 11 15
w 11 19
w 12 2
w 12 12
w 12 13
w 12 16
w 12 18
w 12 19
w 13 0
w 13 3
w 13 4
w 13 5
w 13 7
w 13 9
w 13 10
w 13 12
w 13 13
w 13 14
w 13 16
w 13 17
w 13 18
w 13 19
w 14 5
w 14 6
w 14 7
w 14 9
w 14 10
w 14 13
w 14 14
w 14 17
w 14 18
w 14 19
w 15 0
w 15 2
w 15 3
w 15 4
w 15 7
w 15 9
w 15 10
w 15 11
w 15 12
w 15 13
w 15 14
w 15 15
w 15 18
w 16 2
w 16 3
w 16 4
w 16 5
w 16 9
w 16 12
w 16 13
w 16 14
w 17 2
w 17 3
w 17 4
w 17 5
w 17 12
w 17 13
w 17 14
w 17 15
w 17 18
w 17 19
w 18 0
w 18 3
w 18 4
w 18 5
w 18 10
w 18 12
w 18 13
w 18 14
w 18 15
w 18 16
w 18 17
w 18 18
w 19 4
w 19 9
w 19 12
w 19 13
w 19 17
w 19 18
w 20 7
w 20 12
w 20 13
w 20 15
w 20 18
w 21 0
w 21 2
w 21 5
w 21 6
w 21 9
w 21 10
w 21 17
w 21 18
w 22 0
w 22 3
w 22 4
w 22 5
w 22 7
w 22 11
w 22 12
w 22 14
w 22 15
w 22 16
w 22 17
w 23 0
w 23 3
w 23 4
w 23 5
w 23 13
w 24 3
w 24 7
w 24 9
w 24 12
w 24 13
w 24 14
w 24 15
w 24 16
w 24 19
w 25 0
w 25 2
w 25 3
w 25 4
w 25 5
w 25 7
w 25 12
w 25 13
w 25 14
w 25 18
w 25 19
w 26 3
w 26 4
w 26 10
w 26 13
w 26 16
w 26 17
w 26 18
w 26 19
w 27 4
w 27 6
w 27 7
w 27 12
w 27 13
w 27 15
w 27 16
w 27 17
w 28 0
w 28 4
w 28 5
w 28 6
w 28 11
w 28 13
w 28 16
w 29 5
w 29 6
w 29 9
w 29 10
w 29 11
w 29 15
w 29 16
w 29 17
w 30 2
w 30 3
w 30 4
w 30 10
w 30 16
w 30 17
w 30 19
w 31 2
w 31 9
w 31 10
w 31 12
w 31 13
w 31 14
w 31 16
w 31 17
w 31 19
w 32 0
w 32 2
w 32 4
w 32 6
w 32 7
w 32 13
w 32 16
w 32 17
w 32 19
w 33 0
w 33 2
w 33 3
w 33 4
w 33 6
w 33 7
w 33 10
w 33 14
w 34 9
w 34 10
w 34 11
w 34 14
w 34 16
w 34 19
p 31 11
p 5 5
p 16 10
p 18 7
p 26 14
p 10 14
p 0 0
p 28 10
p 20 1
p 30 1
p 33 13
p 12 3
p 3 0
p 21 12
p 23 9
p 24 18
p 8 2
p 14 2
t 1400 0
m 0 18
0 34 1
1 34 1
2 34 1
t 1399 0
m 0 17
0 34 2
1 34 2
2 34 2
t 1398 0
m 0 16
0 34 3
1 34 3
2 34 3
t 1397 0
m 0 15
0 34 4
1 34 4
2 34 4
t 1396 0
m 0 14
0 34 5
1 34 5
2 34 5
t 1395 0
m 1 14
0 33 5
1 33 5
2 33 5
t 1394 0
m 2 14
0 32 5
1 32 5
2 32 5
t 1393 0
m 2 15
0 31 5
1 31 5
2 31 5
t 1392 0
m 3 15
0 30 5
1 30 5
2 30 5
t 1391 0
m 4 15
0 30 6
1 30 6
2 30 6
t 1390 0
m 5 15
0 30 7
1 30 7
2 30 7
t 1389 0
m 6 15
0 29 7
1 29 7
2 29 7
t 1388 0
m 7 15
0 28 7
1 28 7
2 28 7
t 1387 0
m 8 15
0 28 8
1 28 8
2 28 8
t 1386 0
m 9 15
0 27 8
1 27 8
2 27 8
t 1385 0
m 10 15
0 26 8
1 26 8
2 26 8
t 1384 0
m 10 14
0 25 8
1 25 8
2 25 8
t 1383 5
m 10 13
0 26 8
1 24 8
2 24 8
t 1382 5
m 11 13
0 25 8
1 23 8
2 23 8
f 9 15
t 1381 5
m 11 12
0 24 8
1 22 8
2 22 8
t 1380 5
m 11 11
0 23 8
1 21 8
2 21 8
t 1379 5
m 11 10
0 22 8
1 20 8
2 20 8
t 1378 5
m 12 10
0 21 8
1 19 8
2 19 8
t 1377 5
m 12 9
0 20 8
1 18 8
2 18 8
t 1376 5
m 12 8
0 19 8
1 17 8
2 17 8
t 1375 5
m 12 7
0 18 8
1 16 8
2 16 8
t 1374 5
m 12 6
0 17 8
1 16 7
2 17 8
t 1373 5
m 12 5
0 16 8
1 16 8
2 16 8
t 1372 5
m 12 4
0 15 8
1 15 8
2 15 8
t 1371 5
m 12 3
0 14 8
1 14 8
2 14 8
t 1370 11
m 12 4
0 13 8
1 13 8
2 13 8
t 1369 11
m 12 5
0 12 8
1 12 8
2 12 8
t 1368 11
m 12 5
0 12 9
1 12 7
2 12 7
t 1367 11
m 12 5
0 12 8
1 12 6
2 12 6
t 1366 11
m 12 5
0 12 7
1 12 5
2 12 5
t 1365 11
