35
20
m 0 19
0 34 0
1 34 0
2 34 0
w 0 1
w 1 8
w 1 12
w 1 14
w 1 16
w 1 19
w 2 0
w 2 1
w 2 3
w 2 5
w 2 8
w 2 10
w 2 11
w 2 12
w 2 13
w 2 15
w 2 16
w 2 19
w 3 1
w 3 3
w 3 4
w 3 7
w 3 8
w 3 9
w 3 10
w 3 11
w 3 12
w 3 16
w 3 18
w 3 19
w 4 3
w 4 4
w 4 5
w 4 8
w 4 9
w 4 10
w 4 11
w 4 12
w 4 16
w 4 18
w 5 0
w 5 3
w 5 4
w 5 5
w 5 6
w 5 7
w 5 8
w 5 9
w 5 10
w 5 11
w 5 13
w 5 16
w 6 0
w 6 1
w 6 3
w 6 7
w 6 8
w 6 9
w 6 14
w 6 16
w 6 18
w 7 0
w 7 5
w 7 7
w 7 8
w 7 9
w 7 10
w 7 12
w 7 19
w 8 3
w 8 5
w 8 6
w 8 7
w 8 8
w 8 10
w 8 11
w 8 12
w 8 13
w 8 16
w 9 0
w 9 3
w 9 4
w 9 5
w 9 6
w 9 7
w 9 8
w 9 14
w 9 15
w 9 18
w 10 1
w 10 3
w 10 4
w 10 5
w 10 6
w 10 7
w 10 8
w 10 12
w 10 13
w 10 14
w 10 15
w 10 16
w 10 18
w 10 19
w 11 4
w 11 5
w 11 6
w 11 7
w 11 8
w 11 9
w 11 16
w 11 19
w 12 0
w 12 1
w 12 3
w 12 4
w 12 5
w 12 6
w 12 7
w 12 8
w 12 9
w 12 10
w 12 12
w 12 14
w 12 15
w 12 16
w 12 18
w 12 19
w 13 1
w 13 3
w 13 4
w 13 5
w 13 6
w 13 7
w 13 8
w 13 9
w 13 10
w 13 11
w 13 12
w 13 15
w 13 16
w 13 18
w 13 19
w 14 4
w 14 5
w 14 6
w 14 7
w 14 8
w 14 9
w 14 10
w 14 18
w 14 19
w 15 0
w 15 1
w 15 3
w 15 4
w 15 5
w 15 6
w 15 7
w 15 8
w 15 9
w 15 10
w 15 11
w 15 15
w 15 19
w 16 3
w 16 4
w 16 5
w 16 6
w 16 7
w 16 8
w 16 9
w 16 10
w 16 11
w 16 14
w 16 16
w 17 4
w 17 5
w 17 6
w 17 7
w 17 8
w 17 9
w 17 10
w 17 11
w 17 12
w 17 13
w 17 18
w 18 1
w 18 3
w 18 4
w 18 5
w 18 6
w 18 7
w 18 8
w 18 9
w 18 10
w 18 11
w 18 12
w 18 13
w 18 14
w 18 18
w 18 19
w 19 0
w 19 6
w 19 7
w 19 8
w 19 9
w 19 10
w 19 11
w 19 12
w 19 15
w 19 16
w 19 18
w 19 19
w 20 3
w 20 4
w 20 5
w 20 6
w 20 7
w 20 8
w 20 9
w 20 10
w 20 11
w 20 12
w 20 14
w 21 4
w 21 7
w 21 8
w 21 9
w 21 10
w 21 11
w 21 18
w 21 19
w 22 4
w 22 5
w 22 9
w 22 10
w 22 11
w 22 13
w 22 16
w 23 0
w 23 1
w 23 9
w 23 10
w 23 11
w 23 12
w 23 13
w 23 15
w 23 16
w 23 18
w 24 1
w 24 4
w 24 5
w 24 9
w 24 10
w 24 11
w 24 12
w 24 14
w 24 18
w 24 19
w 25 4
w 25 5
w 25 6
w 25 7
w 25 9
w 25 10
w 25 11
w 25 14
w 25 15
w 25 16
w 25 18
w 25 19
w 26 0
w 26 1
w 26 3
w 26 4
w 26 8
w 26 16
w 26 18
w 26 19
w 27 5
w 27 8
w 27 9
w 27 10
w 27 11
w 27 14
w 27 16
w 28 0
w 28 1
w 28 3
w 28 4
w 28 5
w 28 6
w 28 12
w 28 15
w 28 16
w 28 19
w 29 0
w 29 5
w 29 7
w 29 10
w 29 13
w 30 0
w 30 3
w 30 5
w 30 8
w 30 12
w 30 13
w 30 14
w 31 0
w 31 4
w 31 5
w 31 8
w 31 9
w 31 10
w 31 12
w 31 14
w 31 19
w 33 1
w 33 2
w 33 4
w 33 5
w 33 6
w 33 7
w 33 10
w 33 13
w 33 18
w 33 19
w 34 4
w 34 5
w 34 6
w 34 7
w 34 8
w 34 12
w 34 15
w 34 19
p 31 17
p 34 16
p 19 3
p 32 18
p 21 6
p 14 3
p 27 0
p 9 1
p 28 14
p 25 0
p 1 2
p 11 10
p 7 3
p 16 15
p 23 2
p 5 2
p 30 4
p 0 0
p 2 18
t 1400 0
m 0 18
0 33 0
1 33 0
2 33 0
t 1399 0
m 1 18
0 32 0
1 32 0
2 32 0
t 1398 0
m 2 18
0 32 1
1 32 1
2 32 1
t 1397 5
m 1 18
0 31 1
1 31 1
2 31 1
t 1396 5
m 1 17
0 30 1
1 30 1
2 30 1
t 1395 5
m 0 17
0 29 1
1 29 1
2 29 1
t 1394 5
m 0 16
0 29 2
1 29 2
2 29 2
f 27 18
t 1393 5
m 0 15
0 28 2
1 28 2
2 28 2
t 1392 5
m 0 14
0 27 2
1 27 2
2 27 2
t 1391 5
m 0 13
0 26 2
1 26 2
2 26 2
t 1390 5
m 0 12
0 25 2
1 25 2
2 25 2
t 1389 5
m 0 11
0 24 2
1 24 2
2 24 2
t 1388 5
m 0 10
0 23 2
1 23 2
2 23 2
t 1387 5
m 0 9
0 22 2
1 24 2
2 22 2
t 1386 5
m 0 8
0 21 2
1 24 3
2 21 2
t 1385 5
m 0 7
0 20 2
1 23 3
2 20 2
t 1384 5
m 0 6
0 19 2
1 22 3
2 19 2
t 1383 5
m 0 5
0 18 2
1 21 3
2 18 2
t 1382 5
m 0 4
0 17 2
1 21 2
2 17 2
t 1381 5
m 0 3
0 16 2
1 20 2
2 16 2
t 1380 5
m 0 2
0 15 2
1 19 2
2 15 2
t 1379 5
m 1 2
0 14 2
1 18 2
2 14 2
t 1378 10
m 1 1
0 13 2
1 17 2
2 13 2
t 1377 10
m 1 0
0 12 2
1 16 2
2 12 2
t 1376 10
m 0 0
0 11 2
1 15 2
2 11 2
t 1375 15
m 1 0
0 10 2
1 14 2
2 10 2
t 1374 15
m 1 1
0 9 2
1 13 2
2 9 2
t 1373 15
m 1 2
0 8 2
1 12 2
2 8 2
t 1372 15
m 2 2
0 7 2
1 11 2
2 7 2
t 1371 15
m 3 2
0 6 2
1 10 2
2 6 2
t 1370 15
m 4 2
0 5 2
1 11 2
2 5 2
t 1369 15
m 5 2
0 4 2
1 10 2
2 4 2
t 1368 15
