35
20
m 0 19
0 34 0
1 34 0
2 34 0
w 0 0
w 0 1
w 1 0
w 1 1
w 1 5
w 1 6
w 1 8
w 1 12
w 1 17
w 2 0
w 2 1
w 2 3
w 2 4
w 2 5
w 2 6
w 2 7
w 2 9
w 2 10
w 2 11
w 2 12
w 2 13
w 2 15
w 2 17
w 2 18
w 3 0
w 3 3
w 3 5
w 3 6
w 3 10
w 3 11
w 3 12
w 3 13
w 3 17
w 4 0
w 4 1
w 4 5
w 4 11
w 4 12
w 4 13
w 4 14
w 4 17
w 4 18
w 5 0
w 5 3
w 5 5
w 5 6
w 5 8
w 5 9
w 5 12
w 5 13
w 5 14
w 5 17
w 5 18
w 6 0
w 6 3
w 6 9
w 6 10
w 6 11
w 6 12
w 6 13
w 6 14
w 6 15
w 6 16
w 6 17
w 6 18
w 7 0
w 7 1
w 7 4
w 7 7
w 7 9
w 7 10
w 7 11
w 7 12
w 7 13
w 7 14
w 7 15
w 7 16
w 7 17
w 7 18
w 8 3
w 8 4
w 8 6
w 8 7
w 8 8
w 8 11
w 8 12
w 8 13
w 8 14
w 8 15
w 8 16
w 8 17
w 9 0
w 9 3
w 9 4
w 9 5
w 9 6
w 9 7
w 9 10
w 9 11
w 9 12
w 9 13
w 9 14
w 9 15
w 9 16
w 10 0
w 10 4
w 10 5
w 10 6
w 10 7
w 10 8
w 10 12
w 10 13
w 10 14
w 11 0
w 11 3
w 11 5
w 11 6
w 11 10
w 11 11
w 11 12
w 11 13
w 11 16
w 12 1
w 12 9
w 12 12
w 12 13
w 12 16
w 13 3
w 13 7
w 13 8
w 13 15
w 13 17
w 14 1
w 14 3
w 14 5
w 14 7
w 14 8
w 14 11
w 14 13
w 14 17
w 15 0
w 15 1
w 15 3
w 15 5
w 15 6
w 15 7
w 15 11
w 15 12
w 15 13
w 15 14
w 15 15
w 15 16
w 15 18
w 16 0
w 16 8
w 16 9
w 16 14
w 17 0
w 17 1
w 17 3
w 17 4
w 17 6
w 17 8
w 17 11
w 17 13
w 17 14
w 17 15
w 17 16
w 18 0
w 18 4
w 18 6
w 18 7
w 18 9
w 18 13
w 18 14
w 18 15
w 18 16
w 18 17
w 18 18
w 19 0
w 19 3
w 19 6
w 19 7
w 19 10
w 19 11
w 19 12
w 19 13
w 19 14
w 19 15
w 20 0
w 20 1
w 20 4
w 20 7
w 20 13
w 20 14
w 20 15
w 20 16
w 20 17
w 20 18
w 21 0
w 21 1
w 21 11
w 21 12
w 21 13
w 21 14
w 21 15
w 21 16
w 21 17
w 21 18
w 22 0
w 22 1
w 22 5
w 22 6
w 22 7
w 22 9
w 22 11
w 22 12
w 22 13
w 22 14
w 22 15
w 22 16
w 23 0
w 23 7
w 23 12
w 23 13
w 23 14
w 23 15
w 23 18
w 24 0
w 24 1
w 24 5
w 24 9
w 24 11
w 24 14
w 24 15
w 24 18
w 25 1
w 25 4
w 25 6
w 25 12
w 25 15
w 26 1
w 26 3
w 26 6
w 26 7
w 26 8
w 26 10
w 26 16
w 27 3
w 27 7
w 27 10
w 27 15
w 27 16
w 27 17
w 28 1
w 28 3
w 28 6
w 28 7
w 28 8
w 28 12
w 28 13
w 28 14
w 28 15
w 28 16
w 28 17
w 28 18
w 29 0
w 29 1
w 29 3
w 29 5
w 29 6
w 29 7
w 29 8
w 29 11
w 29 14
w 29 16
w 29 17
w 29 18
w 30 0
w 30 1
w 30 3
w 30 6
w 30 9
w 30 11
w 30 12
w 30 17
w 30 18
w 31 0
w 31 3
w 31 4
w 31 6
w 31 11
w 31 12
w 31 15
w 31 16
w 31 17
w 32 1
w 33 4
w 33 5
w 33 6
w 33 7
w 33 9
w 33 10
w 33 12
w 33 13
w 33 14
w 33 15
w 33 17
w 33 18
w 34 1
w 34 4
w 34 5
w 34 6
w 34 7
w 34 8
w 34 9
w 34 12
w 34 13
w 34 14
w 34 15
w 34 17
w 34 18
p 12 4
p 31 14
p 5 7
p 8 0
p 0 2
p 13 11
p 32 18
p 23 3
p 29 19
p 3 9
p 27 12
p 10 11
p 15 4
p 26 4
p 24 16
p 21 2
p 16 18
p 19 1
p 1 7
t 1400 0
m 0 18
0 33 0
1 33 0
2 33 0
t 1399 0
m 0 17
0 33 1
1 33 1
2 33 1
t 1398 0
m 0 16
0 33 2
1 33 2
2 33 2
t 1397 0
m 0 15
0 32 2
1 32 2
2 32 2
t 1396 0
m 0 14
0 31 2
1 31 2
2 31 2
t 1395 0
m 0 13
0 30 2
1 30 2
2 30 2
t 1394 0
m 0 12
0 29 2
1 29 2
2 29 2
t 1393 0
m 0 11
0 28 2
1 28 2
2 28 2
t 1392 0
m 0 10
0 27 2
1 27 2
2 27 2
t 1391 0
m 0 9
0 26 2
1 26 2
2 26 2
t 1390 0
m 0 8
0 25 2
1 25 2
2 25 2
f 16 3
t 1389 0
m 0 7
0 24 2
1 24 2
2 24 2
t 1388 0
m 1 7
0 23 2
1 23 2
2 23 2
t 1387 5
m 0 7
0 22 2
1 22 2
2 22 2
t 1386 5
m 0 6
0 21 2
1 21 2
2 21 2
t 1385 5
m 0 5
0 20 2
1 20 2
2 20 2
t 1384 5
m 0 4
0 19 2
1 19 2
2 19 2
t 1383 5
m 0 3
0 18 2
1 18 2
2 19 1
t 1382 5
m 0 2
0 18 3
1 17 2
2 19 2
t 1381 10
m 1 2
0 18 2
1 16 2
2 20 2
t 1380 10
m 2 2
0 17 2
1 15 2
2 19 2
t 1379 10
m 3 2
0 16 2
1 14 2
2 18 2
t 1378 10
m 4 2
0 15 2
1 13 2
2 17 2
t 1377 10
m 5 2
0 16 2
1 12 2
2 16 2
t 1376 10
m 6 2
0 15 2
1 11 2
2 15 2
t 1375 10
m 7 2
0 14 2
1 10 2
2 14 2
t 1374 10
m 8 2
0 15 2
1 9 2
2 13 2
t 1373 10
m 8 1
0 14 2
1 8 2
2 12 2
t 1372 10
m 8 0
0 13 2
1 8 1
2 12 3
t 1371 15
m 8 0
0 12 2
1 8 0
2 12 2
t 1370 15
