35
20
m 0 19
0 34 0
1 34 0
2 34 0
w 0 0
w 0 2
w 0 3
w 0 4
w 0 5
w 0 6
w 0 10
w 0 11
w 0 12
w 0 13
w 0 14
w 0 15
w 0 16
w 0 17
w 0 18
w 1 0
w 1 2
w 1 4
w 1 8
w 1 11
w 1 15
w 1 16
w 1 17
w 3 2
w 3 7
w 3 9
w 3 11
w 3 15
w 3 16
w 4 4
w 4 5
w 4 6
w 4 7
w 4 8
w 4 9
w 4 10
w 4 11
w 4 14
w 4 15
w 4 16
w 5 5
w 5 6
w 5 7
w 5 14
w 5 16
w 5 17
w 5 18
w 6 1
w 6 3
w 6 5
w 6 6
w 6 7
w 6 8
w 6 9
w 6 10
w 6 11
w 6 12
w 6 14
w 6 16
w 6 17
w 7 3
w 7 4
w 7 5
w 7 6
w 7 7
w 7 8
w 7 9
w 7 10
w 7 11
w 7 12
w 7 13
w 7 14
w 7 18
w 8 1
w 8 3
w 8 4
w 8 5
w 8 6
w 8 7
w 8 8
w 8 9
w 8 10
w 8 11
w 8 12
w 8 13
w 8 14
w 8 15
w 9 4
w 9 5
w 9 6
w 9 7
w 9 8
w 9 9
w 9 10
w 9 11
w 9 12
w 9 13
w 9 14
w 9 18
w 10 1
w 10 2
w 10 3
w 10 4
w 10 5
w 10 6
w 10 7
w 10 8
w 10 9
w 10 10
w 10 11
w 10 12
w 10 13
w 10 15
w 11 2
w 11 3
w 11 4
w 11 5
w 11 6
w 11 7
w 11 8
w 11 9
w 11 11
w 11 15
w 11 16
w 12 2
w 12 3
w 12 4
w 12 5
w 12 6
w 12 7
w 12 9
w 12 14
w 12 16
w 13 1
w 13 2
w 13 3
w 13 4
w 13 5
w 13 6
w 13 7
w 13 9
w 13 10
w 13 14
w 13 16
w 13 17
w 14 1
w 14 2
w 14 4
w 14 5
w 14 9
w 14 17
w 15 1
w 15 4
w 15 5
w 15 6
w 15 12
w 15 14
w 15 18
w 16 1
w 16 8
w 16 12
w 16 14
w 16 15
w 16 16
w 16 17
w 16 18
w 17 1
w 17 4
w 17 7
w 17 14
w 17 16
w 17 18
w 18 2
w 18 3
w 18 6
w 18 7
w 18 8
w 18 11
w 18 14
w 19 1
w 19 2
w 19 4
w 19 7
w 19 14
w 19 15
w 19 17
w 20 4
w 20 5
w 20 7
w 20 8
w 20 10
w 20 11
w 20 14
w 21 6
w 21 7
w 21 15
w 21 16
w 21 18
w 22 1
w 22 2
w 22 4
w 22 5
w 22 6
w 22 13
w 22 14
w 22 15
w 22 17
w 22 18
w 23 6
w 23 7
w 23 11
w 23 12
w 23 13
w 23 14
w 23 17
w 23 18
w 24 5
w 24 7
w 24 8
w 24 10
w 24 11
w 24 12
w 24 13
w 24 14
w 24 15
w 24 18
w 25 1
w 25 11
w 25 12
w 25 13
w 25 14
w 26 1
w 26 2
w 26 6
w 26 8
w 26 9
w 26 11
w 26 12
w 26 13
w 26 14
w 26 15
w 26 16
w 27 3
w 27 4
w 27 5
w 27 10
w 27 11
w 27 12
w 27 15
w 27 16
w 27 17
w 27 18
w 28 1
w 28 5
w 28 6
w 28 7
w 28 8
w 28 14
w 28 15
w 28 16
w 28 17
w 29 9
w 29 11
w 29 12
w 29 15
w 29 16
w 30 1
w 30 2
w 30 3
w 30 4
w 30 5
w 30 9
w 30 10
w 30 12
w 30 13
w 30 14
w 30 15
w 30 16
w 30 17
w 31 1
w 31 2
w 31 12
w 31 13
w 31 14
w 31 15
w 31 16
w 31 17
w 32 4
w 32 5
w 32 7
w 32 9
w 32 13
w 32 14
w 32 15
w 32 16
w 32 18
w 33 1
w 33 3
w 33 5
w 33 7
w 33 11
w 33 13
w 33 14
w 33 15
w 33 18
p 34 7
p 21 19
p 5 1
p 19 0
p 10 0
p 32 12
p 7 1
p 20 13
p 12 12
p 27 6
p 23 15
p 0 1
p 2 4
p 31 0
p 15 19
p 3 5
p 14 11
p 17 10
p 25 8
p 29 2
t 1400 0
m 1 19
0 34 1
1 34 1
2 33 0
t 1399 0
m 2 19
0 34 2
1 34 2
2 32 0
t 1398 0
m 3 19
0 34 3
1 34 3
2 31 0
f 19 9
t 1397 0
m 4 19
0 34 4
1 34 4
2 30 0
t 1396 0
m 5 19
0 34 5
1 34 5
2 29 0
t 1395 0
m 6 19
0 34 6
1 34 6
2 28 0
t 1394 0
m 7 19
0 34 7
1 34 7
2 27 0
t 1393 0
m 8 19
0 34 8
1 34 8
2 26 0
t 1392 0
m 9 19
0 33 8
1 33 8
2 25 0
t 1391 0
m 10 19
0 33 9
1 33 9
2 24 0
t 1390 0
m 11 19
0 33 10
1 33 10
2 23 0
t 1389 0
m 12 19
0 32 10
1 32 10
2 22 0
t 1388 0
m 13 19
0 32 11
1 32 11
2 21 0
t 1387 0
m 14 19
0 32 12
1 32 12
2 20 0
t 1386 0
m 15 19
0 33 12
1 33 12
2 19 0
t 1385 5
m 16 19
0 34 12
1 34 12
2 18 0
t 1384 5
m 17 19
0 34 13
1 34 13
2 17 0
t 1383 5
m 18 19
0 34 12
1 34 14
2 16 0
t 1382 5
m 19 19
0 34 13
1 34 15
2 15 0
t 1381 5
m 20 19
0 34 14
1 34 16
2 14 0
t 1380 5
m 21 19
0 34 15
1 34 17
2 13 0
t 1379 10
m 22 19
0 34 16
1 34 18
2 12 0
t 1378 10
m 23 19
0 34 17
1 34 19
2 11 0
t 1377 10
m 24 19
0 34 18
1 33 19
2 10 0
t 1376 10
m 25 19
0 34 19
1 34 19
2 9 0
t 1375 10
m 25 18
0 33 19
1 33 19
2 9 1
t 1374 10
m 25 17
0 32 19
1 32 19
2 9 2
t 1373 10
m 24 17
0 31 19
1 33 19
2 8 2
t 1372 10
m 24 16
0 30 19
1 32 19
2 7 2
t 1371 10
m 23 16
0 29 19
1 31 19
2 6 2
t 1370 10
m 23 15
0 28 19
1 30 19
2 5 2
t 1369 15
m 23 16
0 27 19
1 29 19
2 5 3
t 1368 15
m 24 16
0 26 19
1 28 19
2 4 3
t 1367 15
m 24 17
0 25 19
1 27 19
2 3 3
t 1366 15
m 24 17
0 25 18
1 26 19
2 3 4
t 1365 15
m 24 17
0 25 17
1 25 19
2 3 5
t 1364 15
m 24 17
0 24 17
1 25 18
2 3 6
t 1363 15
