35
20
m 0 19
0 34 0
1 34 0
2 34 0
w 0 0
w 0 1
w 0 2
w 0 3
w 0 4
w 0 5
w 0 6
w 0 7
w 0 8
w 0 9
w 0 10
w 0 11
w 0 12
w 0 13
w 0 14
w 1 0
w 1 1
w 1 2
w 1 3
w 1 4
w 1 5
w 1 6
w 1 7
w 1 8
w 1 9
w 1 10
w 1 11
w 1 12
w 1 13
w 1 14
w 1 15
w 1 16
w 1 18
w 1 19
w 2 1
w 2 4
w 2 5
w 2 6
w 2 7
w 2 8
w 2 9
w 2 10
w 2 11
w 2 12
w 2 13
w 2 14
w 2 15
w 2 16
w 3 2
w 3 4
w 3 5
w 3 6
w 3 7
w 3 8
w 3 12
w 3 13
w 3 14
w 3 15
w 3 16
w 4 2
w 4 5
w 4 6
w 4 7
w 4 8
w 4 9
w 4 12
w 4 13
w 4 14
w 4 15
w 4 16
w 4 17
w 5 2
w 5 6
w 5 7
w 5 8
w 5 12
w 5 13
w 5 14
w 5 15
w 5 16
w 5 17
w 5 19
w 6 1
w 6 6
w 6 7
w 6 11
w 6 15
w 7 9
w 7 10
w 7 11
w 7 12
w 7 14
w 7 15
w 7 16
w 7 17
w 8 4
w 8 5
w 8 6
w 8 11
w 8 19
w 9 6
w 9 9
w 9 10
w 9 11
w 9 16
w 9 18
w 9 19
w 10 1
w 10 2
w 10 11
w 10 13
w 10 18
w 10 19
w 11 2
w 11 3
w 11 4
w 11 10
w 11 11
w 11 13
w 11 15
w 11 17
w 11 18
w 11 19
w 12 5
w 12 7
w 12 11
w 12 12
w 12 13
w 12 15
w 12 17
w 12 18
w 12 19
w 13 1
w 13 2
w 13 3
w 13 6
w 13 10
w 13 11
w 13 16
w 13 17
w 13 18
w 13 19
w 14 5
w 14 6
w 14 7
w 14 11
w 14 13
w 14 14
w 14 16
w 14 17
w 14 18
w 14 19
w 15 3
w 15 5
w 15 7
w 15 13
w 15 14
w 15 15
w 15 16
w 15 17
w 15 18
w 15 19
w 16 1
w 16 5
w 16 9
w 16 13
w 16 14
w 16 15
w 16 16
w 16 17
w 16 18
w 16 19
w 17 1
w 17 2
w 17 3
w 17 4
w 17 5
w 17 7
w 17 10
w 17 11
w 17 12
w 17 13
w 17 15
w 17 16
w 17 17
w 17 18
w 17 19
w 18 1
w 18 6
w 18 9
w 18 10
w 18 11
w 18 12
w 18 13
w 18 18
w 18 19
w 19 2
w 19 4
w 19 9
w 19 10
w 19 11
w 19 12
w 19 13
w 19 14
w 19 19
w 20 3
w 20 4
w 20 6
w 20 14
w 20 17
w 20 19
w 21 1
w 21 4
w 21 5
w 21 6
w 21 7
w 21 9
w 21 11
w 21 13
w 21 16
w 21 17
w 21 19
w 22 3
w 22 4
w 22 5
w 22 6
w 22 7
w 22 12
w 22 13
w 22 15
w 22 18
w 22 19
w 23 2
w 23 4
w 23 9
w 23 11
w 23 12
w 23 18
w 23 19
w 24 6
w 24 7
w 24 15
w 24 16
w 24 18
w 24 19
w 25 2
w 25 3
w 25 6
w 25 7
w 25 10
w 25 11
w 25 14
w 25 15
w 25 16
w 25 17
w 25 18
w 25 19
w 26 1
w 26 2
w 26 6
w 26 9
w 26 10
w 26 11
w 26 12
w 26 13
w 26 14
w 26 15
w 26 16
w 26 17
w 26 18
w 26 19
w 27 7
w 27 12
w 27 13
w 27 14
w 27 15
w 27 16
w 27 17
w 27 18
w 27 19
w 28 3
w 28 6
w 28 7
w 28 11
w 28 12
w 28 13
w 28 14
w 28 15
w 28 16
w 28 17
w 28 18
w 28 19
w 29 1
w 29 2
w 29 3
w 29 5
w 29 6
w 29 7
w 29 12
w 29 13
w 29 14
w 29 15
w 29 16
w 29 17
w 29 18
w 29 19
w 30 3
w 30 5
w 30 13
w 30 14
w 30 15
w 30 16
w 30 17
w 30 18
w 30 19
w 31 1
w 31 3
w 31 6
w 31 9
w 31 13
w 31 14
w 31 15
w 31 16
w 31 17
w 31 18
w 31 19
w 32 2
w 32 5
w 32 6
w 32 12
w 32 13
w 32 14
w 32 15
w 32 16
w 32 17
w 32 18
w 32 19
w 33 1
w 33 6
w 33 7
w 33 9
w 33 10
w 33 12
w 33 13
w 33 14
w 33 15
w 33 16
w 33 17
w 33 18
w 33 19
w 34 11
w 34 12
w 34 13
w 34 14
w 34 15
w 34 16
w 34 17
w 34 18
w 34 19
p 12 4
p 22 8
p 4 0
p 28 1
p 25 12
p 6 4
p 24 0
p 10 10
p 32 10
p 14 3
p 0 15
p 30 9
p 20 9
p 18 15
p 9 1
p 16 4
p 7 8
t 1400 0
m 0 18
0 33 0
1 33 0
2 33 0
t 1399 0
m 0 17
0 32 0
1 32 0
2 32 0
t 1398 0
m 0 16
0 31 0
1 31 0
2 31 0
t 1397 0
m 0 15
0 30 0
1 30 0
2 30 0
t 1396 5
m 0 16
0 29 0
1 29 0
2 29 0
t 1395 5
m 0 17
0 28 0
1 28 0
2 28 0
t 1394 5
m 1 17
0 27 0
1 27 0
2 27 0
t 1393 5
m 2 17
0 26 0
1 26 0
2 26 0
t 1392 5
m 3 17
0 25 0
1 25 0
2 25 0
t 1391 5
m 3 18
0 24 0
1 24 0
2 24 0
t 1390 5
m 4 18
0 24 1
1 24 1
2 24 1
t 1389 5
m 5 18
0 24 2
1 24 2
2 24 2
t 1388 5
m 6 18
0 24 3
1 24 3
2 24 3
t 1387 5
m 7 18
0 24 4
1 24 4
2 24 4
f 33 8
t 1386 5
m 8 18
0 24 5
1 24 5
2 24 5
t 1385 5
m 8 17
0 23 5
1 23 5
2 23 5
t 1384 5
m 8 16
0 23 6
1 23 6
2 23 6
t 1383 5
m 8 15
0 23 7
1 23 7
2 23 7
t 1382 5
m 8 14
0 23 8
1 23 8
2 23 8
t 1381 5
m 9 14
0 22 8
1 22 8
2 22 8
t 1380 5
m 10 14
0 21 8
1 21 8
2 21 8
t 1379 5
m 11 14
0 20 8
1 20 8
2 20 8
t 1378 5
m 12 14
0 19 8
1 19 8
2 19 8
t 1377 5
m 13 14
0 18 8
1 18 8
2 18 8
t 1376 5
m 13 13
0 17 8
1 17 8
2 17 8
t 1375 5
m 13 12
0 16 8
1 17 9
2 16 8
t 1374 5
m 14 12
0 15 8
1 17 8
2 15 8
t 1373 5
m 15 12
0 14 8
1 16 8
2 14 8
t 1372 5
m 15 11
0 14 9
1 15 8
2 14 9
t 1371 5
m 15 11
0 14 10
1 15 9
2 15 9
t 1370 5
m 15 11
0 15 10
1 15 10
2 15 10
t 1369 5
m 15 11
0 15 11
1 15 11
2 15 11
t 1368 5
