35
20
m 0 19
0 34 0
1 34 0
2 34 0
w 0 2
w 0 3
w 0 4
w 0 5
w 0 6
w 0 7
w 0 8
w 0 9
w 0 10
w 0 11
w 0 12
w 0 13
w 0 15
w 0 16
w 1 2
w 1 3
w 1 4
w 1 5
w 1 6
w 1 7
w 1 8
w 1 9
w 1 10
w 1 11
w 1 12
w 1 13
w 1 19
w 2 2
w 2 3
w 2 4
w 2 6
w 2 7
w 2 9
w 2 10
w 2 11
w 2 12
w 2 13
w 2 14
w 2 16
w 2 18
w 2 19
w 3 1
w 3 2
w 3 7
w 3 9
w 3 10
w 3 11
w 3 12
w 3 13
w 3 14
w 3 15
w 3 19
w 4 1
w 4 2
w 4 3
w 4 4
w 4 5
w 4 7
w 4 11
w 4 12
w 4 13
w 4 14
w 4 17
w 5 1
w 5 2
w 5 3
w 5 4
w 5 5
w 5 9
w 5 12
w 5 13
w 5 14
w 5 16
w 5 17
w 5 18
w 5 19
w 6 3
w 6 4
w 6 7
w 6 8
w 6 9
w 6 10
w 6 11
w 6 12
w 6 13
w 6 14
w 6 18
w 6 19
w 7 9
w 7 10
w 7 11
w 7 12
w 7 13
w 7 16
w 8 2
w 8 3
w 8 6
w 8 7
w 8 12
w 8 13
w 8 19
w 9 2
w 9 4
w 9 6
w 9 9
w 9 10
w 9 12
w 9 16
w 10 2
w 10 9
w 10 13
w 11 2
w 11 3
w 11 7
w 11 9
w 11 10
w 11 11
w 11 12
w 11 14
w 11 15
w 11 16
w 12 2
w 12 4
w 12 6
w 12 10
w 12 19
w 13 9
w 13 10
w 13 11
w 13 15
w 13 16
w 13 17
w 13 18
w 14 1
w 14 2
w 14 4
w 14 5
w 14 6
w 14 13
w 14 14
w 14 15
w 15 2
w 15 3
w 15 4
w 15 5
w 15 6
w 15 7
w 15 10
w 15 12
w 15 15
w 15 16
w 15 18
w 16 1
w 16 2
w 16 3
w 16 4
w 16 6
w 16 7
w 16 9
w 16 10
w 16 11
w 16 12
w 16 13
w 16 16
w 17 1
w 17 2
w 17 3
w 17 4
w 17 6
w 17 7
w 17 12
w 17 14
w 18 6
w 18 11
w 18 19
w 19 1
w 19 9
w 19 10
w 19 11
w 19 12
w 19 13
w 19 14
w 19 15
w 19 18
w 20 1
w 20 2
w 20 3
w 20 5
w 20 7
w 20 11
w 21 1
w 21 5
w 21 6
w 21 9
w 21 12
w 21 13
w 21 15
w 21 16
w 21 17
w 21 19
w 22 1
w 22 2
w 22 4
w 22 5
w 22 6
w 22 13
w 22 15
w 22 16
w 22 17
w 22 18
w 22 19
w 23 2
w 23 4
w 23 9
w 23 10
w 23 11
w 23 15
w 23 16
w 23 17
w 23 18
w 23 19
w 24 3
w 24 4
w 24 6
w 24 12
w 24 13
w 24 14
w 24 15
w 24 16
w 24 17
w 24 18
w 24 19
w 25 4
w 25 5
w 25 6
w 25 7
w 25 10
w 25 11
w 25 12
w 25 13
w 25 14
w 25 15
w 25 16
w 25 17
w 25 18
w 25 19
w 26 3
w 26 4
w 26 5
w 26 6
w 26 9
w 26 10
w 26 11
w 26 12
w 26 13
w 26 14
w 26 15
w 26 16
w 26 17
w 26 18
w 26 19
w 27 2
w 27 3
w 27 4
w 27 5
w 27 11
w 27 12
w 27 13
w 27 14
w 27 15
w 27 16
w 27 17
w 27 18
w 27 19
w 28 1
w 28 2
w 28 3
w 28 4
w 28 5
w 28 7
w 28 11
w 28 12
w 28 13
w 28 14
w 28 15
w 28 16
w 28 17
w 28 18
w 28 19
w 29 2
w 29 3
w 29 4
w 29 5
w 29 7
w 29 13
w 29 14
w 29 15
w 29 16
w 29 17
w 29 18
w 29 19
w 30 1
w 30 2
w 30 3
w 30 4
w 30 5
w 30 6
w 30 7
w 30 9
w 30 12
w 30 13
w 30 14
w 30 15
w 30 16
w 30 17
w 30 18
w 30 19
w 31 1
w 31 3
w 31 4
w 31 5
w 31 6
w 31 13
w 31 14
w 31 15
w 31 16
w 31 17
w 31 18
w 31 19
w 32 1
w 32 6
w 32 7
w 32 9
w 32 11
w 32 13
w 32 14
w 32 15
w 32 16
w 32 17
w 32 18
w 32 19
w 33 2
w 33 10
w 33 11
w 33 13
w 33 14
w 33 15
w 33 16
w 33 17
w 33 18
w 33 19
w 34 11
w 34 14
w 34 15
w 34 16
w 34 17
w 34 18
w 34 19
p 10 11
p 3 4
p 9 3
p 0 0
p 13 7
p 15 8
p 30 10
p 33 3
p 12 3
p 20 10
p 24 2
p 5 10
p 27 6
p 18 15
p 17 11
p 22 3
p 7 14
t 1400 0
m 0 18
0 34 1
1 33 0
2 34 1
t 1399 0
m 0 17
0 34 2
1 32 0
2 34 2
t 1398 0
m 1 17
0 34 3
1 31 0
2 34 3
t 1397 0
m 2 17
0 34 4
1 30 0
2 34 4
t 1396 0
m 3 17
0 34 5
1 29 0
2 34 5
f 21 11
t 1395 0
m 3 16
0 34 6
1 28 0
2 34 6
t 1394 0
m 4 16
0 33 6
1 27 0
2 33 6
t 1393 0
m 4 15
0 33 7
1 26 0
2 33 7
t 1392 0
m 5 15
0 33 8
1 25 0
2 33 8
t 1391 0
m 6 15
0 32 8
1 24 0
2 32 8
t 1390 0
m 7 15
0 33 8
1 23 0
2 33 8
t 1389 0
m 7 14
0 32 8
1 22 0
2 32 8
t 1388 5
m 8 14
0 31 8
1 21 0
2 31 8
t 1387 5
m 9 14
0 30 8
1 20 0
2 30 8
t 1386 5
m 10 14
0 29 8
1 19 0
2 29 8
t 1385 5
m 10 15
0 28 8
1 18 0
2 28 8
t 1384 5
m 10 16
0 27 8
1 17 0
2 27 8
t 1383 5
m 10 17
0 26 8
1 16 0
2 26 8
t 1382 5
m 11 17
0 25 8
1 15 0
2 25 8
t 1381 5
m 12 17
0 24 8
1 14 0
2 25 9
t 1380 5
m 12 16
0 23 8
1 13 0
2 24 9
t 1379 5
m 12 15
0 22 8
1 13 1
2 24 8
t 1378 5
m 12 14
0 21 8
1 13 2
2 23 8
t 1377 5
m 12 13
0 21 7
1 13 3
2 22 8
t 1376 5
m 12 12
0 22 7
1 13 4
2 21 8
t 1375 5
m 13 12
0 21 7
1 13 5
2 20 8
t 1374 5
m 14 12
0 21 8
1 13 6
2 19 8
t 1373 5
m 14 11
0 20 8
1 13 5
2 18 8
t 1372 5
m 14 10
0 21 8
1 13 6
2 17 8
t 1371 5
m 14 9
0 20 8
1 13 7
2 16 8
t 1370 5
m 14 8
0 19 8
1 13 8
2 15 8
t 1369 5
m 15 8
0 18 8
1 14 8
2 14 8
t 1368 5
