35
20
m 0 19
0 34 0
1 34 0
2 34 0
w 0 0
w 0 1
w 0 2
w 0 3
w 0 4
w 0 5
w 0 6
w 0 7
w 0 8
w 0 9
w 0 10
w 0 15
w 0 18
w 1 0
w 1 1
w 1 2
w 1 3
w 1 4
w 1 5
w 1 6
w 1 7
w 1 8
w 1 9
w 1 10
w 1 11
w 1 12
w 1 13
w 2 0
w 2 1
w 2 2
w 2 3
w 2 4
w 2 5
w 2 6
w 2 7
w 2 8
w 2 9
w 2 10
w 2 11
w 2 12
w 2 14
w 2 15
w 2 18
w 2 19
w 3 0
w 3 1
w 3 2
w 3 3
w 3 4
w 3 5
w 3 6
w 3 7
w 3 8
w 3 9
w 3 10
w 3 11
w 3 12
w 3 15
w 4 0
w 4 1
w 4 2
w 4 3
w 4 4
w 4 5
w 4 6
w 4 7
w 4 8
w 4 9
w 4 10
w 4 11
w 4 12
w 4 13
w 4 19
w 5 0
w 5 1
w 5 2
w 5 3
w 5 4
w 5 5
w 5 6
w 5 7
w 5 8
w 5 9
w 5 10
w 5 11
w 5 12
w 5 13
w 5 14
w 5 16
w 5 17
w 5 18
w 5 19
w 6 0
w 6 1
w 6 2
w 6 4
w 6 5
w 6 6
w 6 7
w 6 8
w 6 9
w 6 10
w 6 11
w 6 12
w 6 18
w 6 19
w 7 0
w 7 1
w 7 4
w 7 5
w 7 6
w 7 7
w 7 8
w 7 9
w 7 10
w 7 11
w 7 13
w 7 18
w 7 19
w 8 0
w 8 1
w 8 2
w 8 5
w 8 6
w 8 7
w 8 8
w 8 9
w 8 10
w 8 18
w 8 19
w 9 0
w 9 1
w 9 2
w 9 6
w 9 7
w 9 11
w 9 14
w 9 15
w 9 18
w 9 19
w 10 0
w 10 1
w 10 2
w 10 5
w 10 13
w 10 14
w 10 15
w 10 19
w 11 0
w 11 1
w 11 2
w 11 6
w 11 8
w 11 10
w 11 12
w 11 13
w 11 15
w 11 16
w 11 19
w 12 0
w 12 1
w 12 9
w 12 10
w 12 13
w 12 15
w 12 16
w 12 19
w 13 0
w 13 2
w 13 3
w 13 8
w 13 9
w 13 10
w 13 16
w 13 17
w 13 18
w 13 19
w 14 0
w 14 4
w 14 5
w 14 7
w 14 9
w 14 13
w 14 16
w 14 17
w 14 18
w 14 19
w 15 0
w 15 4
w 15 5
w 15 6
w 15 12
w 15 13
w 15 14
w 15 17
w 15 19
w 16 0
w 16 3
w 16 4
w 16 5
w 16 6
w 16 8
w 16 9
w 16 10
w 16 12
w 16 13
w 16 14
w 16 16
w 17 4
w 17 6
w 17 8
w 17 10
w 17 11
w 17 12
w 17 13
w 17 14
w 18 10
w 18 14
w 18 15
w 18 16
w 18 17
w 18 18
w 18 19
w 19 1
w 19 2
w 19 3
w 19 5
w 19 7
w 19 12
w 19 13
w 19 14
w 19 15
w 19 16
w 19 17
w 19 18
w 19 19
w 20 2
w 20 5
w 20 13
w 20 14
w 20 15
w 20 16
w 20 17
w 20 18
w 20 19
w 21 1
w 21 5
w 21 7
w 21 10
w 21 11
w 21 13
w 21 15
w 21 16
w 21 17
w 21 18
w 21 19
w 22 1
w 22 3
w 22 4
w 22 5
w 22 7
w 22 10
w 22 15
w 22 16
w 22 17
w 22 18
w 22 19
w 23 1
w 23 4
w 23 5
w 23 7
w 23 9
w 23 10
w 23 11
w 23 12
w 23 13
w 23 14
w 23 15
w 23 16
w 23 17
w 23 18
w 23 19
w 24 3
w 24 10
w 24 11
w 24 12
w 24 13
w 24 14
w 24 15
w 24 16
w 24 17
w 24 18
w 24 19
w 25 4
w 25 6
w 25 9
w 25 11
w 25 12
w 25 13
w 25 14
w 25 15
w 25 16
w 25 17
w 25 18
w 25 19
w 26 1
w 26 2
w 26 4
w 26 6
w 26 7
w 26 11
w 26 12
w 26 13
w 26 14
w 26 15
w 26 16
w 26 17
w 26 18
w 26 19
w 27 5
w 27 6
w 27 7
w 27 9
w 27 14
w 27 15
w 27 16
w 27 17
w 27 18
w 27 19
w 28 6
w 28 7
w 28 9
w 28 10
w 28 12
w 28 18
w 28 19
w 29 1
w 29 2
w 29 3
w 29 4
w 29 10
w 29 15
w 29 16
w 29 18
w 29 19
w 30 6
w 30 7
w 30 10
w 30 11
w 30 12
w 30 13
w 30 17
w 30 18
w 30 19
w 31 1
w 31 3
w 31 5
w 31 6
w 31 7
w 31 9
w 31 11
w 31 12
w 31 13
w 31 14
w 32 1
w 32 3
w 32 4
w 32 11
w 32 13
w 32 17
w 32 18
w 33 2
w 33 3
w 33 4
w 33 5
w 33 9
w 33 14
w 33 15
w 34 9
w 34 11
w 34 13
w 34 14
w 34 15
w 34 16
w 34 18
p 13 14
p 17 17
p 24 4
p 30 8
p 32 8
p 10 4
p 21 9
p 33 19
p 3 19
p 8 3
p 19 9
p 12 2
p 27 0
p 28 15
p 0 11
p 15 15
t 1400 0
m 1 19
0 34 1
1 33 0
2 33 0
t 1399 0
m 1 18
0 34 2
1 32 0
2 32 0
t 1398 0
m 1 17
0 34 3
1 31 0
2 31 0
t 1397 0
m 2 17
0 34 4
1 30 0
2 30 0
t 1396 0
m 3 17
0 34 5
1 29 0
2 29 0
t 1395 0
m 3 18
0 34 6
1 28 0
2 28 0
t 1394 0
m 3 19
0 33 6
1 27 0
2 27 0
t 1393 6
m 3 18
0 32 6
1 26 0
2 26 0
t 1392 6
m 3 17
0 32 7
1 25 0
2 25 0
t 1391 6
m 2 17
0 32 8
1 24 0
2 24 0
t 1390 6
m 1 17
0 31 8
1 24 1
2 24 1
t 1389 6
m 1 16
0 30 8
1 24 2
2 24 2
t 1388 6
m 1 15
0 29 8
1 23 2
2 23 2
t 1387 6
m 1 14
0 28 8
1 22 2
2 22 2
t 1386 6
m 0 14
0 27 8
1 21 2
2 21 2
t 1385 6
m 0 13
0 26 8
1 21 3
2 21 3
f 20 4
t 1384 6
m 0 12
0 25 8
1 20 3
2 20 3
t 1383 6
m 0 11
0 24 8
1 20 4
2 20 4
t 1382 12
m 0 12
0 23 8
1 21 4
2 19 4
t 1381 12
m 0 13
0 22 8
1 21 3
2 18 4
t 1380 12
m 0 14
0 21 8
1 20 3
2 18 5
t 1379 12
m 1 14
0 20 8
1 20 4
2 18 6
t 1378 12
m 1 15
0 19 8
1 19 4
2 18 7
t 1377 12
m 1 16
0 18 8
1 18 4
2 17 7
t 1376 12
m 2 16
0 18 7
1 18 5
2 16 7
t 1375 12
m 3 16
0 17 7
1 18 6
2 15 7
t 1374 12
m 4 16
0 16 7
1 18 7
2 15 8
t 1373 12
m 4 15
0 15 7
1 17 7
2 15 9
t 1372 12
m 5 15
0 15 8
1 16 7
2 15 10
t 1371 12
m 6 15
0 15 9
1 15 7
2 15 11
t 1370 12
m 6 14
0 15 10
1 15 8
2 14 11
t 1369 12
m 7 14
0 14 10
1 15 9
2 13 11
t 1368 12
m 8 14
0 14 11
1 15 10
2 12 11
t 1367 12
m 8 13
0 13 11
1 14 10
2 11 11
t 1366 12
m 9 13
0 12 11
1 14 11
2 10 11
t 1365 12
m 9 13
0 11 11
1 13 11
2 10 12
t 1364 12
m 9 13
0 10 11
1 12 11
2 9 12
t 1363 12
m 9 13
0 10 12
1 11 11
2 9 13
t 1362 12
