35
20
m 0 19
0 34 0
1 34 0
2 34 0
w 0 2
w 0 3
w 0 4
w 0 6
w 0 7
w 0 8
w 0 9
w 0 10
w 0 11
w 0 12
w 0 13
w 0 14
w 0 15
w 1 0
w 1 7
w 1 8
w 1 9
w 1 10
w 1 11
w 1 12
w 1 13
w 1 14
w 1 15
w 1 19
w 2 0
w 2 2
w 2 5
w 2 6
w 2 7
w 2 8
w 2 9
w 2 10
w 2 11
w 2 12
w 2 13
w 2 14
w 2 15
w 2 16
w 2 19
w 3 0
w 3 1
w 3 2
w 3 3
w 3 7
w 3 8
w 3 9
w 3 10
w 3 11
w 3 12
w 3 13
w 3 14
w 3 15
w 3 16
w 3 18
w 4 0
w 4 1
w 4 2
w 4 3
w 4 4
w 4 8
w 4 9
w 4 10
w 4 11
w 4 12
w 4 13
w 4 14
w 5 0
w 5 1
w 5 2
w 5 3
w 5 8
w 5 9
w 5 10
w 5 11
w 5 12
w 5 13
w 5 14
w 5 15
w 5 17
w 5 19
w 6 0
w 6 1
w 6 2
w 6 3
w 6 5
w 6 7
w 6 8
w 6 11
w 6 12
w 6 13
w 6 14
w 6 15
w 6 18
w 7 0
w 7 1
w 7 2
w 7 5
w 7 10
w 7 11
w 7 12
w 7 15
w 7 18
w 8 0
w 8 1
w 8 2
w 8 3
w 8 4
w 8 7
w 8 8
w 8 9
w 8 10
w 8 11
w 8 15
w 8 17
w 9 0
w 9 1
w 9 2
w 9 3
w 9 4
w 9 7
w 9 8
w 9 9
w 9 10
w 9 11
w 9 12
w 9 15
w 9 19
w 10 0
w 10 1
w 10 2
w 10 3
w 10 4
w 10 6
w 10 7
w 10 9
w 10 10
w 10 11
w 10 12
w 10 14
w 10 15
w 10 17
w 11 0
w 11 1
w 11 2
w 11 3
w 11 7
w 11 11
w 11 14
w 11 15
w 11 16
w 12 0
w 12 1
w 12 2
w 12 3
w 12 4
w 12 8
w 12 11
w 12 13
w 12 14
w 12 15
w 12 16
w 12 17
w 12 18
w 13 0
w 13 1
w 13 2
w 13 3
w 13 7
w 13 8
w 13 10
w 13 11
w 13 14
w 13 15
w 13 16
w 13 17
w 14 1
w 14 2
w 14 3
w 14 8
w 14 10
w 14 15
w 14 17
w 14 19
w 16 6
w 16 14
w 16 19
w 17 1
w 17 3
w 17 7
w 17 11
w 17 13
w 17 15
w 17 16
w 18 2
w 18 7
w 18 10
w 18 15
w 18 16
w 18 17
w 19 3
w 19 4
w 19 5
w 19 6
w 19 9
w 19 10
w 19 11
w 19 13
w 19 15
w 19 16
w 19 17
w 19 19
w 20 1
w 20 2
w 20 3
w 20 4
w 20 5
w 20 10
w 20 11
w 20 12
w 20 13
w 20 15
w 20 16
w 20 19
w 21 1
w 21 6
w 21 7
w 21 9
w 21 10
w 21 11
w 21 12
w 21 15
w 21 16
w 21 17
w 21 19
w 22 3
w 22 7
w 22 10
w 22 11
w 22 12
w 22 13
w 22 15
w 22 16
w 23 3
w 23 4
w 23 6
w 23 7
w 23 10
w 23 11
w 23 12
w 23 13
w 23 14
w 24 2
w 24 7
w 24 9
w 24 10
w 24 11
w 24 12
w 24 13
w 24 14
w 24 15
w 24 17
w 24 19
w 25 3
w 25 4
w 25 6
w 25 7
w 25 10
w 25 11
w 25 12
w 25 13
w 25 14
w 25 15
w 25 16
w 26 2
w 26 3
w 26 6
w 26 8
w 26 15
w 26 16
w 26 17
w 26 19
w 27 1
w 27 3
w 27 4
w 27 5
w 27 9
w 27 14
w 27 15
w 27 16
w 27 17
w 28 3
w 28 5
w 28 6
w 28 11
w 28 12
w 28 15
w 28 16
w 28 17
w 28 19
w 29 1
w 29 7
w 29 8
w 29 9
w 29 10
w 29 11
w 29 12
w 29 13
w 29 14
w 29 15
w 29 16
w 29 19
w 30 4
w 30 5
w 30 6
w 30 7
w 30 8
w 30 9
w 30 12
w 30 13
w 30 14
w 30 15
w 30 16
w 30 17
w 30 19
w 31 3
w 31 7
w 31 9
w 31 11
w 31 12
w 31 13
w 31 14
w 31 15
w 33 1
w 33 3
w 33 4
w 33 5
w 33 6
w 33 7
w 33 8
w 33 9
w 33 11
w 33 12
w 33 14
w 33 16
w 33 17
w 33 18
w 34 1
w 34 4
w 34 5
w 34 6
w 34 7
w 34 8
w 34 11
w 34 12
w 34 13
w 34 14
w 34 15
w 34 16
w 34 17
w 34 18
w 34 19
p 3 4
p 0 0
p 15 4
p 17 10
p 29 0
p 19 0
p 11 6
p 8 13
p 25 5
p 31 6
p 32 13
p 21 5
p 13 12
p 27 6
p 6 6
p 23 5
p 16 4
t 1400 0
m 0 18
0 33 0
1 33 0
2 33 0
t 1399 0
m 0 17
0 32 0
1 34 0
2 32 0
t 1398 0
m 1 17
0 31 0
1 33 0
2 31 0
t 1397 0
m 2 17
0 30 0
1 32 0
2 30 0
f 21 3
t 1396 0
m 3 17
0 29 0
1 31 0
2 29 0
t 1395 0
m 4 17
0 28 0
1 30 0
2 28 0
t 1394 0
m 4 16
0 27 0
1 29 0
2 27 0
t 1393 0
m 5 16
0 26 0
1 28 0
2 26 0
t 1392 0
m 6 16
0 25 0
1 27 0
2 25 0
t 1391 0
m 7 16
0 24 0
1 26 0
2 24 0
t 1390 0
m 8 16
0 23 0
1 25 0
2 23 0
t 1389 0
m 9 16
0 22 0
1 24 0
2 22 0
t 1388 0
m 9 17
0 21 0
1 23 0
2 21 0
t 1387 0
m 9 18
0 20 0
1 22 0
2 20 0
t 1386 0
m 10 18
0 19 0
1 21 0
2 19 0
t 1385 0
m 11 18
0 18 0
1 20 0
2 18 0
t 1384 0
m 11 19
0 17 0
1 19 0
2 17 0
t 1383 0
m 12 19
0 16 0
1 18 0
2 16 0
t 1382 0
m 13 19
0 15 0
1 17 0
2 15 0
t 1381 0
m 13 18
0 15 1
1 16 0
2 15 1
t 1380 0
m 14 18
0 15 2
1 15 0
2 15 2
t 1379 0
m 15 18
0 15 3
1 15 1
2 15 3
t 1378 0
m 15 17
0 15 4
1 15 2
2 15 4
t 1377 0
m 15 16
0 15 5
1 15 3
2 15 3
t 1376 0
m 15 15
0 14 5
1 15 2
2 15 4
t 1375 0
m 15 14
0 14 6
1 15 3
2 15 5
t 1374 0
m 14 14
0 14 7
1 15 4
2 15 6
t 1373 0
m 14 13
0 14 6
1 15 5
2 15 7
t 1372 0
m 13 13
0 14 7
1 14 5
2 15 8
t 1371 0
m 13 12
0 15 7
1 14 6
2 15 9
t 1370 5
m 12 12
0 15 8
1 14 7
2 15 10
t 1369 5
m 11 12
0 15 9
1 15 7
2 15 11
t 1368 5
m 11 13
0 15 10
1 15 8
2 14 11
t 1367 5
m 10 13
0 15 11
1 15 9
2 14 12
t 1366 5
m 9 13
0 14 11
1 16 9
2 15 12
t 1365 5
m 8 13
0 14 12
1 15 9
2 14 12
t 1364 11
m 9 13
0 13 12
1 15 10
2 13 12
t 1363 11
m 10 13
0 12 12
1 15 11
2 12 12
t 1362 11
m 10 13
0 11 12
1 14 11
2 11 12
t 1361 11
m 10 13
0 11 13
1 14 12
2 11 13
t 1360 11
m 10 13
0 10 13
1 13 12
2 10 13
t 1359 11
