35
20
m 0 19
0 34 0
1 34 0
2 34 0
w 0 0
w 0 1
w 0 2
w 0 3
w 0 4
w 0 5
w 0 6
w 0 7
w 0 8
w 0 9
w 0 10
w 0 11
w 0 12
w 0 17
w 0 18
w 1 0
w 1 1
w 1 2
w 1 3
w 1 4
w 1 5
w 1 6
w 1 7
w 1 8
w 1 9
w 1 10
w 1 11
w 1 18
w 2 0
w 2 1
w 2 2
w 2 3
w 2 4
w 2 5
w 2 6
w 2 7
w 2 8
w 2 9
w 2 10
w 2 11
w 2 13
w 2 14
w 2 15
w 2 16
w 3 0
w 3 1
w 3 2
w 3 4
w 3 5
w 3 6
w 3 9
w 3 10
w 3 13
w 3 19
w 4 1
w 4 4
w 4 5
w 4 6
w 4 7
w 4 12
w 4 15
w 4 18
w 4 19
w 5 1
w 5 4
w 5 6
w 5 8
w 5 9
w 5 11
w 5 12
w 5 14
w 5 15
w 5 18
w 5 19
w 6 3
w 6 6
w 6 8
w 6 9
w 6 11
w 6 12
w 6 13
w 6 17
w 6 18
w 6 19
w 7 9
w 7 10
w 7 11
w 7 15
w 7 16
w 7 17
w 7 18
w 7 19
w 8 1
w 8 2
w 8 4
w 8 5
w 8 7
w 8 9
w 8 10
w 8 15
w 8 16
w 8 17
w 8 18
w 8 19
w 9 3
w 9 7
w 9 13
w 9 18
w 9 19
w 10 2
w 10 5
w 10 6
w 10 10
w 10 12
w 10 13
w 10 14
w 10 15
w 10 16
w 10 17
w 10 18
w 10 19
w 11 4
w 11 5
w 11 6
w 11 13
w 11 14
w 11 18
w 11 19
w 12 1
w 12 2
w 12 5
w 12 9
w 12 18
w 12 19
w 13 1
w 13 5
w 13 11
w 13 12
w 13 15
w 13 16
w 13 18
w 13 19
w 14 1
w 14 2
w 14 6
w 14 9
w 14 12
w 14 14
w 14 15
w 14 16
w 14 18
w 14 19
w 15 2
w 15 3
w 15 4
w 15 11
w 15 15
w 15 16
w 15 17
w 15 18
w 15 19
w 16 1
w 16 2
w 16 3
w 16 4
w 16 5
w 16 6
w 16 10
w 16 13
w 16 14
w 16 15
w 16 16
w 16 17
w 16 18
w 16 19
w 17 2
w 17 3
w 17 4
w 17 5
w 17 6
w 17 7
w 17 9
w 17 11
w 17 12
w 17 13
w 17 14
w 17 15
w 17 16
w 17 17
w 17 18
w 17 19
w 18 2
w 18 3
w 18 4
w 18 5
w 18 6
w 18 7
w 18 11
w 18 12
w 18 13
w 18 14
w 18 15
w 18 16
w 18 17
w 18 18
w 18 19
w 19 4
w 19 5
w 19 6
w 19 13
w 19 14
w 19 15
w 19 16
w 19 17
w 19 18
w 19 19
w 20 2
w 20 3
w 20 4
w 20 5
w 20 7
w 20 10
w 20 11
w 20 12
w 20 13
w 20 14
w 20 15
w 20 16
w 20 17
w 20 18
w 20 19
w 21 1
w 21 3
w 21 4
w 21 5
w 21 10
w 21 11
w 21 12
w 21 13
w 21 14
w 21 15
w 21 16
w 21 17
w 21 18
w 21 19
w 22 1
w 22 4
w 22 7
w 22 9
w 22 10
w 22 11
w 22 12
w 22 13
w 22 14
w 22 15
w 22 16
w 22 17
w 22 18
w 22 19
w 23 4
w 23 6
w 23 7
w 23 11
w 23 12
w 23 13
w 23 14
w 23 15
w 23 16
w 23 17
w 23 18
w 23 19
w 24 6
w 24 9
w 24 10
w 24 11
w 24 12
w 24 13
w 24 14
w 24 15
w 24 16
w 24 17
w 24 18
w 24 19
w 25 1
w 25 2
w 25 3
w 25 5
w 25 6
w 25 7
w 25 11
w 25 12
w 25 13
w 25 14
w 25 15
w 25 16
w 25 17
w 25 18
w 25 19
w 26 1
w 26 3
w 26 5
w 26 10
w 26 11
w 26 12
w 26 13
w 26 14
w 26 15
w 26 16
w 26 17
w 26 18
w 26 19
w 27 1
w 27 7
w 27 10
w 27 11
w 27 12
w 27 13
w 27 14
w 27 15
w 27 16
w 27 17
w 27 18
w 27 19
w 28 1
w 28 3
w 28 6
w 28 7
w 28 9
w 28 10
w 28 11
w 28 12
w 28 13
w 28 14
w 28 15
w 28 16
w 28 17
w 28 18
w 28 19
w 29 3
w 29 4
w 29 6
w 29 9
w 29 10
w 29 11
w 29 12
w 29 13
w 29 14
w 29 15
w 29 16
w 29 17
w 29 18
w 29 19
w 30 1
w 30 2
w 30 3
w 30 4
w 30 7
w 30 9
w 30 10
w 30 11
w 30 12
w 30 13
w 30 14
w 30 15
w 30 16
w 30 17
w 30 18
w 30 19
w 31 3
w 31 4
w 31 5
w 31 6
w 31 7
w 31 10
w 31 11
w 31 12
w 31 13
w 31 14
w 31 15
w 31 16
w 31 17
w 31 18
w 31 19
w 32 1
w 32 11
w 32 12
w 32 14
w 32 15
w 32 16
w 32 17
w 32 18
w 32 19
w 33 1
w 33 2
w 33 6
w 33 14
w 33 15
w 33 16
w 33 17
w 33 18
w 33 19
w 34 9
w 34 10
w 34 12
w 34 13
w 34 14
w 34 15
w 34 16
w 34 17
w 34 18
w 34 19
p 3 14
p 32 5
p 0 13
p 9 6
p 23 0
p 12 13
p 19 10
p 5 7
p 34 3
p 11 2
p 16 8
p 7 5
p 28 8
p 14 5
p 25 10
t 1400 0
m 1 19
0 33 0
1 33 0
2 33 0
t 1399 0
m 2 19
0 32 0
1 32 0
2 32 0
t 1398 0
m 2 18
0 31 0
1 31 0
2 31 0
t 1397 0
m 2 17
0 30 0
1 30 0
2 30 0
t 1396 0
m 3 17
0 29 0
1 29 0
2 29 0
t 1395 0
m 3 16
0 29 1
1 29 1
2 29 1
f 33 8
t 1394 0
m 3 15
0 29 2
1 29 2
2 29 2
t 1393 0
m 3 14
0 28 2
1 28 2
2 28 2
t 1392 6
m 3 15
0 27 2
1 27 2
2 27 2
t 1391 6
m 3 16
0 27 3
1 27 3
2 27 3
t 1390 6
m 3 17
0 27 4
1 27 4
2 27 4
t 1389 6
m 2 17
0 26 4
1 26 4
2 26 4
t 1388 6
m 1 17
0 25 4
1 25 4
2 25 4
t 1387 6
m 1 16
0 24 4
1 24 4
2 24 4
t 1386 6
m 0 16
0 24 5
1 24 5
2 24 5
t 1385 6
m 0 15
0 23 5
1 23 5
2 23 5
t 1384 6
m 0 14
0 22 5
1 22 5
2 22 5
t 1383 6
m 0 13
0 22 6
1 22 6
2 22 6
t 1382 13
m 1 13
0 21 6
1 21 6
2 21 6
t 1381 13
m 1 14
0 21 7
1 21 7
2 21 7
t 1380 13
m 1 15
0 21 8
1 21 8
2 21 8
t 1379 13
m 1 16
0 20 8
1 20 8
2 20 8
t 1378 13
m 1 17
0 19 8
1 19 8
2 19 8
t 1377 13
m 2 17
0 18 8
1 18 8
2 18 8
t 1376 13
m 3 17
0 17 8
1 17 8
2 17 8
t 1375 13
m 3 16
0 16 8
1 16 8
2 16 8
t 1374 13
m 4 16
0 15 8
1 15 8
2 15 8
t 1373 13
m 5 16
0 14 8
1 14 8
2 14 8
t 1372 13
m 6 16
0 13 8
1 13 8
2 13 8
t 1371 13
m 6 15
0 12 8
1 14 8
2 12 8
t 1370 13
m 6 14
0 11 8
1 13 8
2 11 8
t 1369 13
m 7 14
0 10 8
1 12 8
2 10 8
t 1368 13
m 7 13
0 9 8
1 11 8
2 9 8
t 1367 13
m 8 13
0 9 9
1 10 8
2 9 9
t 1366 13
m 8 12
0 9 10
1 9 8
2 9 10
t 1365 13
m 9 12
0 9 11
1 9 9
2 9 11
t 1364 13
m 9 12
0 9 12
1 9 10
2 9 12
t 1363 13
