35
20
m 0 19
0 34 0
1 34 0
2 34 0
w 0 0
w 0 1
w 0 2
w 0 3
w 0 4
w 0 5
w 0 6
w 0 7
w 0 8
w 0 9
w 0 10
w 0 11
w 0 12
w 0 13
w 0 14
w 0 15
w 0 18
w 1 0
w 1 1
w 1 2
w 1 3
w 1 4
w 1 5
w 1 6
w 1 7
w 1 8
w 1 9
w 1 10
w 1 11
w 1 12
w 1 13
w 1 14
w 1 15
w 1 18
w 2 0
w 2 1
w 2 2
w 2 3
w 2 4
w 2 5
w 2 6
w 2 7
w 2 8
w 2 9
w 2 10
w 2 11
w 2 12
w 2 13
w 2 14
w 3 0
w 3 1
w 3 2
w 3 3
w 3 4
w 3 5
w 3 6
w 3 7
w 3 8
w 3 9
w 3 10
w 3 11
w 3 12
w 3 13
w 3 14
w 3 16
w 3 18
w 3 19
w 4 0
w 4 1
w 4 2
w 4 3
w 4 4
w 4 5
w 4 6
w 4 7
w 4 8
w 4 9
w 4 10
w 4 11
w 4 12
w 4 13
w 4 14
w 4 16
w 4 18
w 5 0
w 5 1
w 5 2
w 5 3
w 5 4
w 5 5
w 5 6
w 5 7
w 5 8
w 5 9
w 5 10
w 5 11
w 5 13
w 5 14
w 5 16
w 5 17
w 6 0
w 6 1
w 6 2
w 6 3
w 6 4
w 6 5
w 6 6
w 6 7
w 6 8
w 6 9
w 6 10
w 6 14
w 7 0
w 7 1
w 7 2
w 7 3
w 7 4
w 7 5
w 7 6
w 7 7
w 7 8
w 7 9
w 7 10
w 7 16
w 7 18
w 7 19
w 8 0
w 8 1
w 8 2
w 8 3
w 8 4
w 8 5
w 8 6
w 8 7
w 8 8
w 8 9
w 8 10
w 8 11
w 8 12
w 8 14
w 9 0
w 9 1
w 9 2
w 9 3
w 9 4
w 9 5
w 9 6
w 9 7
w 9 8
w 9 9
w 9 10
w 9 11
w 9 12
w 9 13
w 9 14
w 9 15
w 9 16
w 9 18
w 9 19
w 10 0
w 10 1
w 10 2
w 10 3
w 10 4
w 10 5
w 10 6
w 10 7
w 10 9
w 10 10
w 10 11
w 10 12
w 10 13
w 10 16
w 11 0
w 11 1
w 11 2
w 11 4
w 11 6
w 11 9
w 11 10
w 11 11
w 11 12
w 11 16
w 11 17
w 11 19
w 12 0
w 12 1
w 12 2
w 12 6
w 12 9
w 12 10
w 12 11
w 12 12
w 12 17
w 13 0
w 13 1
w 13 6
w 13 10
w 13 11
w 13 12
w 13 13
w 13 14
w 13 17
w 14 0
w 14 1
w 14 2
w 14 3
w 14 4
w 14 8
w 14 12
w 14 13
w 14 16
w 15 0
w 15 1
w 15 2
w 15 3
w 15 4
w 15 5
w 15 8
w 15 12
w 15 15
w 15 16
w 15 17
w 15 19
w 16 0
w 16 1
w 16 2
w 16 6
w 16 8
w 16 9
w 16 10
w 16 12
w 16 13
w 17 0
w 17 1
w 17 2
w 17 3
w 17 4
w 17 10
w 17 11
w 17 12
w 17 17
w 17 19
w 18 0
w 18 3
w 18 4
w 18 6
w 18 9
w 18 10
w 18 11
w 18 13
w 18 16
w 18 17
w 18 18
w 18 19
w 19 0
w 19 1
w 19 4
w 19 8
w 19 9
w 19 10
w 19 11
w 19 13
w 19 14
w 19 16
w 19 17
w 19 18
w 19 19
w 20 0
w 20 1
w 20 3
w 20 4
w 20 7
w 20 8
w 20 9
w 20 10
w 20 11
w 20 17
w 20 18
w 20 19
w 21 9
w 21 11
w 21 13
w 21 14
w 21 15
w 21 16
w 21 17
w 21 18
w 21 19
w 22 3
w 22 4
w 22 6
w 22 8
w 22 9
w 22 11
w 22 13
w 22 14
w 22 15
w 22 16
w 22 17
w 22 18
w 22 19
w 23 4
w 23 5
w 23 6
w 23 15
w 23 16
w 23 17
w 23 18
w 23 19
w 24 3
w 24 4
w 24 8
w 24 9
w 24 11
w 24 12
w 24 13
w 24 14
w 24 15
w 24 16
w 24 17
w 24 18
w 24 19
w 25 2
w 25 3
w 25 4
w 25 8
w 25 11
w 25 12
w 25 13
w 25 14
w 25 15
w 25 16
w 25 17
w 25 18
w 25 19
w 26 6
w 26 9
w 26 10
w 26 14
w 26 15
w 26 16
w 26 17
w 26 18
w 26 19
w 27 2
w 27 4
w 27 12
w 27 13
w 27 14
w 27 15
w 27 16
w 27 17
w 27 18
w 27 19
w 28 2
w 28 5
w 28 6
w 28 9
w 28 10
w 28 12
w 28 13
w 28 14
w 28 15
w 28 16
w 28 17
w 28 18
w 28 19
w 29 2
w 29 5
w 29 8
w 29 10
w 29 12
w 29 13
w 29 14
w 29 15
w 29 16
w 29 17
w 29 18
w 29 19
w 30 1
w 30 2
w 30 4
w 30 8
w 30 12
w 30 13
w 30 14
w 30 15
w 30 16
w 30 17
w 30 18
w 30 19
w 31 1
w 31 6
w 31 8
w 31 9
w 31 10
w 31 11
w 31 12
w 31 13
w 31 14
w 31 15
w 31 16
w 31 17
w 31 18
w 31 19
w 32 1
w 32 2
w 32 4
w 32 9
w 32 10
w 32 12
w 32 13
w 32 14
w 32 15
w 32 16
w 32 17
w 32 18
w 32 19
w 33 2
w 33 4
w 33 8
w 33 15
w 33 16
w 33 17
w 33 18
w 33 19
w 34 10
w 34 12
w 34 13
w 34 15
w 34 16
w 34 17
w 34 18
w 34 19
p 6 12
p 27 8
p 21 1
p 10 8
p 0 16
p 33 0
p 14 10
p 23 3
p 34 9
p 30 3
p 18 8
p 16 14
p 25 7
p 12 14
t 1400 0
m 1 19
0 33 0
1 33 0
2 34 1
t 1399 0
m 2 19
0 32 0
1 32 0
2 34 2
t 1398 0
m 2 18
0 31 0
1 31 0
2 34 3
t 1397 0
m 2 17
0 30 0
1 30 0
2 33 3
t 1396 0
m 1 17
0 29 0
1 29 0
2 32 3
f 17 8
t 1395 0
m 0 17
0 28 0
1 28 0
2 31 3
t 1394 0
m 0 16
0 27 0
1 27 0
2 30 3
t 1393 7
m 1 16
0 26 0
1 26 0
2 29 3
t 1392 7
m 2 16
0 26 1
1 26 1
2 28 3
t 1391 7
m 2 15
0 26 2
1 26 2
2 27 3
t 1390 7
m 3 15
0 26 3
1 26 3
2 26 3
t 1389 7
m 4 15
0 26 4
1 26 4
2 26 4
t 1388 7
m 5 15
0 26 5
1 26 5
2 26 5
t 1387 7
m 6 15
0 25 5
1 25 5
2 25 5
t 1386 7
m 7 15
0 24 5
1 26 5
2 24 5
t 1385 7
m 8 15
0 24 6
1 25 5
2 24 6
t 1384 7
m 8 16
0 24 7
1 24 5
2 24 7
t 1383 7
m 8 17
0 23 7
1 24 6
2 23 7
t 1382 7
m 7 17
0 23 8
1 24 7
2 23 8
t 1381 7
m 6 17
0 23 9
1 23 7
2 23 9
t 1380 7
m 6 16
0 23 10
1 23 8
2 23 10
t 1379 7
m 6 15
0 23 11
1 23 9
2 23 11
t 1378 7
m 7 15
0 23 12
1 23 10
2 23 12
t 1377 7
m 7 14
0 22 12
1 23 11
2 22 12
t 1376 7
m 7 13
0 21 12
1 23 12
2 21 12
t 1375 7
m 6 13
0 20 12
1 22 12
2 20 12
t 1374 7
m 6 12
0 20 13
1 21 12
2 20 13
t 1373 14
m 6 13
0 20 14
1 20 12
2 20 14
t 1372 14
m 7 13
0 20 15
1 20 13
2 20 15
t 1371 14
m 7 14
0 19 15
1 20 14
2 19 15
t 1370 14
m 7 15
0 18 15
1 20 15
2 18 15
t 1369 14
m 8 15
0 17 15
1 19 15
2 17 15
t 1368 14
m 8 16
0 16 15
1 18 15
2 16 15
t 1367 14
m 8 17
0 16 16
1 17 15
2 16 16
t 1366 14
m 9 17
0 16 15
1 16 15
2 16 17
t 1365 14
m 10 17
0 16 16
1 16 16
2 16 18
t 1364 14
m 10 18
0 16 17
1 16 17
2 17 18
t 1363 14
m 11 18
0 16 18
1 16 18
2 16 18
t 1362 14
m 11 18
0 15 18
1 15 18
2 15 18
t 1361 14
m 11 18
0 14 18
1 14 18
2 16 18
t 1360 14
m 11 18
0 13 18
1 13 18
2 15 18
t 1359 14
m 11 18
0 12 18
1 12 18
2 14 18
t 1358 14
m 11 18
0 11 18
1 11 18
2 13 18
t 1357 14
