35
20
m 0 19
0 34 0
1 34 0
2 34 0
w 1 1
w 1 2
w 1 4
w 1 6
w 1 7
w 1 8
w 1 9
w 1 10
w 1 11
w 1 15
w 1 17
w 2 4
w 2 6
w 2 7
w 2 8
w 2 9
w 2 10
w 2 11
w 2 14
w 2 16
w 2 17
w 2 18
w 3 1
w 3 2
w 3 3
w 3 4
w 3 5
w 3 9
w 3 10
w 3 11
w 3 12
w 3 13
w 3 16
w 3 17
w 4 3
w 4 4
w 4 6
w 4 7
w 4 10
w 4 11
w 4 12
w 4 14
w 4 16
w 4 17
w 4 18
w 5 3
w 5 4
w 5 7
w 5 11
w 5 14
w 6 1
w 6 2
w 6 3
w 6 4
w 6 5
w 6 14
w 6 16
w 6 17
w 6 18
w 7 2
w 7 3
w 7 4
w 7 5
w 7 6
w 7 7
w 7 8
w 7 12
w 7 13
w 7 14
w 7 15
w 7 16
w 7 17
w 7 18
w 8 2
w 8 3
w 8 4
w 8 5
w 8 6
w 8 7
w 8 9
w 8 10
w 8 12
w 8 13
w 8 14
w 8 15
w 8 16
w 8 18
w 9 1
w 9 2
w 9 3
w 9 4
w 9 5
w 9 6
w 9 15
w 10 2
w 10 3
w 10 4
w 10 5
w 10 6
w 10 7
w 10 10
w 10 12
w 10 14
w 10 15
w 10 16
w 11 2
w 11 3
w 11 4
w 11 5
w 11 6
w 11 7
w 11 9
w 11 14
w 11 15
w 11 16
w 11 17
w 11 18
w 12 3
w 12 9
w 12 10
w 12 11
w 12 14
w 12 15
w 12 16
w 12 18
w 13 4
w 13 9
w 13 10
w 13 11
w 13 12
w 13 14
w 13 15
w 13 16
w 13 18
w 14 1
w 14 2
w 14 3
w 14 6
w 14 7
w 14 8
w 14 9
w 14 10
w 14 13
w 14 14
w 14 15
w 15 1
w 15 2
w 15 3
w 15 6
w 15 7
w 15 12
w 15 13
w 15 14
w 15 15
w 15 17
w 16 2
w 16 3
w 16 5
w 16 9
w 16 10
w 16 11
w 16 12
w 16 13
w 16 14
w 16 15
w 16 17
w 16 18
w 17 3
w 17 8
w 17 9
w 17 10
w 17 11
w 17 12
w 17 13
w 17 14
w 17 15
w 17 16
w 17 17
w 17 18
w 18 5
w 18 6
w 18 8
w 18 9
w 18 10
w 18 11
w 18 12
w 18 13
w 18 14
w 18 15
w 18 16
w 18 17
w 18 18
w 19 3
w 19 9
w 19 10
w 19 11
w 19 12
w 19 13
w 19 14
w 19 15
w 19 16
w 19 17
w 19 18
w 20 3
w 20 4
w 20 5
w 20 6
w 20 8
w 20 9
w 20 10
w 20 11
w 20 12
w 20 13
w 20 14
w 20 15
w 20 16
w 20 17
w 20 18
w 21 2
w 21 3
w 21 4
w 21 8
w 21 9
w 21 10
w 21 11
w 21 15
w 21 16
w 21 17
w 21 18
w 22 2
w 22 3
w 22 4
w 22 5
w 22 6
w 22 7
w 22 8
w 22 9
w 22 10
w 22 11
w 23 2
w 23 3
w 23 4
w 23 5
w 23 6
w 23 7
w 23 8
w 23 9
w 23 10
w 23 11
w 23 12
w 23 15
w 23 17
w 23 18
w 24 1
w 24 2
w 24 5
w 24 6
w 24 7
w 24 8
w 24 9
w 24 10
w 24 11
w 24 14
w 24 16
w 24 17
w 24 18
w 25 1
w 25 3
w 25 5
w 25 6
w 25 7
w 25 8
w 25 9
w 25 10
w 25 11
w 25 13
w 25 17
w 25 18
w 26 1
w 26 5
w 26 6
w 26 7
w 26 8
w 26 9
w 26 10
w 26 13
w 26 14
w 26 15
w 27 1
w 27 5
w 27 6
w 27 7
w 27 8
w 27 9
w 27 10
w 27 11
w 27 12
w 27 13
w 27 14
w 27 15
w 27 16
w 27 17
w 27 18
w 28 1
w 28 4
w 28 5
w 28 6
w 28 7
w 28 8
w 28 9
w 28 10
w 28 11
w 28 12
w 28 13
w 28 14
w 28 15
w 28 16
w 28 17
w 28 18
w 29 5
w 29 6
w 29 7
w 29 8
w 29 9
w 29 10
w 29 11
w 29 12
w 29 13
w 29 14
w 29 15
w 29 16
w 29 17
w 29 18
w 30 2
w 30 4
w 30 5
w 30 6
w 30 7
w 30 8
w 30 9
w 30 10
w 30 11
w 30 12
w 30 13
w 30 14
w 30 15
w 30 16
w 30 17
w 30 18
w 31 1
w 31 2
w 31 4
w 31 5
w 31 6
w 31 7
w 31 10
w 31 11
w 31 13
w 31 14
w 31 15
w 31 16
w 31 17
w 33 3
w 33 4
w 33 5
w 33 11
w 33 12
w 33 14
w 33 16
w 33 17
w 33 19
w 34 1
w 34 2
w 34 3
w 34 4
w 34 5
w 34 6
w 34 7
w 34 9
w 34 12
w 34 14
w 34 16
w 34 19
p 3 8
p 15 11
p 25 19
p 0 0
p 13 7
p 11 13
p 23 0
p 7 0
p 18 0
p 29 0
p 33 6
p 20 19
p 9 14
p 32 3
p 5 9
p 1 3
t 1400 0
m 0 18
0 33 0
1 33 0
2 33 0
t 1399 0
m 0 17
0 32 0
1 32 0
2 32 0
f 20 0
t 1398 0
m 0 16
0 31 0
1 31 0
2 31 0
t 1397 0
m 0 15
0 30 0
1 30 0
2 30 0
t 1396 0
m 0 14
0 29 0
1 29 0
2 29 0
t 1395 0
m 0 13
0 28 0
1 28 0
2 28 0
t 1394 0
m 0 12
0 27 0
1 27 0
2 27 0
t 1393 0
m 0 11
0 26 0
1 26 0
2 26 0
t 1392 0
m 0 10
0 25 0
1 25 0
2 25 0
t 1391 0
m 0 9
0 24 0
1 24 0
2 24 0
t 1390 0
m 0 8
0 23 0
1 23 0
2 23 0
t 1389 0
m 0 7
0 22 0
1 22 0
2 22 0
t 1388 0
m 0 6
0 21 0
1 21 0
2 21 0
t 1387 0
m 0 5
0 20 0
1 20 0
2 20 0
t 1386 0
m 0 4
0 19 0
1 19 0
2 19 0
t 1385 0
m 0 3
0 18 0
1 18 0
2 18 0
t 1384 0
m 1 3
0 17 0
1 17 0
2 17 0
t 1383 6
m 0 3
0 16 0
1 16 0
2 16 0
t 1382 6
m 0 2
0 15 0
1 15 0
2 15 0
t 1381 6
m 0 1
0 14 0
1 14 0
2 14 0
t 1380 6
m 0 0
0 13 0
1 13 0
2 13 0
t 1379 12
m 1 0
0 12 0
1 12 0
2 12 0
t 1378 12
m 2 0
0 11 0
1 11 0
2 11 0
t 1377 12
m 3 0
0 10 0
1 10 0
2 10 0
t 1376 12
m 4 0
0 10 1
1 9 0
2 9 0
t 1375 12
m 5 0
0 10 0
1 8 0
2 8 0
t 1374 12
m 6 0
0 9 0
1 7 0
2 7 0
t 1373 12
m 7 0
0 10 0
1 6 0
2 6 0
t 1372 12
