35
20
m 0 19
0 34 0
1 34 0
2 34 0
w 0 0
w 0 1
w 0 2
w 0 3
w 0 4
w 0 5
w 0 6
w 0 7
w 0 8
w 0 9
w 0 12
w 0 15
w 1 0
w 1 1
w 1 2
w 1 3
w 1 4
w 1 5
w 1 6
w 1 7
w 1 8
w 1 9
w 1 10
w 1 16
w 1 17
w 2 0
w 2 1
w 2 2
w 2 3
w 2 4
w 2 5
w 2 6
w 2 7
w 2 8
w 2 9
w 2 10
w 2 11
w 2 13
w 2 14
w 2 18
w 3 0
w 3 1
w 3 2
w 3 3
w 3 4
w 3 5
w 3 6
w 3 7
w 3 8
w 3 9
w 3 10
w 3 13
w 3 14
w 3 15
w 3 18
w 4 0
w 4 1
w 4 2
w 4 3
w 4 4
w 4 5
w 4 6
w 4 7
w 4 8
w 4 9
w 4 10
w 4 11
w 4 12
w 4 13
w 4 14
w 4 15
w 4 16
w 4 18
w 5 0
w 5 1
w 5 2
w 5 3
w 5 4
w 5 5
w 5 6
w 5 7
w 5 8
w 5 9
w 5 10
w 5 11
w 5 12
w 5 13
w 5 14
w 5 15
w 5 16
w 6 0
w 6 3
w 6 4
w 6 5
w 6 6
w 6 7
w 6 8
w 6 9
w 6 10
w 6 11
w 6 12
w 6 13
w 6 14
w 6 15
w 6 19
w 7 0
w 7 1
w 7 4
w 7 5
w 7 6
w 7 7
w 7 8
w 7 9
w 7 10
w 7 11
w 7 12
w 7 13
w 7 14
w 7 15
w 8 0
w 8 5
w 8 6
w 8 7
w 8 8
w 8 9
w 8 10
w 8 11
w 8 12
w 8 13
w 8 14
w 8 15
w 8 16
w 8 17
w 8 19
w 9 2
w 9 4
w 9 5
w 9 6
w 9 7
w 9 8
w 9 9
w 9 10
w 9 11
w 9 12
w 9 13
w 9 14
w 9 15
w 9 16
w 9 17
w 10 0
w 10 1
w 10 5
w 10 6
w 10 7
w 10 8
w 10 9
w 10 10
w 10 11
w 10 12
w 10 13
w 10 14
w 10 15
w 10 16
w 10 17
w 11 0
w 11 1
w 11 3
w 11 5
w 11 6
w 11 7
w 11 8
w 11 9
w 11 10
w 11 11
w 11 12
w 11 13
w 11 14
w 11 15
w 11 17
w 11 18
w 12 0
w 12 1
w 12 3
w 12 5
w 12 6
w 12 7
w 12 8
w 12 9
w 12 10
w 12 11
w 12 12
w 12 13
w 12 14
w 12 15
w 13 0
w 13 1
w 13 3
w 13 5
w 13 6
w 13 7
w 13 8
w 13 9
w 13 10
w 13 11
w 13 12
w 13 13
w 13 14
w 13 15
w 14 8
w 14 9
w 14 15
w 14 16
w 14 18
w 14 19
w 15 2
w 15 16
w 15 18
w 15 19
w 16 0
w 16 1
w 16 3
w 16 8
w 16 10
w 16 19
w 17 0
w 17 3
w 17 5
w 17 6
w 17 8
w 17 10
w 17 12
w 17 17
w 17 18
w 17 19
w 18 2
w 18 5
w 18 6
w 18 7
w 18 9
w 18 10
w 18 11
w 18 12
w 18 13
w 18 14
w 18 16
w 18 17
w 18 18
w 18 19
w 19 5
w 19 6
w 19 10
w 19 14
w 19 16
w 19 18
w 19 19
w 20 0
w 20 1
w 20 2
w 20 3
w 20 5
w 20 6
w 20 8
w 20 12
w 20 14
w 20 16
w 20 18
w 20 19
w 21 2
w 21 5
w 21 6
w 21 11
w 21 13
w 21 14
w 21 18
w 21 19
w 22 2
w 22 3
w 22 6
w 22 11
w 22 17
w 22 18
w 22 19
w 23 1
w 23 2
w 23 3
w 23 6
w 23 7
w 23 8
w 23 12
w 23 16
w 23 17
w 23 18
w 23 19
w 24 2
w 24 3
w 24 5
w 24 8
w 24 11
w 24 16
w 24 17
w 24 18
w 24 19
w 25 5
w 25 6
w 25 10
w 25 11
w 25 13
w 25 17
w 25 18
w 25 19
w 26 1
w 26 5
w 26 9
w 26 10
w 26 16
w 26 17
w 26 19
w 27 1
w 27 3
w 27 5
w 27 10
w 27 12
w 27 13
w 27 19
w 28 0
w 28 1
w 28 2
w 28 3
w 28 10
w 28 11
w 28 12
w 28 13
w 28 14
w 28 18
w 28 19
w 29 0
w 29 1
w 29 5
w 29 6
w 29 7
w 29 8
w 29 9
w 29 12
w 29 13
w 29 14
w 29 16
w 29 17
w 29 18
w 29 19
w 30 3
w 30 5
w 30 10
w 30 13
w 31 2
w 31 3
w 31 7
w 31 8
w 31 9
w 31 12
w 31 13
w 31 14
w 31 16
w 31 19
w 32 2
w 32 3
w 32 5
w 32 6
w 32 9
w 32 12
w 32 13
w 32 18
w 32 19
w 33 0
w 33 16
w 33 17
w 33 18
w 33 19
w 34 2
w 34 4
w 34 5
w 34 6
w 34 7
w 34 12
w 34 17
w 34 18
w 34 19
p 12 4
p 30 14
p 0 10
p 25 3
p 8 1
p 32 8
p 15 17
p 26 15
p 21 12
p 23 9
p 28 9
p 19 12
p 3 12
p 17 11
p 33 14
p 14 11
t 1400 0
m 1 19
0 34 1
1 34 1
2 34 1
t 1399 0
m 2 19
0 33 1
1 33 1
2 33 1
t 1398 0
m 3 19
0 33 2
1 33 2
2 33 2
t 1397 0
m 4 19
0 33 3
1 33 3
2 33 3
t 1396 0
m 5 19
0 33 4
1 33 4
2 33 4
t 1395 0
m 5 18
0 33 5
1 33 5
2 33 5
t 1394 0
m 5 17
0 33 6
1 33 6
2 33 6
t 1393 0
m 4 17
0 33 7
1 33 7
2 33 7
t 1392 0
m 3 17
0 33 8
1 33 8
2 33 8
t 1391 0
m 3 16
0 33 9
1 33 9
2 33 9
t 1390 0
m 2 16
0 33 10
1 33 10
2 33 10
t 1389 0
m 2 15
0 33 11
1 33 11
2 33 11
t 1388 0
m 1 15
0 33 12
1 33 12
2 33 12
t 1387 0
m 1 14
0 33 13
1 33 13
2 33 13
t 1386 0
m 1 13
0 33 14
1 33 14
2 33 14
t 1385 0
m 1 12
0 32 14
1 32 14
2 32 14
t 1384 0
m 2 12
0 32 15
1 32 15
2 32 15
f 19 9
t 1383 0
m 3 12
0 31 15
1 31 15
2 31 15
t 1382 6
m 2 12
0 30 15
1 30 15
2 30 15
t 1381 6
m 1 12
0 29 15
1 29 15
2 29 15
t 1380 6
m 1 11
0 28 15
1 28 15
2 28 15
t 1379 6
m 0 11
0 27 15
1 27 15
2 27 15
t 1378 6
m 0 10
0 26 15
1 26 15
2 26 15
t 1377 12
m 0 11
0 25 15
1 25 15
2 25 15
t 1376 12
m 1 11
0 24 15
1 24 15
2 24 15
t 1375 12
m 1 12
0 23 15
1 23 15
2 23 15
t 1374 12
m 1 13
0 22 15
1 22 15
2 22 15
t 1373 12
m 1 14
0 21 15
1 21 15
2 21 15
t 1372 12
m 1 15
0 20 15
1 20 15
2 20 15
t 1371 12
m 2 15
0 19 15
1 19 15
2 19 15
t 1370 12
m 2 16
0 18 15
1 18 15
2 18 15
t 1369 12
m 3 16
0 17 15
1 17 15
2 17 15
t 1368 12
m 3 17
0 16 15
1 16 15
2 16 15
t 1367 12
m 4 17
0 16 16
1 16 16
2 16 16
t 1366 12
m 5 17
0 16 17
1 16 17
2 16 15
t 1365 12
m 6 17
0 15 17
1 15 17
2 16 16
t 1364 12
m 7 17
0 14 17
1 14 17
2 16 17
t 1363 12
m 7 18
0 13 17
1 15 17
2 15 17
t 1362 12
m 8 18
0 12 17
1 14 17
2 14 17
t 1361 12
m 9 18
0 12 18
1 13 17
2 13 17
t 1360 12
m 9 18
0 12 19
1 12 17
2 12 17
t 1359 12
m 9 18
0 11 19
1 12 18
2 12 18
t 1358 12
m 9 18
0 10 19
1 12 19
2 12 19
t 1357 12
m 9 18
0 9 19
1 11 19
2 11 19
t 1356 12
m 9 18
0 9 18
1 10 19
2 10 19
t 1355 12
