35
20
m 0 19
0 34 0
1 34 0
2 34 0
w 0 0
w 0 1
w 0 2
w 0 3
w 0 4
w 0 5
w 0 6
w 0 7
w 0 8
w 0 9
w 0 10
w 0 11
w 0 13
w 0 14
w 0 15
w 0 16
w 0 17
w 0 18
w 1 0
w 1 1
w 1 2
w 1 3
w 1 4
w 1 5
w 1 6
w 1 7
w 1 8
w 1 9
w 1 10
w 1 11
w 1 14
w 1 15
w 1 16
w 1 17
w 2 0
w 2 1
w 2 2
w 2 3
w 2 4
w 2 5
w 2 6
w 2 7
w 2 8
w 2 9
w 2 13
w 2 14
w 2 15
w 2 16
w 2 19
w 3 0
w 3 1
w 3 2
w 3 3
w 3 4
w 3 5
w 3 6
w 3 7
w 3 8
w 3 9
w 3 10
w 3 15
w 3 16
w 4 0
w 4 1
w 4 2
w 4 3
w 4 4
w 4 5
w 4 6
w 4 7
w 4 8
w 4 9
w 4 10
w 4 18
w 5 0
w 5 1
w 5 2
w 5 3
w 5 4
w 5 5
w 5 6
w 5 7
w 5 8
w 5 9
w 5 10
w 5 11
w 5 12
w 5 13
w 6 0
w 6 1
w 6 2
w 6 3
w 6 4
w 6 5
w 6 6
w 6 7
w 6 8
w 6 9
w 6 10
w 6 11
w 6 12
w 6 13
w 6 14
w 6 15
w 6 18
w 6 19
w 7 0
w 7 1
w 7 2
w 7 3
w 7 4
w 7 5
w 7 6
w 7 7
w 7 8
w 7 9
w 7 10
w 7 11
w 7 12
w 7 13
w 7 14
w 7 15
w 7 16
w 7 19
w 8 0
w 8 1
w 8 2
w 8 3
w 8 4
w 8 5
w 8 6
w 8 7
w 8 8
w 8 9
w 8 10
w 8 11
w 8 12
w 8 13
w 8 14
w 8 15
w 8 16
w 9 0
w 9 1
w 9 2
w 9 3
w 9 4
w 9 5
w 9 6
w 9 7
w 9 8
w 9 9
w 9 10
w 9 11
w 9 12
w 9 13
w 9 14
w 9 15
w 9 16
w 9 18
w 10 0
w 10 1
w 10 2
w 10 3
w 10 4
w 10 5
w 10 6
w 10 8
w 10 9
w 10 10
w 10 11
w 10 12
w 10 13
w 10 14
w 10 15
w 11 0
w 11 1
w 11 2
w 11 3
w 11 4
w 11 5
w 11 6
w 11 10
w 11 11
w 11 12
w 11 13
w 11 14
w 11 15
w 11 17
w 11 18
w 11 19
w 12 0
w 12 1
w 12 2
w 12 3
w 12 4
w 12 5
w 12 6
w 12 8
w 12 10
w 12 11
w 12 12
w 12 13
w 12 15
w 12 18
w 13 0
w 13 1
w 13 2
w 13 3
w 13 4
w 13 5
w 13 8
w 13 9
w 13 10
w 13 12
w 13 16
w 14 0
w 14 1
w 14 2
w 14 3
w 14 4
w 14 8
w 14 19
w 15 0
w 15 1
w 15 2
w 15 14
w 15 15
w 15 18
w 15 19
w 16 0
w 16 1
w 16 2
w 16 3
w 16 8
w 16 9
w 16 10
w 16 11
w 16 13
w 16 14
w 16 15
w 16 19
w 17 0
w 17 1
w 17 2
w 17 6
w 17 8
w 17 9
w 17 13
w 17 14
w 17 15
w 17 16
w 17 18
w 17 19
w 18 0
w 18 1
w 18 4
w 18 7
w 18 9
w 18 11
w 18 15
w 18 16
w 18 17
w 18 18
w 18 19
w 19 0
w 19 1
w 19 2
w 19 4
w 19 7
w 19 9
w 19 14
w 19 15
w 19 16
w 19 17
w 19 18
w 19 19
w 20 0
w 20 1
w 20 7
w 20 9
w 20 10
w 20 11
w 20 13
w 20 14
w 20 15
w 20 16
w 20 17
w 20 18
w 20 19
w 21 0
w 21 1
w 21 3
w 21 7
w 21 9
w 21 10
w 21 13
w 21 16
w 21 17
w 22 0
w 22 2
w 22 3
w 22 6
w 22 10
w 23 0
w 23 2
w 23 3
w 23 4
w 23 9
w 23 10
w 23 15
w 23 16
w 23 17
w 23 18
w 24 0
w 24 6
w 24 11
w 24 14
w 24 15
w 25 0
w 25 1
w 25 2
w 25 4
w 25 6
w 25 9
w 25 10
w 25 15
w 25 19
w 26 0
w 26 1
w 26 2
w 26 3
w 26 6
w 26 7
w 26 8
w 26 10
w 26 11
w 26 14
w 26 16
w 26 17
w 26 19
w 27 0
w 27 1
w 27 2
w 27 3
w 27 6
w 27 7
w 27 8
w 27 11
w 27 13
w 27 14
w 28 0
w 28 1
w 28 2
w 28 3
w 28 4
w 28 6
w 28 7
w 28 8
w 28 9
w 28 13
w 28 14
w 28 15
w 28 16
w 28 17
w 29 0
w 29 1
w 29 2
w 29 3
w 29 4
w 29 6
w 29 7
w 29 8
w 29 9
w 29 10
w 29 13
w 29 15
w 29 16
w 29 19
w 30 0
w 30 1
w 30 2
w 30 3
w 30 4
w 30 7
w 30 8
w 30 9
w 30 10
w 30 13
w 30 15
w 30 16
w 30 17
w 30 19
w 31 0
w 31 1
w 31 2
w 31 3
w 31 4
w 31 8
w 31 13
w 31 16
w 31 17
w 31 18
w 31 19
w 32 1
w 32 2
w 32 3
w 32 4
w 32 8
w 32 10
w 32 11
w 32 16
w 32 17
w 32 18
w 32 19
w 33 1
w 33 2
w 33 3
w 33 4
w 33 6
w 33 8
w 33 10
w 33 13
w 33 15
w 33 16
w 33 17
w 33 18
w 33 19
w 34 13
w 34 14
w 34 15
w 34 16
w 34 17
w 34 18
w 34 19
p 27 5
p 21 19
p 10 7
p 0 12
p 24 19
p 34 9
p 15 6
p 29 18
p 4 14
p 17 5
p 32 9
p 13 15
p 23 8
p 19 11
t 1400 0
m 1 19
0 34 1
1 34 1
2 33 0
t 1399 0
m 1 18
0 34 2
1 34 2
2 34 0
t 1398 0
m 2 18
0 34 3
1 34 3
2 34 1
t 1397 0
m 2 17
0 34 4
1 34 4
2 34 2
t 1396 0
m 3 17
0 34 5
1 34 5
2 34 3
t 1395 0
m 4 17
0 34 6
1 34 6
2 34 4
t 1394 0
m 4 16
0 34 7
1 34 7
2 34 5
t 1393 0
m 4 15
0 34 8
1 34 8
2 34 6
f 21 11
t 1392 0
m 4 14
0 34 9
1 34 9
2 34 7
t 1391 7
m 3 14
0 33 9
1 33 9
2 34 8
t 1390 7
m 3 13
0 32 9
1 32 9
2 34 9
t 1389 7
m 3 12
0 31 9
1 31 9
2 33 9
t 1388 7
m 2 12
0 31 10
1 32 9
2 32 9
t 1387 7
m 1 12
0 31 11
1 31 9
2 31 9
t 1386 7
m 0 12
0 30 11
1 31 10
2 31 10
t 1385 14
m 1 12
0 29 11
1 31 11
2 31 11
t 1384 14
m 2 12
0 28 11
1 30 11
2 30 11
t 1383 14
m 3 12
0 28 12
1 29 11
2 29 11
t 1382 14
m 4 12
0 27 12
1 28 11
2 28 11
t 1381 14
m 4 13
0 26 12
1 28 12
2 28 12
t 1380 14
m 4 14
0 25 12
1 27 12
2 29 12
t 1379 14
m 5 14
0 24 12
1 26 12
2 28 12
t 1378 14
m 5 15
0 23 12
1 25 12
2 29 12
t 1377 14
m 5 16
0 22 12
1 24 12
2 28 12
t 1376 14
m 6 16
0 21 12
1 23 12
2 27 12
t 1375 14
m 6 17
0 21 11
1 22 12
2 26 12
t 1374 14
m 7 17
0 22 11
1 21 12
2 25 12
t 1373 14
m 8 17
0 21 11
1 20 12
2 24 12
t 1372 14
m 9 17
0 21 12
1 19 12
2 23 12
t 1371 14
m 10 17
0 20 12
1 18 12
2 22 12
t 1370 14
m 10 16
0 19 12
1 17 12
2 21 12
t 1369 14
m 11 16
0 18 12
1 16 12
2 20 12
t 1368 14
m 12 16
0 17 12
1 15 12
2 19 12
t 1367 14
m 12 17
0 16 12
1 14 12
2 18 12
t 1366 14
m 13 17
0 15 12
1 14 13
2 17 12
t 1365 14
m 14 17
0 14 12
1 13 13
2 16 12
t 1364 14
m 14 16
0 14 13
1 13 14
2 15 12
t 1363 14
m 14 15
0 14 14
1 13 15
2 14 12
t 1362 14
m 13 15
0 14 13
1 14 15
2 14 13
t 1361 14
