35
20
m 0 19
0 34 0
1 34 0
2 34 0
w 0 0
w 0 1
w 0 2
w 0 3
w 0 4
w 0 5
w 0 6
w 0 7
w 0 8
w 0 9
w 0 10
w 0 11
w 0 12
w 0 13
w 0 14
w 0 15
w 0 16
w 1 0
w 1 1
w 1 2
w 1 3
w 1 4
w 1 5
w 1 6
w 1 7
w 1 8
w 1 9
w 1 10
w 1 11
w 1 12
w 1 13
w 1 14
w 1 15
w 1 16
w 1 18
w 1 19
w 2 0
w 2 1
w 2 2
w 2 3
w 2 4
w 2 5
w 2 6
w 2 7
w 2 8
w 2 9
w 2 10
w 2 11
w 2 12
w 2 13
w 2 14
w 2 15
w 2 16
w 2 19
w 3 0
w 3 1
w 3 2
w 3 3
w 3 4
w 3 5
w 3 6
w 3 7
w 3 8
w 3 9
w 3 10
w 3 11
w 3 12
w 3 13
w 3 14
w 3 15
w 3 16
w 3 18
w 4 0
w 4 1
w 4 2
w 4 3
w 4 4
w 4 5
w 4 6
w 4 7
w 4 8
w 4 9
w 4 10
w 4 11
w 4 12
w 4 13
w 4 14
w 4 15
w 4 16
w 5 0
w 5 1
w 5 2
w 5 3
w 5 4
w 5 5
w 5 7
w 5 8
w 5 9
w 5 10
w 5 11
w 5 12
w 5 13
w 5 14
w 5 15
w 5 17
w 5 19
w 6 0
w 6 1
w 6 2
w 6 3
w 6 4
w 6 5
w 6 8
w 6 9
w 6 10
w 6 11
w 6 12
w 6 13
w 6 19
w 7 0
w 7 1
w 7 2
w 7 3
w 7 4
w 7 10
w 7 12
w 7 17
w 8 0
w 8 1
w 8 2
w 8 3
w 8 4
w 8 5
w 8 6
w 8 7
w 8 8
w 8 12
w 8 13
w 8 15
w 8 17
w 9 0
w 9 1
w 9 2
w 9 4
w 9 10
w 9 11
w 9 14
w 9 17
w 9 18
w 10 0
w 10 4
w 10 6
w 10 7
w 10 10
w 10 13
w 10 14
w 10 15
w 10 18
w 11 0
w 11 2
w 11 7
w 11 12
w 11 14
w 11 15
w 11 16
w 11 18
w 12 0
w 12 1
w 12 2
w 12 4
w 12 5
w 12 7
w 12 15
w 12 16
w 13 1
w 13 2
w 13 3
w 13 8
w 13 10
w 13 11
w 13 13
w 13 17
w 14 2
w 14 3
w 14 6
w 14 7
w 14 8
w 14 12
w 14 15
w 14 16
w 15 0
w 15 3
w 15 5
w 15 6
w 15 7
w 15 8
w 15 9
w 15 10
w 15 12
w 15 13
w 15 15
w 15 16
w 16 2
w 16 6
w 16 7
w 16 8
w 16 9
w 16 10
w 16 11
w 16 12
w 16 15
w 16 18
w 16 19
w 17 2
w 17 6
w 17 7
w 17 8
w 17 9
w 17 10
w 17 15
w 18 1
w 18 6
w 18 7
w 18 8
w 18 9
w 18 10
w 18 12
w 18 14
w 18 15
w 18 19
w 19 3
w 19 4
w 19 6
w 19 7
w 19 8
w 19 9
w 19 10
w 19 12
w 19 13
w 19 14
w 19 15
w 19 16
w 19 19
w 20 4
w 20 5
w 20 6
w 20 7
w 20 8
w 20 9
w 20 10
w 20 13
w 20 14
w 20 15
w 20 16
w 20 18
w 20 19
w 21 1
w 21 3
w 21 4
w 21 5
w 21 6
w 21 7
w 21 8
w 21 9
w 21 10
w 21 12
w 21 13
w 21 14
w 21 15
w 21 16
w 21 18
w 21 19
w 22 2
w 22 3
w 22 4
w 22 5
w 22 6
w 22 7
w 22 8
w 22 9
w 22 10
w 22 11
w 22 12
w 22 14
w 22 19
w 23 0
w 23 3
w 23 5
w 23 6
w 23 7
w 23 9
w 23 10
w 23 11
w 23 14
w 23 15
w 23 17
w 23 18
w 23 19
w 24 17
w 24 18
w 24 19
w 25 1
w 25 3
w 25 6
w 25 9
w 25 12
w 25 14
w 25 17
w 25 18
w 25 19
w 26 2
w 26 3
w 26 4
w 26 5
w 26 6
w 26 11
w 26 12
w 26 13
w 26 19
w 27 1
w 27 2
w 27 3
w 27 4
w 27 5
w 27 6
w 27 8
w 27 11
w 27 12
w 27 13
w 27 14
w 27 17
w 27 19
w 28 1
w 28 2
w 28 3
w 28 4
w 28 8
w 28 9
w 28 10
w 28 11
w 28 12
w 28 13
w 28 14
w 29 2
w 29 3
w 29 4
w 29 5
w 29 8
w 29 9
w 29 10
w 29 11
w 29 12
w 29 13
w 29 17
w 29 18
w 30 1
w 30 2
w 30 3
w 30 4
w 30 5
w 30 6
w 30 8
w 30 11
w 30 14
w 30 17
w 31 1
w 31 2
w 31 3
w 31 4
w 31 5
w 31 7
w 31 9
w 31 16
w 32 2
w 32 3
w 32 4
w 32 5
w 32 7
w 32 16
w 32 19
w 33 2
w 33 7
w 33 9
w 33 10
w 33 13
w 33 18
w 33 19
w 34 19
p 29 14
p 20 11
p 33 1
p 23 16
p 12 13
p 31 13
p 34 9
p 9 5
p 27 0
p 10 19
p 18 2
p 7 5
p 25 4
p 16 4
p 14 5
p 0 17
t 1400 0
m 0 18
0 33 0
1 33 0
2 33 0
t 1399 0
m 0 17
0 32 0
1 32 0
2 32 0
t 1398 6
m 1 17
0 31 0
1 31 0
2 31 0
t 1397 6
m 2 17
0 30 0
1 30 0
2 30 0
t 1396 6
m 3 17
0 29 0
1 29 0
2 29 0
t 1395 6
m 4 17
0 28 0
1 28 0
2 28 0
t 1394 6
m 4 18
0 27 0
1 27 0
2 27 0
t 1393 6
m 5 18
0 26 0
1 26 0
2 26 0
t 1392 6
m 6 18
0 25 0
1 25 0
2 25 0
t 1391 6
m 7 18
0 24 0
1 24 0
2 24 0
t 1390 6
m 7 19
0 24 1
1 24 1
2 24 1
t 1389 6
m 8 19
0 24 2
1 24 2
2 24 2
t 1388 6
m 9 19
0 24 3
1 24 3
2 24 3
t 1387 6
m 10 19
0 24 4
1 24 4
2 24 4
t 1386 12
m 11 19
0 24 5
1 24 5
2 24 5
t 1385 12
m 12 19
0 24 6
1 24 6
2 24 6
t 1384 12
m 12 18
0 24 7
1 24 7
2 24 7
f 24 4
t 1383 12
m 13 18
0 24 8
1 24 8
2 24 8
t 1382 12
m 14 18
0 24 9
1 24 9
2 24 9
t 1381 12
m 14 17
0 24 10
1 24 10
2 24 10
t 1380 12
m 15 17
0 24 11
1 24 11
2 24 11
t 1379 12
m 16 17
0 24 12
1 24 12
2 24 12
t 1378 12
m 17 17
0 24 13
1 24 13
2 24 13
t 1377 12
m 18 17
0 24 14
1 24 14
2 24 14
t 1376 12
m 19 17
0 24 15
1 24 15
2 24 15
t 1375 12
m 20 17
0 24 16
1 24 16
2 24 16
t 1374 12
m 21 17
0 23 16
1 23 16
2 23 16
t 1373 12
m 22 17
0 24 16
1 22 16
2 22 16
t 1372 12
m 22 17
0 23 16
1 22 17
2 22 17
t 1371 12
