35
20
m 0 19
0 34 0
1 34 0
2 34 0
w 0 0
w 0 1
w 0 2
w 0 3
w 0 4
w 0 5
w 0 6
w 0 7
w 0 8
w 0 10
w 0 11
w 0 12
w 0 13
w 0 14
w 0 15
w 0 16
w 1 0
w 1 1
w 1 2
w 1 4
w 1 5
w 1 6
w 1 7
w 1 10
w 1 11
w 1 12
w 1 13
w 1 14
w 1 15
w 2 0
w 2 4
w 2 5
w 2 6
w 2 7
w 2 8
w 2 11
w 2 12
w 2 13
w 2 14
w 2 15
w 2 16
w 3 6
w 3 7
w 3 9
w 3 12
w 3 13
w 3 14
w 3 15
w 3 16
w 3 19
w 4 1
w 4 6
w 4 7
w 4 11
w 4 12
w 4 13
w 4 14
w 4 15
w 4 16
w 4 19
w 5 0
w 5 1
w 5 5
w 5 12
w 5 14
w 5 15
w 5 16
w 6 4
w 6 9
w 6 15
w 7 4
w 7 6
w 7 7
w 7 8
w 7 9
w 7 10
w 7 11
w 7 12
w 7 13
w 7 15
w 7 18
w 7 19
w 8 1
w 8 3
w 8 4
w 8 5
w 8 6
w 8 9
w 8 10
w 8 12
w 8 13
w 8 17
w 9 0
w 9 3
w 9 8
w 9 9
w 9 10
w 9 12
w 9 15
w 10 0
w 10 1
w 10 5
w 10 6
w 10 8
w 10 9
w 10 13
w 10 14
w 10 18
w 10 19
w 11 0
w 11 1
w 11 3
w 11 7
w 11 9
w 11 11
w 11 15
w 11 17
w 11 18
w 11 19
w 12 0
w 12 1
w 12 2
w 12 5
w 12 11
w 12 12
w 12 13
w 12 14
w 12 15
w 12 18
w 13 0
w 13 1
w 13 5
w 13 7
w 13 9
w 13 11
w 13 12
w 13 13
w 13 18
w 14 0
w 14 1
w 14 2
w 14 3
w 14 6
w 14 7
w 14 10
w 15 0
w 15 1
w 15 4
w 15 5
w 15 6
w 15 9
w 15 10
w 15 12
w 15 13
w 15 15
w 15 16
w 15 18
w 15 19
w 16 12
w 16 16
w 16 17
w 16 18
w 16 19
w 17 1
w 17 2
w 17 3
w 17 4
w 17 7
w 17 8
w 17 9
w 17 12
w 17 15
w 17 16
w 17 17
w 17 18
w 17 19
w 18 2
w 18 3
w 18 4
w 18 5
w 18 9
w 18 10
w 18 16
w 18 17
w 18 18
w 18 19
w 19 2
w 19 3
w 19 4
w 19 5
w 19 9
w 19 13
w 19 16
w 19 17
w 19 18
w 19 19
w 20 3
w 20 4
w 20 5
w 20 6
w 20 9
w 20 13
w 20 15
w 20 16
w 20 17
w 20 18
w 20 19
w 21 1
w 21 2
w 21 3
w 21 4
w 21 5
w 21 6
w 21 7
w 21 8
w 21 9
w 21 12
w 21 14
w 21 15
w 21 16
w 21 17
w 21 18
w 21 19
w 22 4
w 22 5
w 22 6
w 22 7
w 22 8
w 22 10
w 22 15
w 22 16
w 22 17
w 22 18
w 22 19
w 23 1
w 23 2
w 23 4
w 23 5
w 23 6
w 23 7
w 23 8
w 23 12
w 23 16
w 23 17
w 23 18
w 23 19
w 24 2
w 24 4
w 24 5
w 24 7
w 24 12
w 24 13
w 24 14
w 24 15
w 24 16
w 24 17
w 24 18
w 24 19
w 25 1
w 25 3
w 25 4
w 25 5
w 25 9
w 25 10
w 25 12
w 25 13
w 25 14
w 25 15
w 25 16
w 25 17
w 25 18
w 25 19
w 26 3
w 26 4
w 26 7
w 26 8
w 26 12
w 26 13
w 26 14
w 26 15
w 26 16
w 26 17
w 26 18
w 26 19
w 27 4
w 27 5
w 27 8
w 27 10
w 27 13
w 27 14
w 27 15
w 27 16
w 27 17
w 27 18
w 27 19
w 28 1
w 28 4
w 28 5
w 28 6
w 28 12
w 28 13
w 28 15
w 28 16
w 28 17
w 28 18
w 28 19
w 29 1
w 29 2
w 29 5
w 29 8
w 29 17
w 29 18
w 29 19
w 30 2
w 30 3
w 30 4
w 30 5
w 30 6
w 30 8
w 30 10
w 30 14
w 30 15
w 30 16
w 30 17
w 30 18
w 30 19
w 31 1
w 31 7
w 31 8
w 31 9
w 31 10
w 31 12
w 31 13
w 31 14
w 31 15
w 31 16
w 31 17
w 31 18
w 31 19
w 32 2
w 32 3
w 32 8
w 32 9
w 32 12
w 32 13
w 32 14
w 32 15
w 32 16
w 32 17
w 32 18
w 32 19
w 33 1
w 33 6
w 33 9
w 33 10
w 33 13
w 33 14
w 33 15
w 33 16
w 33 17
w 33 18
w 33 19
w 34 12
w 34 13
w 34 14
w 34 15
w 34 16
w 34 17
w 34 18
w 34 19
p 8 8
p 34 4
p 15 17
p 0 9
p 12 3
p 27 7
p 13 19
p 32 0
p 6 10
p 19 12
p 5 3
p 17 11
p 3 2
p 22 9
p 29 11
p 24 11
p 10 2
t 1400 0
m 0 18
0 34 1
1 33 0
2 33 0
t 1399 0
m 0 17
0 34 0
1 32 0
2 32 0
t 1398 0
m 1 17
0 33 0
1 31 0
2 31 0
t 1397 0
m 2 17
0 32 0
1 30 0
2 30 0
t 1396 0
m 3 17
0 31 0
1 29 0
2 29 0
t 1395 0
m 4 17
0 30 0
1 28 0
2 28 0
t 1394 0
m 5 17
0 29 0
1 27 0
2 27 0
t 1393 0
m 6 17
0 28 0
1 26 0
2 26 0
t 1392 0
m 6 16
0 27 0
1 25 0
2 25 0
t 1391 0
m 7 16
0 26 0
1 24 0
2 24 0
t 1390 0
m 8 16
0 27 0
1 23 0
2 23 0
t 1389 0
m 8 15
0 26 0
1 22 0
2 22 0
t 1388 0
m 8 14
0 25 0
1 21 0
2 21 0
t 1387 0
m 7 14
0 24 0
1 20 0
2 20 0
t 1386 0
m 6 14
0 23 0
1 19 0
2 19 0
f 30 9
t 1385 0
m 6 13
0 22 0
1 18 0
2 18 0
t 1384 0
m 6 12
0 21 0
1 17 0
2 17 0
t 1383 0
m 6 11
0 20 0
1 16 0
2 16 0
t 1382 0
m 6 10
0 19 0
1 16 1
2 16 1
t 1381 5
m 5 10
0 18 0
1 16 2
2 16 2
t 1380 5
m 4 10
0 17 0
1 16 3
2 16 3
t 1379 5
m 3 10
0 16 0
1 16 4
2 16 4
t 1378 5
m 2 10
0 16 1
1 16 5
2 16 5
t 1377 5
m 2 9
0 16 2
1 16 6
2 16 6
t 1376 5
m 1 9
0 16 1
1 16 7
2 16 7
t 1375 5
m 0 9
0 16 0
1 16 8
2 16 8
t 1374 11
m 1 9
0 16 1
1 16 9
2 16 9
t 1373 11
m 2 9
0 16 2
1 16 10
2 16 10
t 1372 11
m 2 10
0 16 3
1 16 11
2 16 11
t 1371 11
m 3 10
0 16 4
1 15 11
2 15 11
t 1370 11
m 4 10
0 16 5
1 14 11
2 14 11
t 1369 11
m 5 10
0 16 6
1 14 12
2 14 12
t 1368 11
m 6 10
0 16 7
1 14 13
2 14 13
t 1367 11
m 6 11
0 16 8
1 14 14
2 14 14
t 1366 11
m 6 12
0 16 9
1 13 14
2 13 14
t 1365 11
m 6 13
0 16 10
1 13 15
2 13 15
t 1364 11
m 6 14
0 16 11
1 13 16
2 14 15
t 1363 11
m 7 14
0 15 11
1 12 16
2 14 14
t 1362 11
m 8 14
0 16 11
1 11 16
2 13 14
t 1361 11
m 8 15
0 15 11
1 10 16
2 13 15
t 1360 11
m 8 15
0 14 11
1 9 16
2 14 15
t 1359 11
m 8 15
0 14 12
1 8 16
2 13 15
t 1358 11
m 8 15
0 14 13
1 8 15
2 13 16
t 1357 11
