35
20
m 0 19
0 34 0
1 34 0
2 34 0
w 0 0
w 0 1
w 0 2
w 0 3
w 0 4
w 0 5
w 0 6
w 0 7
w 0 8
w 0 9
w 0 10
w 0 11
w 1 0
w 1 1
w 1 2
w 1 3
w 1 4
w 1 5
w 1 6
w 1 7
w 1 8
w 1 9
w 1 10
w 1 11
w 1 12
w 1 14
w 1 16
w 1 17
w 2 0
w 2 1
w 2 2
w 2 3
w 2 4
w 2 5
w 2 6
w 2 7
w 2 8
w 2 9
w 2 11
w 2 12
w 2 13
w 2 14
w 2 15
w 2 16
w 2 17
w 2 18
w 3 1
w 3 2
w 3 3
w 3 4
w 3 5
w 3 6
w 3 7
w 3 8
w 3 9
w 3 13
w 3 16
w 3 17
w 3 18
w 4 3
w 4 4
w 4 5
w 4 6
w 4 7
w 4 8
w 4 17
w 4 18
w 5 0
w 5 2
w 5 4
w 5 5
w 5 6
w 5 7
w 5 10
w 5 11
w 5 12
w 5 13
w 5 14
w 6 0
w 6 4
w 6 5
w 6 6
w 6 7
w 6 8
w 6 9
w 6 10
w 6 12
w 7 0
w 7 2
w 7 3
w 7 4
w 7 5
w 7 6
w 7 7
w 7 10
w 7 12
w 7 14
w 7 15
w 7 16
w 7 17
w 7 19
w 8 0
w 8 2
w 8 3
w 8 4
w 8 5
w 8 9
w 8 17
w 9 2
w 9 3
w 9 4
w 9 5
w 9 7
w 9 9
w 9 12
w 9 13
w 9 14
w 9 16
w 9 17
w 9 18
w 10 0
w 10 4
w 10 9
w 10 10
w 10 12
w 10 13
w 10 15
w 10 16
w 10 17
w 10 18
w 10 19
w 11 2
w 11 4
w 11 7
w 11 10
w 11 15
w 11 16
w 11 17
w 11 18
w 11 19
w 12 0
w 12 3
w 12 6
w 12 8
w 12 9
w 12 11
w 12 15
w 12 18
w 12 19
w 13 17
w 13 18
w 13 19
w 14 2
w 14 9
w 14 10
w 14 11
w 14 12
w 14 18
w 14 19
w 15 0
w 15 5
w 15 10
w 15 11
w 15 12
w 15 18
w 15 19
w 16 2
w 16 4
w 16 5
w 16 6
w 16 10
w 16 11
w 16 12
w 16 16
w 16 17
w 16 18
w 16 19
w 17 0
w 17 2
w 17 4
w 17 5
w 17 6
w 17 7
w 17 10
w 17 11
w 17 13
w 17 18
w 17 19
w 18 0
w 18 4
w 18 5
w 18 6
w 18 7
w 18 10
w 18 13
w 18 19
w 19 0
w 19 2
w 19 4
w 19 5
w 19 6
w 19 7
w 19 8
w 19 12
w 19 13
w 19 16
w 19 18
w 19 19
w 20 2
w 20 6
w 20 7
w 20 10
w 20 11
w 20 13
w 20 14
w 20 18
w 20 19
w 21 0
w 21 2
w 21 3
w 21 5
w 21 6
w 21 7
w 21 8
w 21 13
w 21 16
w 21 17
w 21 18
w 21 19
w 22 2
w 22 5
w 22 6
w 22 7
w 22 8
w 22 9
w 22 11
w 22 12
w 22 16
w 22 17
w 22 18
w 22 19
w 23 2
w 23 7
w 23 8
w 23 9
w 23 10
w 23 11
w 23 12
w 23 13
w 23 14
w 23 18
w 23 19
w 24 5
w 24 9
w 24 12
w 24 17
w 24 18
w 24 19
w 25 0
w 25 2
w 25 4
w 25 5
w 25 9
w 25 10
w 25 12
w 25 14
w 25 17
w 25 18
w 25 19
w 26 2
w 26 3
w 26 5
w 26 6
w 26 7
w 26 9
w 26 13
w 26 16
w 26 17
w 26 18
w 26 19
w 27 0
w 27 5
w 27 6
w 27 7
w 27 9
w 27 13
w 27 14
w 27 16
w 27 17
w 27 18
w 28 2
w 28 3
w 28 4
w 28 6
w 28 7
w 28 9
w 28 14
w 28 17
w 29 0
w 29 2
w 29 6
w 29 7
w 29 8
w 29 9
w 29 10
w 29 12
w 29 13
w 29 14
w 29 16
w 29 17
w 29 19
w 30 0
w 30 4
w 30 5
w 30 8
w 30 14
w 31 0
w 31 2
w 31 3
w 31 4
w 31 6
w 31 10
w 31 11
w 31 13
w 31 17
w 31 19
w 32 0
w 32 2
w 32 3
w 32 4
w 32 6
w 32 9
w 32 12
w 32 16
w 33 3
w 33 4
w 33 7
w 33 9
w 33 10
w 33 14
w 33 16
w 33 17
w 33 18
w 34 18
p 27 2
p 4 0
p 34 5
p 30 17
p 8 7
p 32 14
p 18 16
p 13 10
p 15 1
p 24 16
p 23 3
p 28 19
p 0 12
p 20 16
p 12 2
p 5 19
p 16 14
p 10 2
t 1400 0
m 1 19
0 33 0
1 33 0
2 33 0
t 1399 0
m 2 19
0 33 1
1 33 1
2 33 1
t 1398 0
m 3 19
0 32 1
1 32 1
2 32 1
t 1397 0
m 4 19
0 31 1
1 31 1
2 31 1
t 1396 0
m 5 19
0 30 1
1 30 1
2 30 1
t 1395 5
m 4 19
0 29 1
1 29 1
2 29 1
t 1394 5
m 3 19
0 28 1
1 28 1
2 28 1
t 1393 5
m 2 19
0 27 1
1 27 1
2 27 1
t 1392 5
m 1 19
0 26 1
1 26 1
2 26 1
t 1391 5
m 0 19
0 25 1
1 25 1
2 25 1
f 11 5
t 1390 5
m 0 18
0 24 1
1 24 1
2 24 1
t 1389 5
m 0 17
0 23 1
1 23 1
2 23 1
t 1388 5
m 0 16
0 22 1
1 22 1
2 22 1
t 1387 5
m 0 15
0 21 1
1 21 1
2 21 1
t 1386 5
m 0 14
0 20 1
1 20 1
2 20 1
t 1385 5
m 0 13
0 19 1
1 19 1
2 19 1
t 1384 5
m 0 12
0 18 1
1 18 1
2 18 1
t 1383 11
m 0 13
0 17 1
1 17 1
2 17 1
t 1382 11
m 0 14
0 16 1
1 16 1
2 16 1
t 1381 11
m 0 15
0 15 1
1 15 1
2 15 1
t 1380 11
m 0 16
0 14 1
1 14 1
2 14 1
t 1379 11
m 0 17
0 13 1
1 13 1
2 13 1
t 1378 11
m 0 18
0 13 2
1 13 2
2 13 2
t 1377 11
m 1 18
0 13 3
1 13 3
2 13 3
t 1376 11
m 1 19
0 13 4
1 13 4
2 13 4
t 1375 11
m 2 19
0 13 5
1 13 5
2 13 5
t 1374 11
m 3 19
0 13 6
1 13 6
2 13 6
t 1373 11
m 4 19
0 13 7
1 13 7
2 13 7
t 1372 11
m 5 19
0 13 8
1 13 8
2 13 8
t 1371 11
m 5 18
0 13 9
1 13 9
2 13 9
t 1370 11
m 5 17
0 13 10
1 13 10
2 13 10
t 1369 11
m 5 16
0 13 11
1 13 11
2 13 11
t 1368 11
m 5 15
0 13 12
1 13 12
2 13 12
t 1367 11
m 6 15
0 12 12
1 12 12
2 12 12
t 1366 11
m 6 14
0 11 12
1 11 12
2 11 12
t 1365 11
m 6 13
0 11 11
1 11 11
2 11 11
t 1364 11
m 7 13
0 10 11
1 10 11
2 10 11
t 1363 11
m 8 13
0 9 11
1 9 11
2 9 11
t 1362 11
m 8 13
0 8 11
1 8 11
2 8 11
t 1361 11
m 8 13
0 8 12
1 8 12
2 8 12
t 1360 11
m 8 13
0 8 13
1 8 13
2 8 13
t 1359 11
