35
20
m 0 19
0 34 0
1 34 0
2 34 0
w 0 0
w 0 1
w 0 2
w 0 3
w 0 4
w 0 5
w 0 6
w 0 7
w 0 8
w 0 9
w 0 10
w 0 11
w 0 12
w 0 15
w 0 16
w 0 17
w 1 0
w 1 1
w 1 2
w 1 3
w 1 4
w 1 5
w 1 6
w 1 7
w 1 8
w 1 9
w 1 10
w 1 11
w 1 12
w 1 14
w 1 15
w 1 16
w 1 17
w 1 19
w 2 0
w 2 1
w 2 2
w 2 3
w 2 4
w 2 5
w 2 6
w 2 7
w 2 8
w 2 9
w 2 10
w 2 15
w 2 16
w 2 17
w 3 0
w 3 1
w 3 2
w 3 3
w 3 4
w 3 5
w 3 6
w 3 7
w 3 8
w 3 9
w 3 10
w 3 12
w 3 13
w 3 14
w 3 15
w 3 16
w 3 17
w 3 18
w 4 0
w 4 1
w 4 2
w 4 3
w 4 4
w 4 5
w 4 6
w 4 7
w 4 8
w 4 9
w 4 15
w 4 16
w 4 17
w 5 0
w 5 1
w 5 2
w 5 3
w 5 4
w 5 5
w 5 6
w 5 7
w 5 8
w 5 9
w 5 10
w 5 12
w 5 14
w 5 15
w 5 16
w 6 0
w 6 1
w 6 2
w 6 3
w 6 4
w 6 5
w 6 6
w 6 7
w 6 8
w 6 9
w 6 13
w 6 14
w 6 15
w 6 16
w 7 0
w 7 1
w 7 2
w 7 3
w 7 4
w 7 5
w 7 6
w 7 7
w 7 8
w 7 12
w 7 13
w 7 14
w 7 16
w 7 18
w 7 19
w 8 0
w 8 1
w 8 2
w 8 5
w 8 6
w 8 7
w 8 13
w 8 18
w 8 19
w 9 0
w 9 1
w 9 2
w 9 3
w 9 12
w 9 13
w 9 16
w 9 19
w 10 0
w 10 1
w 10 2
w 10 3
w 10 4
w 10 7
w 10 11
w 10 13
w 10 14
w 10 18
w 10 19
w 11 0
w 11 1
w 11 2
w 11 3
w 11 6
w 11 7
w 11 10
w 11 13
w 11 14
w 11 18
w 11 19
w 12 0
w 12 2
w 12 6
w 12 7
w 12 8
w 12 9
w 12 11
w 12 14
w 12 15
w 12 19
w 13 2
w 13 3
w 13 5
w 13 6
w 13 7
w 13 8
w 13 9
w 13 18
w 13 19
w 14 0
w 14 3
w 14 6
w 14 7
w 14 8
w 14 9
w 14 10
w 14 14
w 14 15
w 14 16
w 14 19
w 15 1
w 15 3
w 15 5
w 15 6
w 15 7
w 15 8
w 15 9
w 15 10
w 15 13
w 15 14
w 15 15
w 15 16
w 15 17
w 15 18
w 15 19
w 16 5
w 16 6
w 16 7
w 16 8
w 16 9
w 16 10
w 16 12
w 16 13
w 16 14
w 16 15
w 16 16
w 16 17
w 16 18
w 16 19
w 17 1
w 17 2
w 17 5
w 17 6
w 17 7
w 17 8
w 17 9
w 17 13
w 17 14
w 17 15
w 17 16
w 17 17
w 17 18
w 17 19
w 18 0
w 18 1
w 18 9
w 18 10
w 18 14
w 18 16
w 18 17
w 18 18
w 18 19
w 19 0
w 19 1
w 19 2
w 19 3
w 19 6
w 19 7
w 19 14
w 19 16
w 19 17
w 19 18
w 19 19
w 20 1
w 20 2
w 20 3
w 20 6
w 20 8
w 20 12
w 20 16
w 20 17
w 20 18
w 20 19
w 21 10
w 21 12
w 21 14
w 21 17
w 21 18
w 21 19
w 22 1
w 22 4
w 22 5
w 22 12
w 22 14
w 22 15
w 22 16
w 22 17
w 22 18
w 22 19
w 23 6
w 23 8
w 23 15
w 23 16
w 23 17
w 23 18
w 23 19
w 24 1
w 24 2
w 24 11
w 24 12
w 24 15
w 24 16
w 24 17
w 24 18
w 24 19
w 25 1
w 25 2
w 25 5
w 25 6
w 25 9
w 25 14
w 25 15
w 25 16
w 25 17
w 25 18
w 25 19
w 26 3
w 26 4
w 26 5
w 26 6
w 26 8
w 26 9
w 26 10
w 26 13
w 26 14
w 26 15
w 26 16
w 26 17
w 26 18
w 26 19
w 27 1
w 27 2
w 27 9
w 27 10
w 27 14
w 27 15
w 27 16
w 27 17
w 27 18
w 27 19
w 28 1
w 28 4
w 28 5
w 28 8
w 28 9
w 28 10
w 28 11
w 28 15
w 28 16
w 28 17
w 28 18
w 28 19
w 29 1
w 29 4
w 29 8
w 29 9
w 29 10
w 29 16
w 29 17
w 29 18
w 29 19
w 30 1
w 30 2
w 30 4
w 30 5
w 30 9
w 30 12
w 30 16
w 30 17
w 30 18
w 30 19
w 31 4
w 31 10
w 31 15
w 31 16
w 31 17
w 31 18
w 31 19
w 32 1
w 32 2
w 32 5
w 32 9
w 32 10
w 32 15
w 32 16
w 32 17
w 32 18
w 32 19
w 33 1
w 33 3
w 33 8
w 33 9
w 33 12
w 33 13
w 33 14
w 33 15
w 33 16
w 33 17
w 33 18
w 33 19
w 34 8
w 34 9
w 34 12
w 34 13
w 34 14
w 34 15
w 34 16
w 34 17
w 34 18
w 34 19
p 31 5
p 5 11
p 14 4
p 27 5
p 29 7
p 0 13
p 8 10
p 21 6
p 24 13
p 33 2
p 10 6
p 23 2
p 12 5
p 19 11
p 17 4
t 1400 0
m 0 18
0 33 0
1 33 0
2 33 0
t 1399 0
m 1 18
0 32 0
1 32 0
2 32 0
t 1398 0
m 2 18
0 31 0
1 31 0
2 31 0
t 1397 0
m 2 19
0 30 0
1 30 0
2 30 0
t 1396 0
m 3 19
0 29 0
1 29 0
2 29 0
t 1395 0
m 4 19
0 28 0
1 28 0
2 28 0
t 1394 0
m 4 18
0 27 0
1 27 0
2 27 0
t 1393 0
m 5 18
0 26 0
1 26 0
2 26 0
t 1392 0
m 5 17
0 25 0
1 25 0
2 25 0
f 8 9
t 1391 0
m 6 17
0 24 0
1 24 0
2 24 0
t 1390 0
m 7 17
0 23 0
1 23 0
2 23 0
t 1389 0
m 8 17
0 22 0
1 22 0
2 22 0
t 1388 0
m 8 16
0 21 0
1 21 0
2 21 0
t 1387 0
m 8 15
0 21 1
1 21 1
2 21 1
t 1386 0
m 9 15
0 21 2
1 21 2
2 21 2
t 1385 0
m 10 15
0 21 3
1 21 3
2 21 3
t 1384 0
m 10 16
0 21 4
1 21 4
2 21 4
t 1383 0
m 11 16
0 21 5
1 21 5
2 21 5
t 1382 0
m 12 16
0 21 6
1 21 6
2 21 6
t 1381 0
m 13 16
0 21 5
1 21 7
2 21 7
t 1380 0
m 13 15
0 21 6
1 21 8
2 21 8
t 1379 0
m 13 14
0 21 7
1 21 9
2 21 9
t 1378 0
m 13 13
0 21 8
1 20 9
2 20 9
t 1377 0
m 13 12
0 21 9
1 19 9
2 19 9
t 1376 0
m 13 11
0 20 9
1 19 10
2 19 10
t 1375 0
m 14 11
0 19 9
1 19 11
2 19 11
t 1374 0
m 15 11
0 19 10
1 18 11
2 18 11
t 1373 0
m 16 11
0 19 11
1 17 11
2 17 11
t 1372 0
m 16 11
0 18 11
1 17 10
2 16 11
t 1371 0
