----------run:0-------
Generation      Evaluations        Average Fitness   Best Fitness   
0               200                -127.284          -48.400000000000006
1               300                -97.402           -47.2          
2               400                -86.388           -41.2          
3               500                -78.936           -40.2          
4               600                -73.193           -40.2          
5               700                -69.242           -38.8          
6               800                -65.117           -38.8          
7               900                -62.289           -37.4          
8               1000               -59.706           -35.6          
9               1100               -56.944           -30.800000000000004
10              1200               -55.238           -30.800000000000004
11              1300               -53.79            -30.800000000000004
12              1400               -52.471000000000004 -30.800000000000004
13              1500               -49.836           -30.800000000000004
14              1600               -47.443           -29.400000000000002
15              1700               -44.838           -29.0          
16              1800               -42.595           -28.400000000000002
17              1900               -39.949           -28.200000000000003
18              2000               -37.147           -27.6          
----------run:1-------
Generation      Evaluations        Average Fitness   Best Fitness   
0               200                -127.623          -36.6          
1               300                -99.248           -36.6          
2               400                -84.31            -34.6          
3               500                -76.465           -34.6          
4               600                -71.779           -34.6          
5               700                -66.312           -34.6          
6               800                -62.291000000000004 -34.6          
7               900                -59.725           -34.6          
8               1000               -57.037           -34.6          
9               1100               -54.294000000000004 -34.6          
10              1200               -52.385           -34.6          
11              1300               -50.661           -34.6          
12              1400               -49.005           -34.6          
13              1500               -47.459           -30.400000000000002
14              1600               -46.155           -30.400000000000002
15              1700               -44.785000000000004 -30.400000000000002
16              1800               -43.734           -30.400000000000002
17              1900               -42.695           -30.400000000000002
18              2000               -41.523           -30.400000000000002
----------run:2-------
Generation      Evaluations        Average Fitness   Best Fitness   
0               200                -126.117          -54.0          
1               300                -95.253           -53.8          
2               400                -83.603           -41.2          
3               500                -76.606           -29.8          
4               600                -71.51            -29.8          
5               700                -65.229           -29.8          
6               800                -59.586           -29.400000000000002
7               900                -55.729           -29.2          
8               1000               -52.267           -29.2          
9               1100               -48.761           -28.6          
10              1200               -44.703           -27.0          
11              1300               -38.995000000000005 -27.0          
12              1400               -34.412           -22.6          
13              1500               -30.772000000000002 -22.200000000000003
14              1600               -29.222           -22.200000000000003
15              1700               -28.193           -22.200000000000003
16              1800               -27.054000000000002 -17.8          
17              1900               -26.077           -17.8          
18              2000               -25.069           -17.8          
----------run:3-------
Generation      Evaluations        Average Fitness   Best Fitness   
0               200                -129.716          -49.4          
1               300                -99.508           -39.6          
2               400                -83.921           -36.4          
3               500                -72.089           -36.0          
4               600                -64.766           -34.0          
5               700                -57.973           -32.400000000000006
6               800                -51.192           -32.400000000000006
7               900                -44.783           -32.0          
8               1000               -38.633           -31.400000000000002
9               1100               -34.542           -28.400000000000002
10              1200               -33.455000000000005 -26.400000000000002
11              1300               -32.849000000000004 -26.400000000000002
12              1400               -32.227000000000004 -26.0          
13              1500               -31.372000000000003 -26.0          
14              1600               -30.013           -25.6          
15              1700               -28.720000000000002 -25.6          
16              1800               -27.949           -25.6          
17              1900               -27.407000000000004 -25.6          
18              2000               -27.238000000000003 -24.400000000000002
----------run:4-------
Generation      Evaluations        Average Fitness   Best Fitness   
0               200                -133.02           -57.8          
1               300                -99.4             -45.0          
2               400                -86.119           -45.0          
3               500                -78.06            -45.0          
4               600                -72.043           -39.8          
5               700                -67.483           -39.8          
6               800                -61.092           -33.8          
7               900                -55.417           -33.8          
8               1000               -51.579           -33.8          
9               1100               -48.51            -33.8          
10              1200               -46.572           -33.8          
11              1300               -44.816           -33.8          
12              1400               -42.874           -24.4          
13              1500               -40.811           -24.4          
14              1600               -39.036           -24.4          
15              1700               -37.229           -24.4          
16              1800               -35.515           -24.4          
17              1900               -33.725           -24.4          
18              2000               -32.242           -24.4          
----------run:5-------
Generation      Evaluations        Average Fitness   Best Fitness   
0               200                -128.965          -56.0          
1               300                -100.749          -53.2          
2               400                -88.85000000000001 -53.2          
3               500                -81.154           -43.400000000000006
4               600                -74.611           -40.400000000000006
5               700                -69.924           -40.400000000000006
6               800                -66.034           -39.0          
7               900                -63.399           -39.0          
8               1000               -60.827000000000005 -38.0          
9               1100               -58.529           -34.8          
10              1200               -56.247           -34.8          
11              1300               -54.4             -34.8          
12              1400               -52.910000000000004 -34.8          
13              1500               -51.166000000000004 -34.8          
14              1600               -49.325           -34.8          
15              1700               -48.028           -34.8          
16              1800               -46.514           -34.8          
17              1900               -45.314           -34.8          
18              2000               -43.894           -34.0          
----------run:6-------
Generation      Evaluations        Average Fitness   Best Fitness   
0               200                -128.49           -48.0          
1               300                -101.32600000000001 -48.0          
2               400                -90.187           -48.0          
3               500                -80.407           -42.8          
4               600                -74.788           -41.0          
5               700                -70.86            -41.0          
6               800                -67.144           -40.8          
7               900                -64.27            -39.2          
8               1000               -61.969           -39.2          
9               1100               -59.067           -37.8          
10              1200               -57.189           -37.8          
11              1300               -55.249           -36.6          
12              1400               -53.115           -36.6          
13              1500               -50.955           -36.6          
14              1600               -49.046           -36.6          
15              1700               -47.697           -36.6          
16              1800               -46.486           -36.6          
17              1900               -44.517           -36.6          
18              2000               -43.126           -36.400000000000006
----------run:7-------
Generation      Evaluations        Average Fitness   Best Fitness   
0               200                -127.616          -37.2          
1               300                -97.642           -37.2          
2               400                -88.16            -37.2          
3               500                -80.493           -35.0          
4               600                -75.012           -35.0          
5               700                -69.827           -35.0          
6               800                -66.119           -35.0          
7               900                -61.542           -34.6          
8               1000               -54.203           -32.400000000000006
9               1100               -47.63            -31.0          
10              1200               -42.754000000000005 -31.0          
11              1300               -39.24            -31.0          
12              1400               -37.597           -31.0          
13              1500               -36.702           -31.0          
14              1600               -36.292           -31.0          
15              1700               -35.791000000000004 -30.8          
16              1800               -35.345           -28.2          
17              1900               -35.019           -28.2          
18              2000               -34.638           -28.2          
----------run:8-------
Generation      Evaluations        Average Fitness   Best Fitness   
0               200                -132.334          -39.6          
1               300                -100.907          -39.6          
2               400                -88.427           -39.6          
3               500                -77.206           -39.6          
4               600                -67.001           -36.8          
5               700                -58.822           -35.6          
6               800                -53.237           -35.6          
7               900                -48.314           -35.6          
8               1000               -45.436           -35.6          
9               1100               -43.433           -34.0          
10              1200               -41.959           -34.0          
11              1300               -40.800000000000004 -34.0          
12              1400               -39.856           -34.0          
13              1500               -39.219           -34.0          
14              1600               -38.666000000000004 -34.0          
15              1700               -38.234           -34.0          
16              1800               -37.624           -27.8          
17              1900               -37.189           -26.6          
18              2000               -36.742000000000004 -26.6          
----------run:9-------
Generation      Evaluations        Average Fitness   Best Fitness   
0               200                -128.246          -49.8          
1               300                -97.47800000000001 -49.8          
2               400                -86.071           -49.8          
3               500                -78.694           -46.0          
4               600                -73.738           -46.0          
5               700                -70.44800000000001 -46.0          
6               800                -66.265           -44.400000000000006
7               900                -61.668           -41.0          
8               1000               -57.885           -41.0          
9               1100               -54.743           -39.6          
10              1200               -52.288           -39.6          
11              1300               -50.338           -39.400000000000006
12              1400               -49.235           -39.400000000000006
13              1500               -47.841           -39.400000000000006
14              1600               -46.585           -39.400000000000006
15              1700               -45.376000000000005 -39.400000000000006
16              1800               -44.092           -38.6          
17              1900               -43.347           -38.6          
18              2000               -42.868           -38.6          
----------run:10-------
Generation      Evaluations        Average Fitness   Best Fitness   
0               200                -133.386          -54.0          
1               300                -98.718           -41.8          
2               400                -87.165           -41.8          
3               500                -79.243           -41.8          
4               600                -72.551           -40.2          
5               700                -66.727           -35.400000000000006
6               800                -62.245000000000005 -35.400000000000006
7               900                -58.796           -35.400000000000006
8               1000               -55.45            -34.6          
9               1100               -51.625           -34.6          
10              1200               -47.963           -34.6          
11              1300               -44.819           -34.6          
12              1400               -41.576           -34.6          
13              1500               -39.546           -34.6          
14              1600               -38.518           -34.6          
15              1700               -37.656           -34.400000000000006
16              1800               -37.057           -33.400000000000006
17              1900               -36.564           -33.400000000000006
18              2000               -36.254000000000005 -32.2          
----------run:11-------
Generation      Evaluations        Average Fitness   Best Fitness   
0               200                -129.47           -42.6          
1               300                -100.857          -42.6          
2               400                -86.328           -42.6          
3               500                -77.383           -40.400000000000006
4               600                -69.937           -35.6          
5               700                -61.128           -35.6          
6               800                -53.063           -35.6          
7               900                -45.956           -32.400000000000006
8               1000               -41.631           -32.400000000000006
9               1100               -38.719           -31.0          
10              1200               -37.073           -31.0          
11              1300               -35.745000000000005 -31.0          
12              1400               -34.733000000000004 -31.0          
13              1500               -34.107           -31.0          
14              1600               -33.35            -29.200000000000003
15              1700               -32.812000000000005 -29.200000000000003
16              1800               -32.381           -29.200000000000003
17              1900               -32.07            -29.200000000000003
18              2000               -31.832           -29.200000000000003
----------run:12-------
Generation      Evaluations        Average Fitness   Best Fitness   
0               200                -127.377          -52.8          
1               300                -96.169           -49.8          
2               400                -85.557           -45.400000000000006
3               500                -78.38            -44.8          
4               600                -72.10000000000001 -43.0          
5               700                -67.513           -43.0          
6               800                -63.318000000000005 -36.6          
7               900                -59.404           -36.6          
8               1000               -57.428000000000004 -36.6          
9               1100               -55.177           -36.6          
10              1200               -53.024           -36.6          
11              1300               -51.048           -34.0          
12              1400               -49.858000000000004 -34.0          
13              1500               -48.382           -34.0          
14              1600               -46.869           -30.6          
15              1700               -45.609           -30.6          
16              1800               -44.176           -30.6          
17              1900               -42.867           -30.6          
18              2000               -41.801           -24.200000000000003
----------run:13-------
Generation      Evaluations        Average Fitness   Best Fitness   
0               200                -129.103          -50.400000000000006
1               300                -97.5             -40.2          
2               400                -84.473           -40.2          
3               500                -77.265           -38.2          
4               600                -71.864           -38.2          
5               700                -66.018           -38.2          
6               800                -60.281           -36.8          
7               900                -55.193000000000005 -36.8          
8               1000               -48.382000000000005 -36.6          
9               1100               -43.583           -36.0          
10              1200               -40.596000000000004 -36.0          
11              1300               -38.885000000000005 -36.0          
12              1400               -37.816           -33.2          
13              1500               -37.224000000000004 -33.2          
14              1600               -36.643           -31.0          
15              1700               -35.898           -24.0          
16              1800               -35.175000000000004 -24.0          
17              1900               -33.690000000000005 -20.6          
18              2000               -31.698           -19.6          
----------run:14-------
Generation      Evaluations        Average Fitness   Best Fitness   
0               200                -130.815          -45.400000000000006
1               300                -100.555          -45.400000000000006
2               400                -87.263           -45.400000000000006
3               500                -78.555           -38.8          
4               600                -71.402           -38.8          
5               700                -65.617           -38.8          
6               800                -60.171           -38.8          
7               900                -54.909           -38.8          
8               1000               -50.774           -38.8          
9               1100               -48.101           -37.0          
10              1200               -46.213           -37.0          
11              1300               -44.786           -35.6          
12              1400               -43.598           -34.400000000000006
13              1500               -42.475           -33.400000000000006
14              1600               -41.293           -33.2          
15              1700               -40.085           -32.8          
16              1800               -38.823           -32.2          
17              1900               -37.702           -28.0          
18              2000               -36.2             -28.0          
----------run:15-------
Generation      Evaluations        Average Fitness   Best Fitness   
0               200                -128.304          -43.6          
1               300                -100.768          -43.6          
2               400                -87.58            -43.6          
3               500                -79.477           -43.6          
4               600                -72.777           -42.8          
5               700                -69.07600000000001 -42.8          
6               800                -65.46600000000001 -42.8          
7               900                -63.099000000000004 -41.2          
8               1000               -60.821           -41.2          
9               1100               -59.233000000000004 -41.2          
10              1200               -57.948           -41.2          
11              1300               -57.057           -41.2          
12              1400               -56.358000000000004 -41.2          
13              1500               -55.161           -41.2          
14              1600               -54.440000000000005 -41.2          
15              1700               -53.543           -38.6          
16              1800               -52.668           -37.400000000000006
17              1900               -51.801           -37.400000000000006
18              2000               -51.261           -37.400000000000006
----------run:16-------
Generation      Evaluations        Average Fitness   Best Fitness   
0               200                -129.629          -50.2          
1               300                -97.866           -50.2          
2               400                -86.424           -50.2          
3               500                -80.187           -37.0          
4               600                -75.249           -37.0          
5               700                -71.836           -37.0          
6               800                -68.289           -37.0          
7               900                -65.092           -33.8          
8               1000               -62.659           -33.8          
9               1100               -59.690000000000005 -33.8          
10              1200               -55.907000000000004 -31.400000000000002
11              1300               -51.468           -31.400000000000002
12              1400               -46.128           -24.200000000000003
13              1500               -41.578           -24.200000000000003
14              1600               -38.413000000000004 -24.200000000000003
15              1700               -36.196           -20.200000000000003
16              1800               -33.286           -20.200000000000003
17              1900               -30.277           -20.200000000000003
18              2000               -27.172           -20.200000000000003
----------run:17-------
Generation      Evaluations        Average Fitness   Best Fitness   
0               200                -130.659          -43.400000000000006
1               300                -98.34            -43.400000000000006
2               400                -84.699           -43.400000000000006
3               500                -77.63            -43.400000000000006
4               600                -72.495           -43.400000000000006
5               700                -69.46600000000001 -43.400000000000006
6               800                -66.89            -43.400000000000006
7               900                -64.414           -40.400000000000006
8               1000               -62.243           -36.6          
9               1100               -60.594           -36.400000000000006
10              1200               -58.488           -32.400000000000006
11              1300               -55.947           -32.400000000000006
12              1400               -53.057           -32.2          
13              1500               -49.937000000000005 -32.2          
14              1600               -45.944           -25.8          
15              1700               -40.954           -25.8          
16              1800               -36.907000000000004 -25.8          
17              1900               -34.709           -25.8          
18              2000               -33.639           -23.0          
----------run:18-------
Generation      Evaluations        Average Fitness   Best Fitness   
0               200                -126.062          -40.6          
1               300                -98.089           -40.6          
2               400                -87.272           -40.6          
3               500                -80.959           -40.6          
4               600                -76.674           -40.6          
5               700                -72.923           -40.6          
6               800                -68.19200000000001 -40.6          
7               900                -64.523           -40.6          
8               1000               -61.623000000000005 -40.6          
9               1100               -58.369           -40.2          
10              1200               -54.912           -25.200000000000003
11              1300               -52.071           -25.200000000000003
12              1400               -49.739000000000004 -25.200000000000003
13              1500               -47.754           -25.200000000000003
14              1600               -45.967           -25.200000000000003
15              1700               -44.241           -25.200000000000003
16              1800               -42.707           -25.200000000000003
17              1900               -40.769           -25.200000000000003
18              2000               -38.379           -20.8          
----------run:19-------
Generation      Evaluations        Average Fitness   Best Fitness   
0               200                -135.006          -52.800000000000004
1               300                -101.931          -52.800000000000004
2               400                -89.891           -49.6          
3               500                -82.169           -34.6          
4               600                -75.628           -33.2          
5               700                -72.36            -33.2          
6               800                -68.967           -33.2          
7               900                -67.339           -33.2          
8               1000               -64.07900000000001 -26.200000000000003
9               1100               -61.472           -26.200000000000003
10              1200               -58.797000000000004 -26.200000000000003
11              1300               -55.861000000000004 -26.200000000000003
12              1400               -52.532000000000004 -24.200000000000003
13              1500               -48.728           -18.4          
14              1600               -42.235           -18.4          
15              1700               -34.784           -18.4          
16              1800               -27.992           -18.4          
17              1900               -25.471           -18.4          
18              2000               -24.153           -18.200000000000003
----------run:20-------
Generation      Evaluations        Average Fitness   Best Fitness   
0               200                -128.901          -40.400000000000006
1               300                -100.4            -40.400000000000006
2               400                -90.533           -37.6          
3               500                -82.142           -37.6          
4               600                -75.925           -35.6          
5               700                -71.495           -35.6          
6               800                -67.47200000000001 -35.6          
7               900                -64.537           -35.6          
8               1000               -61.559000000000005 -35.6          
9               1100               -58.34            -35.6          
10              1200               -55.816           -35.6          
11              1300               -53.816           -35.6          
12              1400               -51.545           -35.4          
13              1500               -49.241           -27.8          
14              1600               -47.023           -27.8          
15              1700               -44.739000000000004 -27.400000000000002
16              1800               -40.562           -25.8          
17              1900               -35.679           -25.200000000000003
18              2000               -29.982           -21.0          
----------run:21-------
Generation      Evaluations        Average Fitness   Best Fitness   
0               200                -131.786          -43.6          
1               300                -97.665           -43.6          
2               400                -85.295           -38.400000000000006
3               500                -77.386           -34.6          
4               600                -70.158           -34.6          
5               700                -65.68            -34.6          
6               800                -61.243           -32.6          
7               900                -59.107           -32.6          
8               1000               -56.951           -32.6          
9               1100               -54.518           -32.6          
10              1200               -51.979           -32.6          
11              1300               -50.369           -32.6          
12              1400               -49.047000000000004 -29.2          
13              1500               -47.055           -29.2          
14              1600               -45.08            -29.2          
15              1700               -41.649           -29.2          
16              1800               -38.892           -29.2          
17              1900               -36.522000000000006 -29.2          
18              2000               -35.162           -29.2          
----------run:22-------
Generation      Evaluations        Average Fitness   Best Fitness   
0               200                -129.139          -45.2          
1               300                -99.05            -45.2          
2               400                -86.462           -45.2          
3               500                -76.111           -37.2          
4               600                -70.306           -24.4          
5               700                -65.244           -22.4          
6               800                -60.166000000000004 -22.4          
7               900                -54.384           -22.4          
8               1000               -48.156           -22.4          
9               1100               -41.84            -22.4          
10              1200               -35.542           -22.4          
11              1300               -30.443           -21.4          
12              1400               -27.261           -18.8          
13              1500               -25.913999999999998 -18.8          
14              1600               -24.838           -18.8          
15              1700               -23.885           -18.8          
16              1800               -22.883           -18.8          
17              1900               -21.977           -17.8          
18              2000               -21.202           -17.8          
----------run:23-------
Generation      Evaluations        Average Fitness   Best Fitness   
0               200                -132.891          -54.8          
1               300                -99.56            -54.8          
2               400                -87.255           -39.8          
3               500                -79.2             -39.8          
4               600                -74.383           -39.8          
5               700                -70.031           -39.8          
6               800                -66.975           -39.8          
7               900                -64.491           -35.4          
8               1000               -62.358000000000004 -33.6          
9               1100               -60.516           -33.6          
10              1200               -59.299           -33.6          
11              1300               -57.463           -33.6          
12              1400               -55.995000000000005 -33.6          
13              1500               -53.847           -33.6          
14              1600               -51.92            -30.8          
15              1700               -50.461           -30.8          
16              1800               -48.576           -30.8          
17              1900               -46.983000000000004 -30.8          
18              2000               -45.6             -30.8          
----------run:24-------
Generation      Evaluations        Average Fitness   Best Fitness   
0               200                -130.07           -47.8          
1               300                -99.535           -47.8          
2               400                -87.227           -47.8          
3               500                -80.571           -46.6          
4               600                -75.231           -37.400000000000006
5               700                -71.435           -37.400000000000006
6               800                -66.526           -37.400000000000006
7               900                -63.385           -37.400000000000006
8               1000               -60.215           -33.4          
9               1100               -56.592           -27.6          
10              1200               -53.794000000000004 -27.6          
11              1300               -51.148           -27.6          
12              1400               -48.496           -21.8          
13              1500               -46.410000000000004 -21.8          
14              1600               -43.506           -21.8          
15              1700               -40.912           -21.8          
16              1800               -38.664           -21.8          
17              1900               -36.111           -20.0          
18              2000               -33.097           -20.0          
----------run:25-------
Generation      Evaluations        Average Fitness   Best Fitness   
0               200                -131.372          -56.8          
1               300                -99.71000000000001 -47.6          
2               400                -89.352           -47.6          
3               500                -81.72            -38.6          
4               600                -75.495           -38.6          
5               700                -70.802           -38.6          
6               800                -67.69500000000001 -38.6          
7               900                -64.492           -37.6          
8               1000               -61.751           -37.2          
9               1100               -58.378           -37.2          
10              1200               -55.691           -35.0          
11              1300               -53.682           -27.0          
12              1400               -51.937           -27.0          
13              1500               -49.379           -27.0          
14              1600               -47.75            -27.0          
15              1700               -46.306           -27.0          
16              1800               -45.42            -27.0          
17              1900               -44.612           -27.0          
18              2000               -43.958           -27.0          
----------run:26-------
Generation      Evaluations        Average Fitness   Best Fitness   
0               200                -129.633          -42.8          
1               300                -96.81400000000001 -41.6          
2               400                -85.22200000000001 -41.6          
3               500                -76.928           -41.6          
4               600                -70.882           -40.2          
5               700                -65.422           -40.2          
6               800                -60.184000000000005 -29.400000000000002
7               900                -55.133           -26.8          
8               1000               -50.943000000000005 -26.8          
9               1100               -45.230000000000004 -23.8          
10              1200               -39.274           -22.400000000000002
11              1300               -33.489000000000004 -21.8          
12              1400               -29.967000000000002 -21.8          
13              1500               -28.086000000000002 -21.8          
14              1600               -26.271           -21.6          
15              1700               -24.634           -21.6          
16              1800               -23.483           -21.6          
17              1900               -23.006           -21.6          
18              2000               -22.64            -21.6          
----------run:27-------
Generation      Evaluations        Average Fitness   Best Fitness   
0               200                -127.746          -43.0          
1               300                -100.33800000000001 -43.0          
2               400                -89.367           -43.0          
3               500                -80.197           -43.0          
4               600                -73.313           -43.0          
5               700                -67.539           -41.6          
6               800                -61.732           -39.6          
7               900                -57.249           -39.6          
8               1000               -54.14            -39.6          
9               1100               -50.798           -37.8          
10              1200               -48.730000000000004 -37.8          
11              1300               -47.092           -37.8          
12              1400               -46.236000000000004 -37.2          
13              1500               -45.348           -37.2          
14              1600               -44.764           -37.2          
15              1700               -43.979           -37.2          
16              1800               -43.59            -37.2          
17              1900               -43.018           -37.2          
18              2000               -42.526           -37.2          
----------run:28-------
Generation      Evaluations        Average Fitness   Best Fitness   
0               200                -129.598          -52.400000000000006
1               300                -98.687           -52.400000000000006
2               400                -87.179           -35.2          
3               500                -81.101           -35.2          
4               600                -74.772           -27.0          
5               700                -68.387           -27.0          
6               800                -64.528           -27.0          
7               900                -62.149           -27.0          
8               1000               -59.285000000000004 -27.0          
9               1100               -56.671           -27.0          
10              1200               -53.942           -27.0          
11              1300               -51.096000000000004 -27.0          
12              1400               -47.425           -26.8          
13              1500               -41.236000000000004 -26.8          
14              1600               -37.196           -26.8          
15              1700               -34.863           -26.8          
16              1800               -33.269           -26.8          
17              1900               -32.519           -26.8          
18              2000               -31.584           -26.8          
----------run:29-------
Generation      Evaluations        Average Fitness   Best Fitness   
0               200                -133.534          -48.4          
1               300                -98.766           -48.4          
2               400                -86.70400000000001 -37.4          
3               500                -77.94800000000001 -37.4          
4               600                -71.815           -37.4          
5               700                -66.27            -34.8          
6               800                -62.407000000000004 -34.8          
7               900                -59.174           -34.8          
8               1000               -56.226           -34.8          
9               1100               -53.999           -33.4          
10              1200               -51.172000000000004 -33.4          
11              1300               -49.077           -33.4          
12              1400               -46.555           -33.4          
13              1500               -43.711           -31.6          
14              1600               -40.742           -31.6          
15              1700               -37.855000000000004 -31.200000000000003
16              1800               -36.611           -31.0          
17              1900               -35.582           -31.0          
18              2000               -34.977           -31.0          
