----------run:0-------
Generation      Evaluations        Average Fitness   Best Fitness   Mutation Rate
0               200                -102.942          -25.8           0.2            
1               300                -78.848           -22.8           0.7531113353514969
2               400                -69.753           -22.8           0.6185770750988143
3               500                -62.875           -22.8           0.6085918854415274
4               600                -59.056           -22.8           0.6073446327683616
5               700                -56.48            -22.8           0.5964360587002095
6               800                -53.939           -22.8           0.607909604519774
7               900                -51.927           -22.8           0.5985401459854014
8               1000               -49.962           -22.8           0.59765625     
9               1100               -48.787           -22.8           0.6072874493927125
10              1200               -46.976           -18.4           0.6082621082621082
11              1300               -46.469           -18.4           0.5754189944134079
12              1400               -45.574           -18.4           0.5726618705035972
13              1500               -44.605           -18.4           0.5745937961595273
14              1600               -43.908           -18.4           0.5807926829268293
15              1700               -43.445           -18.4           0.5741029641185648
16              1800               -43.186           -18.4           0.5802861685214628
17              1900               -42.769           -18.4           0.5794542536115569
18              2000               -42.297           -18.4           0.5765472312703583
----------run:1-------
Generation      Evaluations        Average Fitness   Best Fitness   Mutation Rate
0               200                -104.282          -23             0.2            
1               300                -77.313           -23             0.7816339066339066
2               400                -66.467           -23             0.6522292993630574
3               500                -60.378           -19.4           0.6227045075125209
4               600                -56.537           -19.4           0.5765158806544756
5               700                -53.432           -19.4           0.5887949260042283
6               800                -51.86            -19.4           0.5942196531791906
7               900                -49.583           -19.4           0.5835380835380837
8               1000               -48.071           -19.4           0.5816062176165804
9               1100               -46.949           -19.4           0.5886332882273344
10              1200               -46.104           -19.4           0.5839210155148098
11              1300               -45.503           -19.4           0.5724852071005917
12              1400               -44.806           -18.6           0.5794251134644479
13              1500               -44.095           -18.6           0.5718654434250764
14              1600               -43.458           -18.6           0.5774647887323944
15              1700               -42.609           -18.6           0.5777777777777777
16              1800               -41.871           -13             0.5837398373983739
17              1900               -41.199           -13             0.5362537764350452
18              2000               -40.561           -13             0.540581929555896
----------run:2-------
Generation      Evaluations        Average Fitness   Best Fitness   Mutation Rate
0               200                -98.477           -25.2           0.2            
1               300                -75.805           -20             0.7879973907371167
2               400                -65.953           -20             0.6357744653272845
3               500                -61.138           -20             0.6045531197301857
4               600                -57.022           -20             0.6018867924528302
5               700                -53.563           -15             0.594989561586639
6               800                -51.675           -15             0.5569755058572949
7               900                -49.561           -15             0.5487528344671202
8               1000               -48.877           -15             0.5457875457875457
9               1100               -47.368           -15             0.5518102372034956
10              1200               -46.661           -15             0.5383597883597884
11              1300               -45.338           -15             0.5502008032128514
12              1400               -44.228           -15             0.5679012345679013
13              1500               -43.522           -15             0.5565092989985694
14              1600               -42.872           -15             0.5550660792951541
15              1700               -42.387           -15             0.546969696969697
16              1800               -41.719           -15             0.5499231950844854
17              1900               -41.117           -15             0.550314465408805
18              2000               -40.927           -15             0.5534290271132376
----------run:3-------
Generation      Evaluations        Average Fitness   Best Fitness   Mutation Rate
0               200                -107.978          -32             0.2            
1               300                -78.577           -32             0.7804097311139565
2               400                -67.51            -19             0.6709200805910006
3               500                -62.404           -19             0.5966719492868462
4               600                -58.541           -19             0.5949367088607596
5               700                -54.569           -19             0.5969849246231156
6               800                -51.619           -19             0.5953436807095343
7               900                -50.174           -18             0.5922444183313749
8               1000               -48.608           -18             0.5642946317103621
9               1100               -47.429           -18             0.5620915032679739
10              1200               -46.51            -18             0.564625850340136
11              1300               -45.995           -18             0.561181434599156
12              1400               -45.419           -18             0.5612535612535612
13              1500               -44.703           -18             0.5584795321637428
14              1600               -43.852           -18             0.56006006006006
15              1700               -43.397           -18             0.5698924731182795
16              1800               -42.473           -18             0.5665101721439749
17              1900               -42.071           -18             0.5757575757575757
18              2000               -41.709           -18             0.575609756097561
----------run:4-------
Generation      Evaluations        Average Fitness   Best Fitness   Mutation Rate
0               200                -108.363          -35             0.2            
1               300                -82.826           -23             0.7999374804626446
2               400                -71.851           -23             0.6434155141310884
3               500                -66.123           -23             0.6062992125984252
4               600                -62.278           -23             0.5957446808510639
5               700                -59.464           -15             0.5760082730093071
6               800                -58.072           -15             0.5307150050352467
7               900                -55.673           -15             0.5329153605015673
8               1000               -53.42            -15             0.5317982456140351
9               1100               -51.298           -15             0.5281690140845069
10              1200               -49.954           -15             0.5454545454545454
11              1300               -48.559           -15             0.5497512437810945
12              1400               -47.332           -15             0.5398692810457516
13              1500               -46.298           -15             0.5368852459016393
14              1600               -45.275           -15             0.5364145658263306
15              1700               -44.748           -15             0.5324675324675325
16              1800               -44.208           -15             0.5418502202643171
17              1900               -43.701           -15             0.5345345345345345
18              2000               -42.767           -15             0.5286821705426357
----------run:5-------
Generation      Evaluations        Average Fitness   Best Fitness   Mutation Rate
0               200                -107.035          -33             0.2            
1               300                -78.967           -32.6           0.7747008547008547
2               400                -69.722           -28.6           0.6725105189340813
3               500                -65.342           -15             0.62778730703259
4               600                -60.745           -15             0.5447570332480819
5               700                -58.328           -15             0.550561797752809
6               800                -56.199           -15             0.5415415415415415
7               900                -54.455           -15             0.5548589341692789
8               1000               -52.638           -15             0.5445544554455445
9               1100               -50.855           -15             0.5563218390804597
10              1200               -49.248           -15             0.5458937198067634
11              1300               -47.543           -15             0.5488721804511278
12              1400               -46.662           -15             0.5533854166666667
13              1500               -45.529           -15             0.5470430107526882
14              1600               -44.727           -15             0.5409604519774012
15              1700               -44.243           -15             0.5483405483405484
16              1800               -43.723           -14.6           0.5418502202643171
17              1900               -43.199           -14.6           0.5337331334332834
18              2000               -42.564           -14.6           0.5404580152671755
----------run:6-------
Generation      Evaluations        Average Fitness   Best Fitness   Mutation Rate
0               200                -108.596          -27.6           0.2            
1               300                -79.04            -27             0.7807920174618024
2               400                -68.749           -27             0.6766169154228856
3               500                -62.435           -27             0.6321548821548822
4               600                -58.725           -27             0.6263520157325466
5               700                -54.788000000000004 -26.2           0.6239035087719298
6               800                -52.451           -22             0.645858343337335
7               900                -50.774           -22             0.6070133010882708
8               1000               -49.349000000000004 -22             0.6050955414012739
9               1100               -47.877           -22             0.6058981233243967
10              1200               -46.926           -22             0.6169014084507042
11              1300               -45.778           -22             0.6124818577648766
12              1400               -44.664           -22             0.5984251968503937
13              1500               -43.935           -22             0.6045380875202593
14              1600               -43.476           -22             0.6148760330578512
15              1700               -42.62            -22             0.6140939597315436
16              1800               -41.654           -20             0.6121739130434782
17              1900               -41.161           -19.6           0.6            
18              2000               -40.752           -19.6           0.5934256055363322
----------run:7-------
Generation      Evaluations        Average Fitness   Best Fitness   Mutation Rate
0               200                -103.437          -23.4           0.2            
1               300                -79.999           -23.4           0.75199203187251
2               400                -70.571           -23.4           0.6386233269598471
3               500                -63.215           -23.4           0.617601246105919
4               600                -59.261           -22             0.6073446327683617
5               700                -56.351           -22             0.5857438016528926
6               800                -53.213           -22             0.5907553551296505
7               900                -51.73            -22             0.5985489721886336
8               1000               -50.125           -22             0.5933503836317136
9               1100               -48.928           -22             0.5951742627345845
10              1200               -47.904           -22             0.5932678821879384
11              1300               -46.998           -15             0.6008708272859216
12              1400               -45.879           -15             0.5443548387096775
13              1500               -45.111           -15             0.5416666666666666
14              1600               -44.264           -15             0.5390070921985816
15              1700               -43.401           -15             0.544395924308588
16              1800               -42.688           -15             0.550595238095238
17              1900               -42.033           -15             0.547945205479452
18              2000               -41.587           -15             0.5534883720930233
----------run:8-------
Generation      Evaluations        Average Fitness   Best Fitness   Mutation Rate
0               200                -108.42           -23             0.2            
1               300                -80.0             -23             0.7710805746408496
2               400                -68.416           -23             0.6388550548112057
3               500                -62.784           -15.6           0.6232821341956345
4               600                -58.117           -15.6           0.5714285714285714
5               700                -55.223           -15.6           0.5750487329434697
6               800                -53.155           -15.6           0.5548455804046858
7               900                -51.314           -15.6           0.5536912751677852
8               1000               -50.31            -15.6           0.55           
9               1100               -48.708           -15.6           0.5547445255474452
10              1200               -47.442           -15.6           0.5448717948717947
11              1300               -46.406           -15.6           0.5365853658536586
12              1400               -46.018           -15.6           0.5454545454545453
13              1500               -45.192           -15.6           0.5518207282913165
14              1600               -44.658           -15.6           0.5502873563218389
15              1700               -44.042           -15.6           0.5487627365356623
16              1800               -43.566           -15.6           0.5455904334828101
17              1900               -43.314           -15.6           0.5484848484848485
18              2000               -42.496           -15.6           0.5499231950844853
----------run:9-------
Generation      Evaluations        Average Fitness   Best Fitness   Mutation Rate
0               200                -106.387          -22             0.2            
1               300                -75.626           -22             0.7552402450822315
2               400                -65.791           -22             0.6785034876347495
3               500                -61.459           -22             0.607659574468085
4               600                -58.749           -22             0.5935039370078741
5               700                -56.377           -22             0.56353591160221
6               800                -53.903           -22             0.5510204081632654
7               900                -52.853           -22             0.583743842364532
8               1000               -50.925           -22             0.5913705583756346
9               1100               -49.429           -21             0.5874499332443257
10              1200               -48.118           -20.6           0.5880758807588077
11              1300               -46.915           -20.6           0.5980662983425414
12              1400               -46.051           -20.6           0.6097560975609757
13              1500               -45.349           -20.6           0.6129032258064516
14              1600               -44.428           -20.6           0.6149253731343283
15              1700               -43.639           -20.6           0.5974643423137875
16              1800               -43.028           -20.6           0.604200323101777
17              1900               -42.542           -20.6           0.5990016638935107
18              2000               -41.897           -20.6           0.5972696245733788
----------run:10-------
Generation      Evaluations        Average Fitness   Best Fitness   Mutation Rate
0               200                -103.166          -12.6           0.2            
1               300                -79.514           -12.6           0.7309124767225326
2               400                -67.729           -12.6           0.6010830324909748
3               500                -62.819           -12.6           0.5705705705705706
4               600                -58.92            -12.6           0.5475578406169666
5               700                -56.497           -12.6           0.5228377065111758
6               800                -53.849           -12.6           0.521604938271605
7               900                -52.38            -12.6           0.5294117647058824
8               1000               -50.836           -12.6           0.5192743764172336
9               1100               -49.878           -12.6           0.5217903415783274
10              1200               -48.321           -12.6           0.5134803921568627
11              1300               -47.564           -12.6           0.5178117048346055
12              1400               -46.822           -12.6           0.5155038759689922
13              1500               -45.751           -12.6           0.5230566534914362
14              1600               -45.281           -12.6           0.5238095238095237
15              1700               -44.629           -12.6           0.5188284518828452
16              1800               -43.712           -12.6           0.5156695156695157
17              1900               -43.192           -12.6           0.519650655021834
18              2000               -42.661           -12.6           0.514074074074074
----------run:11-------
Generation      Evaluations        Average Fitness   Best Fitness   Mutation Rate
0               200                -101.272          -24.2           0.2            
1               300                -75.662           -24.2           0.7655615696887685
2               400                -67.446           -23             0.6537704918032786
3               500                -61.945           -12.8           0.6140939597315436
4               600                -57.655           -12.8           0.5602049530315968
5               700                -54.211           -12.8           0.5453667953667953
6               800                -51.321           -12.8           0.547052740434333
7               900                -50.139           -12.8           0.5441340782122905
8               1000               -48.719           -12.8           0.5459837019790453
9               1100               -48.025           -12.8           0.5492102065613609
10              1200               -46.482           -12.8           0.5444305381727158
11              1300               -45.819           -12.8           0.5342105263157895
12              1400               -44.726           -12.8           0.5296495956873315
13              1500               -43.753           -12.8           0.5276243093922651
14              1600               -43.314           -12.8           0.5351123595505618
15              1700               -42.856           -12.8           0.5410764872521246
16              1800               -41.969           -12.8           0.5374639769452448
17              1900               -41.287           -12.8           0.5364041604754828
18              2000               -40.832           -12.8           0.5297709923664122
----------run:12-------
Generation      Evaluations        Average Fitness   Best Fitness   Mutation Rate
0               200                -103.781          -33             0.2            
1               300                -80.917           -28             0.7899322362052275
2               400                -71.829           -28             0.649561107359892
3               500                -65.487           -27             0.6208609271523179
4               600                -60.886           -27             0.6107954545454546
5               700                -58.284           -27             0.6087431693989072
6               800                -55.493           -27             0.6045977011494253
7               900                -53.542           -27             0.6061728395061728
8               1000               -51.639           -27             0.6156862745098038
9               1100               -50.372           -27             0.6358543417366946
10              1200               -49.247           -27             0.6283185840707965
11              1300               -48.137           -27             0.6334841628959276
12              1400               -46.937           -27             0.6434108527131783
13              1500               -45.793           -27             0.6602564102564104
14              1600               -44.925           -27             0.67816091954023
15              1700               -44.035           -24.8           0.6804123711340205
16              1800               -43.18            -16             0.6621621621621622
17              1900               -42.745           -16             0.5729323308270677
18              2000               -42.247           -16             0.5696784073506892
----------run:13-------
Generation      Evaluations        Average Fitness   Best Fitness   Mutation Rate
0               200                -102.672          -32.2           0.2            
1               300                -76.82000000000001 -29.2           0.8088549618320611
2               400                -69.861           -29.2           0.6657243816254416
3               500                -65.197           -29.2           0.6406518010291595
4               600                -59.751           -26.2           0.6377097729516289
5               700                -57.217           -26.2           0.638771186440678
6               800                -54.632           -26.2           0.632          
7               900                -53.017           -26.2           0.6266996291718171
8               1000               -51.591           -26.2           0.6105960264900662
9               1100               -50.0             -26.2           0.6028169014084507
10              1200               -47.907           -11             0.6248153618906943
11              1300               -46.62            -11             0.5138190954773869
12              1400               -46.101           -11             0.5065274151436031
13              1500               -45.238           -11             0.506631299734748
14              1600               -44.419           -11             0.5061391541609823
15              1700               -44.153           -11             0.514442916093535
16              1800               -43.462           -11             0.5187239944521498
17              1900               -42.829           -11             0.5176304654442877
18              2000               -42.379           -11             0.5220483641536273
----------run:14-------
Generation      Evaluations        Average Fitness   Best Fitness   Mutation Rate
0               200                -105.396          -23             0.2            
1               300                -79.582           -22             0.7629810629199756
2               400                -69.02            -22             0.6231699554423934
3               500                -63.684           -22             0.5996822875297855
4               600                -60.188           -22             0.592007434944238
5               700                -57.45            -22             0.5890132248219736
6               800                -54.81            -22             0.597860962566845
7               900                -52.341           -21             0.6004618937644342
8               1000               -50.395           -21             0.5897435897435896
9               1100               -48.671           -21             0.6007751937984496
10              1200               -47.351           -21             0.5964912280701754
11              1300               -46.09            -21             0.5957446808510638
12              1400               -45.168           -21             0.6047197640117995
13              1500               -44.191           -21             0.6075757575757577
14              1600               -43.926           -21             0.6063492063492064
15              1700               -43.211           -21             0.6025641025641026
16              1800               -42.605           -21             0.6097560975609756
17              1900               -41.982           -21             0.615          
18              2000               -40.976           -21             0.6136752136752136
----------run:15-------
Generation      Evaluations        Average Fitness   Best Fitness   Mutation Rate
0               200                -104.42999999999999 -23.2           0.2            
1               300                -77.868           -23.2           0.7672994488671157
2               400                -67.06099999999999 -23.2           0.6499682942295497
3               500                -61.235           -23.2           0.6236647493837304
4               600                -56.811           -11.6           0.6051625239005737
5               700                -54.331           -11.6           0.5447545717035611
6               800                -51.554           -11.6           0.5317377731529656
7               900                -49.742           -11.6           0.5465498357064622
8               1000               -47.979           -11.6           0.5454545454545454
9               1100               -47.103           -11.6           0.5362663495838287
10              1200               -46.516           -11.6           0.5363748458692971
11              1300               -45.33            -11.6           0.5334174022698612
12              1400               -44.97            -11.6           0.5231175693527081
13              1500               -44.072           -11.6           0.523680649526387
14              1600               -43.288           -11.6           0.5280898876404494
15              1700               -42.996           -11.6           0.5334281650071123
16              1800               -42.619           -11.6           0.5351506456241033
17              1900               -41.779           -11.6           0.5249266862170089
18              2000               -41.285           -11.6           0.5328358208955224
----------run:16-------
Generation      Evaluations        Average Fitness   Best Fitness   Mutation Rate
0               200                -104.379          -31.2           0.2            
1               300                -76.2             -31.2           0.7778891115564461
2               400                -65.828           -28.6           0.6863945578231292
3               500                -60.362           -28.6           0.6716157205240175
4               600                -56.453           -28.6           0.6549948506694129
5               700                -54.002           -28.6           0.6742596810933941
6               800                -50.818           -15.6           0.6649746192893401
7               900                -49.403999999999996 -15.6           0.5653710247349824
8               1000               -48.15            -15.6           0.5493133583021222
9               1100               -47.235           -15.6           0.5555555555555556
10              1200               -46.063           -15.6           0.5586666666666666
11              1300               -45.48            -15.6           0.5546334716459198
12              1400               -44.455           -15.6           0.5507246376811593
13              1500               -43.866           -15.6           0.5446428571428571
14              1600               -43.644           -15.6           0.5424242424242424
15              1700               -43.042           -15.6           0.5412844036697247
16              1800               -42.531           -15.6           0.5432098765432098
17              1900               -41.784           -15.6           0.5440251572327043
18              2000               -41.24            -15.6           0.5432692307692308
----------run:17-------
Generation      Evaluations        Average Fitness   Best Fitness   Mutation Rate
0               200                -101.038          -26             0.2            
1               300                -76.784           -22             0.7938209331651955
2               400                -67.258           -22             0.606602475928473
3               500                -62.591           -22             0.6093617021276596
4               600                -58.613           -22             0.6079170593779455
5               700                -56.063           -22             0.5995762711864406
6               800                -54.341           -22             0.5871559633027522
7               900                -52.606           -22             0.5754601226993865
8               1000               -51.168           -22             0.5682989690721649
9               1100               -50.309           -22             0.578734858681023
10              1200               -48.686           -22             0.5799721835883171
11              1300               -47.538           -22             0.5921625544267053
12              1400               -46.136           -22             0.5898203592814372
13              1500               -45.729           -22             0.5965996908809892
14              1600               -45.308           -22             0.5940438871473355
15              1700               -44.509           -14.2           0.5942492012779552
16              1800               -43.883           -14.2           0.532656023222061
17              1900               -43.443           -14.2           0.5290611028315948
18              2000               -43.062           -14.2           0.5271903323262841
----------run:18-------
Generation      Evaluations        Average Fitness   Best Fitness   Mutation Rate
0               200                -105.877          -26.6           0.2            
1               300                -77.778           -26.6           0.77784911717496
2               400                -69.093           -26.6           0.6596306068601583
3               500                -62.699           -19.4           0.6362862010221465
4               600                -58.987           -19.4           0.5751391465677179
5               700                -55.307           -19.4           0.5758196721311475
6               800                -53.079           -19.4           0.5677200902934538
7               900                -51.185           -11.8           0.5649038461538461
8               1000               -49.398           -11.8           0.5149082568807339
9               1100               -48.084           -11.8           0.5196662693682955
10              1200               -47.492           -11.8           0.5261875761266748
11              1300               -46.401           -11.8           0.5162500000000001
12              1400               -45.887           -11.8           0.5168831168831169
13              1500               -44.461           -11.8           0.5145118733509234
14              1600               -43.508           -11.8           0.5216216216216216
15              1700               -42.834           -11.8           0.5255172413793103
16              1800               -42.118           -11.8           0.518465909090909
17              1900               -41.641           -11.8           0.5195936139332364
18              2000               -41.093           -11.8           0.5214180206794682
----------run:19-------
Generation      Evaluations        Average Fitness   Best Fitness   Mutation Rate
0               200                -104.85           -25.4           0.2            
1               300                -77.581           -25.4           0.7836379982019778
2               400                -68.458           -25.4           0.6610169491525424
3               500                -62.807           -25.4           0.6241610738255035
4               600                -58.356           -25.4           0.6057416267942584
5               700                -55.392           -25.4           0.6106194690265487
6               800                -53.074           -20.4           0.6159334126040428
7               900                -51.061           -20.4           0.588095238095238
8               1000               -49.361           -20.4           0.600250626566416
9               1100               -48.161           -20.4           0.6119791666666666
10              1200               -46.936           -20.4           0.60840108401084
11              1300               -46.075           -20.4           0.5919540229885059
12              1400               -45.432           -20.4           0.5837104072398189
13              1500               -44.46            -20.4           0.5848765432098766
14              1600               -43.905           -20             0.5853269537480064
15              1700               -43.414           -20             0.5811688311688312
16              1800               -42.978           -20             0.5806988352745424
17              1900               -42.531           -20             0.5806451612903227
18              2000               -42.378           -20             0.5827586206896551
----------run:20-------
Generation      Evaluations        Average Fitness   Best Fitness   Mutation Rate
0               200                -97.766           -22.2           0.2            
1               300                -72.801           -17.4           0.7812598923710035
2               400                -62.395           -17.4           0.6226166995397766
3               500                -58.41            -17.4           0.5939086294416244
4               600                -55.113           -11.8           0.5821462488129154
5               700                -52.115           -11.8           0.5463414634146342
6               800                -50.543           -11.8           0.5543822597676874
7               900                -48.682           -11.8           0.5546961325966852
8               1000               -47.524           -11.8           0.5546511627906977
9               1100               -46.238           -11.8           0.5601907032181168
10              1200               -45.395           -11.8           0.555          
11              1300               -44.567           -11.8           0.5515923566878982
12              1400               -43.939           -11.8           0.544502617801047
13              1500               -43.52            -11.8           0.5378378378378379
14              1600               -42.692           -11.8           0.5318559556786703
15              1700               -42.197           -11.8           0.536067892503536
16              1800               -41.787           -11.8           0.5375722543352601
17              1900               -40.711           -11.8           0.5302806499261448
18              2000               -40.375           -11.8           0.5301391035548686
----------run:21-------
Generation      Evaluations        Average Fitness   Best Fitness   Mutation Rate
0               200                -104.806          -24.4           0.2            
1               300                -78.612           -22.4           0.7405386975792703
2               400                -67.966           -22.4           0.6656644618159953
3               500                -63.169           -22.4           0.6004922067268254
4               600                -58.058           -21             0.6117867165575305
5               700                -55.576           -21             0.6037735849056604
6               800                -54.011           -21             0.5937149270482605
7               900                -52.129           -21             0.5871886120996442
8               1000               -50.276           -21             0.5836477987421383
9               1100               -49.385           -21             0.5779569892473119
10              1200               -48.482           -21             0.5798898071625345
11              1300               -47.526           -21             0.5769230769230769
12              1400               -46.66            -20.4           0.5859030837004404
13              1500               -45.482           -20.4           0.5851851851851853
14              1600               -44.518           -20.4           0.5802469135802468
15              1700               -43.848           -20.4           0.5904761904761905
16              1800               -43.293           -20.4           0.5869918699186992
17              1900               -42.528           -20.4           0.6006600660066006
18              2000               -41.982           -20.4           0.5989847715736041
----------run:22-------
Generation      Evaluations        Average Fitness   Best Fitness   Mutation Rate
0               200                -108.082          -27.8           0.2            
1               300                -79.487           -27.8           0.7707672796448954
2               400                -68.467           -27.4           0.6417218543046359
3               500                -62.132           -27.2           0.6066725197541704
4               600                -58.75            -23.8           0.6182741116751269
5               700                -56.315           -23.8           0.6002132196162047
6               800                -53.64            -23.8           0.5886442641946698
7               900                -52.13            -23.8           0.6032138442521631
8               1000               -50.475           -23.8           0.6054333764553688
9               1100               -49.232           -23.8           0.6214382632293081
10              1200               -48.831           -23.8           0.6187150837988826
11              1300               -47.898           -23.8           0.6129496402877699
12              1400               -46.624           -23.8           0.62125748502994
13              1500               -45.366           -23.8           0.6259659969088098
14              1600               -44.441           -23.8           0.6304700162074554
15              1700               -43.69            -20             0.6409395973154361
16              1800               -42.893           -20             0.6025848142164782
17              1900               -42.237           -20             0.6073211314475873
18              2000               -41.836           -20             0.6040955631399316
----------run:23-------
Generation      Evaluations        Average Fitness   Best Fitness   Mutation Rate
0               200                -101.266          -24.2           0.2            
1               300                -75.753           -24.2           0.7910680824484697
2               400                -66.826           -24.2           0.6540795684423466
3               500                -60.984           -24.2           0.6290877796901893
4               600                -57.279           -24.2           0.623046875    
5               700                -55.18            -24.2           0.6150442477876107
6               800                -52.825           -24.2           0.615112160566706
7               900                -51.226           -24.2           0.6007802340702211
8               1000               -49.861           -24.2           0.5994587280108256
9               1100               -48.721           -24.2           0.613314447592068
10              1200               -47.876           -24.2           0.6071964017991005
11              1300               -47.148           -24             0.6049766718506998
12              1400               -46.251           -24             0.6022012578616351
13              1500               -45.1             -15             0.6113821138211382
14              1600               -44.254           -15             0.5429403202328966
15              1700               -43.51            -15             0.5446428571428571
16              1800               -42.732           -15             0.5403348554033485
17              1900               -42.37            -15             0.5345911949685533
18              2000               -42.01            -15             0.5281803542673107
----------run:24-------
Generation      Evaluations        Average Fitness   Best Fitness   Mutation Rate
0               200                -103.853          -14             0.2            
1               300                -79.477           -14             0.7273893521488133
2               400                -71.025           -14             0.5752919483712353
3               500                -65.647           -14             0.5625         
4               600                -61.011           -14             0.5306980656013456
5               700                -57.23            -14             0.5541629364368845
6               800                -54.447           -14             0.5474308300395256
7               900                -53.212           -14             0.5640756302521008
8               1000               -51.534           -14             0.5625680087051141
9               1100               -49.288           -14             0.5661434977578474
10              1200               -48.491           -14             0.5636147443519619
11              1300               -47.367           -14             0.55771567436209
12              1400               -46.471000000000004 -14             0.5548549810844894
13              1500               -45.828           -14             0.5455746367239102
14              1600               -44.964           -14             0.5471698113207546
15              1700               -44.152           -14             0.5398601398601399
16              1800               -43.452           -14             0.5389048991354467
17              1900               -42.664           -14             0.5364041604754829
18              2000               -42.023           -14             0.5334346504559271
----------run:25-------
Generation      Evaluations        Average Fitness   Best Fitness   Mutation Rate
0               200                -102.136          -22.2           0.2            
1               300                -74.206           -21             0.7344940152339499
2               400                -65.381           -21             0.6499999999999999
3               500                -60.159           -21             0.6168776371308017
4               600                -56.92            -21             0.5988372093023255
5               700                -54.65            -21             0.5907590759075907
6               800                -52.181           -21             0.5804195804195805
7               900                -49.449           -18.6           0.5898389095415117
8               1000               -48.105           -18.6           0.5902255639097744
9               1100               -46.923           -18.6           0.5958005249343832
10              1200               -45.971000000000004 -18.6           0.5919778699861686
11              1300               -45.028           -18.6           0.5901875901875901
12              1400               -43.789           -18.6           0.5877976190476191
13              1500               -43.235           -18.6           0.5844961240310076
14              1600               -42.638           -18.6           0.5892575039494472
15              1700               -41.986           -18.6           0.5942028985507246
16              1800               -41.049           -18.6           0.6013071895424837
17              1900               -40.577           -18.6           0.6026936026936026
18              2000               -39.949           -18.6           0.6054421768707484
----------run:26-------
Generation      Evaluations        Average Fitness   Best Fitness   Mutation Rate
0               200                -104.337          -27             0.2            
1               300                -80.18            -20.4           0.7685003274394236
2               400                -68.47            -16.2           0.6260762607626076
3               500                -63.286           -16.2           0.5709876543209876
4               600                -59.144           -16.2           0.5570175438596492
5               700                -56.499           -16.2           0.566183574879227
6               800                -53.742           -16.2           0.5617283950617284
7               900                -51.556           -16.2           0.5683060109289617
8               1000               -50.171           -16.2           0.561091340450771
9               1100               -48.739           -16.2           0.559610705596107
10              1200               -47.574           -16.2           0.5614702154626109
11              1300               -46.482           -16.2           0.556          
12              1400               -45.387           -16.2           0.5642076502732241
13              1500               -44.987           -16.2           0.5677966101694916
14              1600               -44.477           -16.2           0.5722460658082975
15              1700               -43.643           -16.2           0.5687134502923976
16              1800               -43.08            -16.2           0.5758928571428572
17              1900               -42.399           -16.2           0.5688073394495413
18              2000               -42.291           -16.2           0.5660377358490567
----------run:27-------
Generation      Evaluations        Average Fitness   Best Fitness   Mutation Rate
0               200                -108.626          -25.6           0.2            
1               300                -79.065           -25.6           0.7527454242928453
2               400                -68.584           -25.6           0.6509067357512953
3               500                -62.883           -25.6           0.6056458511548333
4               600                -58.68            -25.6           0.6105675146771037
5               700                -56.165           -25.6           0.5980176211453745
6               800                -54.401           -25.6           0.6102502979737783
7               900                -52.936           -25.6           0.6165605095541402
8               1000               -51.341           -18             0.6132971506105834
9               1100               -49.481           -18             0.572139303482587
10              1200               -47.952           -18             0.5747126436781609
11              1300               -47.022           -18             0.5800000000000001
12              1400               -45.694           -18             0.5785123966942148
13              1500               -45.278           -18             0.5782608695652174
14              1600               -44.764           -18             0.5733333333333334
15              1700               -44.109           -18             0.5727272727272728
16              1800               -43.549           -18             0.5763239875389407
17              1900               -42.684           -18             0.5673076923076924
18              2000               -42.068           -18             0.5671641791044777
----------run:28-------
Generation      Evaluations        Average Fitness   Best Fitness   Mutation Rate
0               200                -103.924          -25.4           0.2            
1               300                -80.56700000000001 -23             0.7685305591677503
2               400                -70.334           -23             0.6088390501319261
3               500                -64.097           -23             0.5886232481450948
4               600                -60.494           -23             0.5780510879848628
5               700                -58.169           -23             0.5829831932773109
6               800                -54.96            -23             0.5852017937219731
7               900                -53.482           -23             0.6033653846153846
8               1000               -51.937           -23             0.6047381546134662
9               1100               -50.649           -23             0.6209987195902689
10              1200               -49.39            -21.4           0.6059782608695652
11              1300               -48.803           -21.4           0.5824022346368716
12              1400               -48.287           -21.4           0.5852272727272729
13              1500               -47.561           -15.8           0.5863570391872279
14              1600               -46.812           -15.8           0.5331491712707181
15              1700               -46.329           -15.8           0.5351123595505618
16              1800               -45.699           -15.8           0.538243626062323
17              1900               -44.882           -15.8           0.5485714285714286
18              2000               -44.125           -15.8           0.5425219941348973
----------run:29-------
Generation      Evaluations        Average Fitness   Best Fitness   Mutation Rate
0               200                -105.119          -23.4           0.2            
1               300                -77.426           -23.4           0.7663580246913579
2               400                -68.309           -22             0.6341780376868097
3               500                -62.338           -22             0.6198877305533279
4               600                -58.42            -22             0.6312384473197782
5               700                -56.479           -22             0.6168898043254377
6               800                -54.201           -22             0.5966850828729282
7               900                -52.456           -22             0.5770171149144254
8               1000               -51.031           -22             0.5736636245110821
9               1100               -50.022           -22             0.569655172413793
10              1200               -48.88            -21             0.5691868758915833
11              1300               -48.275           -21             0.5633187772925764
12              1400               -47.567           -21             0.5625         
13              1500               -46.727           -21             0.5616438356164383
14              1600               -45.921           -21             0.5809968847352025
15              1700               -44.852           -19             0.584126984126984
16              1800               -44.092           -19             0.5643879173290938
17              1900               -43.618           -19             0.567741935483871
18              2000               -43.191           -19             0.5657894736842106
