----------run:0-------
Generation      Evaluations        Average Fitness   Best Fitness   Avg Parameter
0               200                -173.0533494246865 -31.14563409364612 0.5299479130306175
1               300                -136.89678781092098 -31.14563409364612 0.4218399490567187
2               400                -120.13201326468601 -31.14563409364612 0.35691261039846683
3               500                -110.60061910264824 -31.14563409364612 0.3267384302746647
4               600                -105.23643910776235 -31.14563409364612 0.3095162138376685
5               700                -100.43211001087997 -31.14563409364612 0.2905242528832958
6               800                -96.5452060260348 -31.14563409364612 0.26351546138933035
7               900                -92.27388489998705 -31.14563409364612 0.2599324187475447
8               1000               -88.49938153403733 -25.577357562089908 0.24122381899412504
9               1100               -86.31445727379091 -25.577357562089908 0.22186779127173217
10              1200               -83.61557913951849 -25.577357562089908 0.21819903140703034
11              1300               -81.01521398833347 -25.577357562089908 0.20699824932341895
12              1400               -79.68345817343791 -25.577357562089908 0.19648139028607112
13              1500               -78.22480306730131 -25.577357562089908 0.18609568710080412
14              1600               -76.64321810974151 -25.577357562089908 0.1780459675956205
15              1700               -75.48424594489059 -25.577357562089908 0.17622107766233794
16              1800               -73.67550836638682 -25.577357562089908 0.17182263052664046
17              1900               -72.98391438775624 -25.577357562089908 0.17409029313995603
18              2000               -72.01513173933772 -25.577357562089908 0.1737920598629506
----------run:1-------
Generation      Evaluations        Average Fitness   Best Fitness   Avg Parameter
0               200                -170.3660910348283 -52.43862641002715 0.5084161882772082
1               300                -134.1559472694858 -29.239823965988588 0.41661919061697383
2               400                -118.16074327388436 -29.239823965988588 0.37252980607488045
3               500                -109.39959368695082 -29.239823965988588 0.3207550277058654
4               600                -101.96919489694325 -29.239823965988588 0.2923589620398212
5               700                -97.54930564946575 -29.239823965988588 0.2684103751378418
6               800                -93.01321451367254 -29.239823965988588 0.24690513531582758
7               900                -89.8701770272561 -29.239823965988588 0.2398043153148243
8               1000               -86.2611576170905 -29.239823965988588 0.21865207273680887
9               1100               -83.83527824784338 -29.239823965988588 0.19807267377563315
10              1200               -81.22079590585324 -25.3445661346717 0.19093421408248945
11              1300               -78.57773143971717 -25.3445661346717 0.18820802279065074
12              1400               -76.17092343930098 -25.3445661346717 0.1847762113257517
13              1500               -74.64370916291169 -25.3445661346717 0.18275820883687907
14              1600               -73.84947232637649 -25.3445661346717 0.17674005922256417
15              1700               -72.29059321755932 -25.3445661346717 0.16810949925680652
16              1800               -71.14525784628704 -25.3445661346717 0.16620260828051023
17              1900               -70.1018637729203 -25.3445661346717 0.16283779623391378
18              2000               -68.1776234687    -25.3445661346717 0.15206521396508138
----------run:2-------
Generation      Evaluations        Average Fitness   Best Fitness   Avg Parameter
0               200                -173.81382679227693 -58.74053439725964 0.5003229844886253
1               300                -132.1910268683628 -43.92121468962331 0.38881501795759243
2               400                -119.23416079896388 -43.92121468962331 0.3619056160113882
3               500                -109.22551789659636 -43.92121468962331 0.31918387250690267
4               600                -102.26314699036351 -34.89054903265791 0.2927296871728743
5               700                -97.85084711405162 -34.89054903265791 0.2707017297592578
6               800                -94.82255549152761 -34.89054903265791 0.2537195194237657
7               900                -90.784349947545  -34.89054903265791 0.23808592941953313
8               1000               -87.25962895078393 -34.89054903265791 0.22511723304823386
9               1100               -85.15464759024916 -34.89054903265791 0.21459885202396733
10              1200               -82.70120763379894 -34.89054903265791 0.21070242119467616
11              1300               -81.07223087406675 -30.892941434774432 0.20467627854412523
12              1400               -79.92060706478537 -30.892941434774432 0.19840257671954933
13              1500               -77.73408032030767 -30.892941434774432 0.18814837511734717
14              1600               -77.50118656821098 -30.892941434774432 0.1837158683062529
15              1700               -76.4795769212057 -30.892941434774432 0.18402259595149506
16              1800               -74.87224668996784 -25.835433156944006 0.17559412793597337
17              1900               -73.17449422234745 -25.835433156944006 0.17216343956313418
18              2000               -72.06381609335973 -25.835433156944006 0.16402803645364797
----------run:3-------
Generation      Evaluations        Average Fitness   Best Fitness   Avg Parameter
0               200                -167.92315754909225 -40.18057310433147 0.5174498853828142
1               300                -130.48727041133736 -39.57791437113154 0.40951540363618927
2               400                -116.43779400830198 -38.61373193386741 0.3498395978525335
3               500                -106.81081131564301 -38.61373193386741 0.3067016633108419
4               600                -99.89473784154946 -38.61373193386741 0.2901176638492925
5               700                -94.88154420713985 -38.61373193386741 0.2521457478672414
6               800                -92.0827563510811 -38.61373193386741 0.24151575733353586
7               900                -89.19005294764418 -38.61373193386741 0.2300773091034238
8               1000               -85.58622701881615 -26.666136027777398 0.20841406207719174
9               1100               -82.95110303573043 -26.666136027777398 0.20388125720848121
10              1200               -80.95241925716722 -26.666136027777398 0.2024392680508716
11              1300               -79.47816964477619 -26.666136027777398 0.20585232181884322
12              1400               -77.84997266110904 -26.666136027777398 0.19359875673484045
13              1500               -75.83063472885196 -26.666136027777398 0.18703012036790365
14              1600               -74.82779363570143 -26.666136027777398 0.17829627131311948
15              1700               -74.33638482497408 -26.666136027777398 0.17093099597326145
16              1800               -73.27768662467828 -26.666136027777398 0.16752945257396445
17              1900               -72.07704830556646 -26.666136027777398 0.16304833236790456
18              2000               -70.96641067238818 -26.666136027777398 0.16190956536795795
----------run:4-------
Generation      Evaluations        Average Fitness   Best Fitness   Avg Parameter
0               200                -170.41123883358014 -48.32108333522365 0.5109179377407921
1               300                -132.63975700160424 -28.150051451797115 0.4030001681688914
2               400                -118.83641753947725 -28.150051451797115 0.3678162333052475
3               500                -109.59936329986314 -28.150051451797115 0.3262222257814189
4               600                -102.73007389119496 -26.786640877554817 0.28541628271954933
5               700                -97.45673427125737 -26.786640877554817 0.26432206807013303
6               800                -92.19983425578394 -26.786640877554817 0.23937180095520288
7               900                -89.38479831702075 -26.786640877554817 0.23027913056969448
8               1000               -85.74016697608215 -26.786640877554817 0.2142506679331236
9               1100               -82.46752615438854 -26.786640877554817 0.20103527667171803
10              1200               -80.13983710976294 -26.786640877554817 0.18684918550020194
11              1300               -77.90779529434566 -26.786640877554817 0.17352324239001754
12              1400               -75.42388566442979 -26.786640877554817 0.17167383662729357
13              1500               -73.80587060520384 -24.65416500178623 0.1588426490834902
14              1600               -72.70457589924257 -24.65416500178623 0.15815527009834401
15              1700               -71.44194225494071 -24.65416500178623 0.1559351437135227
16              1800               -70.33885657204026 -24.65416500178623 0.14917840900419677
17              1900               -69.27176623638721 -24.65416500178623 0.1466653076484102
18              2000               -68.55785343386546 -24.65416500178623 0.14656198343854346
----------run:5-------
Generation      Evaluations        Average Fitness   Best Fitness   Avg Parameter
0               200                -164.23762900056562 -37.45249987471041 0.5188465728538649
1               300                -132.55627356633016 -37.45249987471041 0.4385518109703134
2               400                -116.23599984577066 -37.45249987471041 0.35915644898924753
3               500                -107.66917215676452 -37.45249987471041 0.31963638104782993
4               600                -102.00587775095065 -31.744576664516945 0.29252662776541966
5               700                -95.9344516966906 -31.744576664516945 0.25869511508468185
6               800                -91.06332362338189 -20.17387069903647 0.23827946176760398
7               900                -87.7100269788775 -20.17387069903647 0.22546759014429563
8               1000               -84.35125153028149 -20.17387069903647 0.21379406828442576
9               1100               -81.38893272333873 -20.17387069903647 0.20193555932817825
10              1200               -79.67320885993064 -20.17387069903647 0.2009160415832994
11              1300               -77.83679557672806 -20.17387069903647 0.19042931467439184
12              1400               -75.77215048135272 -20.17387069903647 0.18691568717069953
13              1500               -74.08610308977183 -20.17387069903647 0.18142109523613975
14              1600               -73.2022108670627 -20.17387069903647 0.18037076225067708
15              1700               -72.63225555649203 -20.17387069903647 0.1734428300230631
16              1800               -70.68572379085889 -20.17387069903647 0.16033838157990735
17              1900               -70.06632845833445 -20.17387069903647 0.1620660999524594
18              2000               -69.49702534468938 -20.17387069903647 0.1614529398865419
----------run:6-------
Generation      Evaluations        Average Fitness   Best Fitness   Avg Parameter
0               200                -168.6452778298735 -32.59674233493999 0.4940917542234447
1               300                -128.79347960708432 -32.59674233493999 0.37358122768528623
2               400                -113.16300867083858 -32.59674233493999 0.3356473518423526
3               500                -105.18941071788174 -32.59674233493999 0.303571996719055
4               600                -97.99270002615664 -32.59674233493999 0.27140399689396905
5               700                -93.16801713465712 -32.59674233493999 0.24617071999003978
6               800                -89.27414278895618 -32.59674233493999 0.22351243252908876
7               900                -86.33015662655308 -32.59674233493999 0.21188742397671478
8               1000               -83.96007519124328 -32.59674233493999 0.19663140593928138
9               1100               -81.36523157913722 -32.59674233493999 0.1921897214676297
10              1200               -79.02230773806498 -32.59674233493999 0.18342680601599176
11              1300               -77.31766940339061 -32.59674233493999 0.1754185666303984
12              1400               -75.85808713431908 -32.59674233493999 0.16885615044692337
13              1500               -73.86947995585768 -32.59674233493999 0.16186027326860672
14              1600               -72.53364293670481 -32.59674233493999 0.15539877130414192
15              1700               -70.88450876168935 -32.59674233493999 0.1518504080746599
16              1800               -70.03340055457022 -31.702293102117487 0.14573622761080934
17              1900               -68.6577094810188 -31.702293102117487 0.14450627649266243
18              2000               -67.66883045853068 -31.702293102117487 0.14033282321152504
----------run:7-------
Generation      Evaluations        Average Fitness   Best Fitness   Avg Parameter
0               200                -168.39553553050962 -58.338093585334796 0.49429543506370915
1               300                -132.54222627999977 -58.338093585334796 0.3981918102673976
2               400                -120.30207736934985 -58.338093585334796 0.34253101859438106
3               500                -109.04282807742872 -37.72138726542677 0.30287726247588237
4               600                -101.98741437813796 -37.72138726542677 0.2802817150648539
5               700                -96.58368957734382 -37.72138726542677 0.2612814126474316
6               800                -93.77995713229475 -37.72138726542677 0.25629252448988266
7               900                -89.8282202805656 -37.72138726542677 0.23715707441152264
8               1000               -87.76508204083824 -37.72138726542677 0.2209755238084075
9               1100               -85.2165266050699 -37.72138726542677 0.21174860281194288
10              1200               -82.57685110892658 -31.379257699867495 0.20048036340643888
11              1300               -80.64422480186266 -24.19887736356469 0.19298146848235082
12              1400               -79.2198060441462 -24.19887736356469 0.18747629527635987
13              1500               -77.78711444657823 -24.19887736356469 0.1861285541986255
14              1600               -76.75964684611783 -24.19887736356469 0.1822636491228115
15              1700               -76.16744368477997 -24.19887736356469 0.18255812422653778
16              1800               -75.2620540886513 -24.19887736356469 0.17793132002880632
17              1900               -73.71060844488763 -24.19887736356469 0.16927738089547825
18              2000               -72.4989570195757 -24.19887736356469 0.16636529786581103
----------run:8-------
Generation      Evaluations        Average Fitness   Best Fitness   Avg Parameter
0               200                -172.58086288107413 -33.41189296045662 0.5167573100563628
1               300                -136.31755471828973 -33.41189296045662 0.4152938526425623
2               400                -120.4042636118957 -33.41189296045662 0.3819146104382836
3               500                -111.24931231568416 -33.41189296045662 0.3590312028131382
4               600                -105.06082312559906 -33.41189296045662 0.3226484900923598
5               700                -98.51357122156065 -33.41189296045662 0.2946015914483547
6               800                -93.44519814980248 -33.41189296045662 0.2544287651653381
7               900                -88.19982642051993 -33.41189296045662 0.22679146788443116
8               1000               -84.45926077914594 -33.41189296045662 0.21259969163461823
9               1100               -81.50811036958133 -33.41189296045662 0.20777497796143965
10              1200               -79.81573047325529 -33.41189296045662 0.1922387369547133
11              1300               -77.07712779585248 -33.41189296045662 0.18611120893983044
12              1400               -76.39091646442084 -33.41189296045662 0.18332681637740048
13              1500               -74.96266137508773 -29.774882835785903 0.1779980056344416
14              1600               -74.06183777058214 -29.774882835785903 0.17246691166564387
15              1700               -71.96954496084169 -24.673742146087896 0.16778571732805497
16              1800               -70.62896028785312 -24.673742146087896 0.165534074412321
17              1900               -69.54373987777169 -24.673742146087896 0.15910333629388573
18              2000               -68.734861325932  -24.673742146087896 0.1555075749717576
----------run:9-------
Generation      Evaluations        Average Fitness   Best Fitness   Avg Parameter
0               200                -171.7794260585193 -49.0091822803023 0.48859207549629236
1               300                -135.29907924165224 -42.791422650073926 0.4131555558262529
2               400                -121.37577851237566 -42.791422650073926 0.3506615167231969
3               500                -110.59884380985349 -41.29905076831262 0.31043862781508025
4               600                -104.63991903438696 -41.29905076831262 0.27061157175883577
5               700                -97.35251348367228 -23.190961228809794 0.25197872858351916
6               800                -92.73149629256947 -23.190961228809794 0.2354174431232751
7               900                -87.70363990468414 -23.190961228809794 0.21551003314636613
8               1000               -84.40350201261195 -23.190961228809794 0.1988760947159681
9               1100               -82.73574735986959 -23.190961228809794 0.18509517095193462
10              1200               -81.10714467979219 -23.190961228809794 0.17638905745030872
11              1300               -79.44485862059953 -23.190961228809794 0.17548423282074765
12              1400               -77.68525181541854 -23.190961228809794 0.1665253904117116
13              1500               -75.16802983174466 -23.190961228809794 0.1617605560269065
14              1600               -74.12393799041666 -23.190961228809794 0.1659524401246744
15              1700               -73.02042851816971 -23.190961228809794 0.1649345554627102
16              1800               -72.23955117213315 -23.190961228809794 0.16013730501399517
17              1900               -71.58660258920055 -23.190961228809794 0.15246633620115577
18              2000               -70.59265835793818 -23.190961228809794 0.14769022045196087
----------run:10-------
Generation      Evaluations        Average Fitness   Best Fitness   Avg Parameter
0               200                -176.67333967583613 -31.556877161093208 0.49721491332893913
1               300                -137.58522866994227 -31.556877161093208 0.4120878647624303
2               400                -121.24823352913582 -31.556877161093208 0.36494739688590566
3               500                -111.03643121273414 -31.556877161093208 0.3327724113950412
4               600                -101.26416298059445 -30.512124985322068 0.29001463104967384
5               700                -93.77984535059879 -30.512124985322068 0.25330137927119994
6               800                -89.15392085390684 -30.512124985322068 0.232261734870285
7               900                -86.4610473192877 -30.512124985322068 0.22238468919265922
8               1000               -84.1750927662776 -30.512124985322068 0.21344933429371768
9               1100               -82.36921107967608 -30.512124985322068 0.20827797539809356
10              1200               -79.24143234147787 -30.512124985322068 0.19638227092337604
11              1300               -76.29156242641922 -30.512124985322068 0.17958370655092112
12              1400               -74.67340390464216 -30.512124985322068 0.16888326734502368
13              1500               -73.2320908707425 -30.512124985322068 0.16290261873752326
14              1600               -71.19225574996412 -30.512124985322068 0.15968640448388666
15              1700               -70.30427642078872 -30.512124985322068 0.1575790606732084
16              1800               -69.57281092779947 -30.512124985322068 0.15589116460822824
17              1900               -68.52409328674321 -30.512124985322068 0.15252043900572695
18              2000               -67.53446745333314 -30.512124985322068 0.1493792813257196
----------run:11-------
Generation      Evaluations        Average Fitness   Best Fitness   Avg Parameter
0               200                -170.03275340924176 -46.0159446664439 0.4837534953466653
1               300                -134.65153952352884 -46.0159446664439 0.38844133244024903
2               400                -117.26676177437665 -32.5341439352024 0.3275872034385102
3               500                -109.545846810916 -32.5341439352024 0.3141770882438471
4               600                -103.18164633495368 -32.5341439352024 0.2788604886971583
5               700                -98.52359004291583 -32.5341439352024 0.2635653507224822
6               800                -93.43270933680523 -32.5341439352024 0.23965071538730992
7               900                -90.66105204965245 -26.888219769732117 0.2283013648407961
8               1000               -87.98079579239517 -26.888219769732117 0.22700971246571977
9               1100               -86.09809999385384 -26.888219769732117 0.21618330156721893
10              1200               -84.0489462817476 -26.888219769732117 0.20589336761527124
11              1300               -82.81460756320382 -26.888219769732117 0.19804169306721506
12              1400               -81.03803658714043 -26.888219769732117 0.19427792497219862
13              1500               -79.61698623011318 -26.888219769732117 0.1905528420344444
14              1600               -78.06534161795952 -26.888219769732117 0.1762578618684788
15              1700               -76.11995992979045 -26.888219769732117 0.17575613970812728
16              1800               -74.85993462545748 -26.888219769732117 0.17701409358974368
17              1900               -72.65367249155126 -25.92044168387022 0.1675089801343848
18              2000               -71.51569631394389 -25.92044168387022 0.17107317816917098
----------run:12-------
Generation      Evaluations        Average Fitness   Best Fitness   Avg Parameter
0               200                -174.15661995068325 -29.498980826472497 0.5129651933973065
1               300                -135.7278309387307 -29.498980826472497 0.3955325564123668
2               400                -120.29636837580829 -29.498980826472497 0.35035437112690165
3               500                -109.70675166778527 -29.498980826472497 0.3141438759297743
4               600                -104.89438000433339 -29.498980826472497 0.29356027621472114
5               700                -99.31753155125644 -29.498980826472497 0.2699484004741652
6               800                -95.83569426637344 -29.498980826472497 0.2449792983822468
7               900                -92.43269514808911 -29.498980826472497 0.24469121631358082
8               1000               -89.11491813258257 -29.498980826472497 0.22609192451139365
9               1100               -86.98048163196236 -29.498980826472497 0.213843928104973
10              1200               -84.94689018399109 -29.498980826472497 0.19281371737601366
11              1300               -84.20570964134096 -29.498980826472497 0.1937839422085386
12              1400               -82.93878708491242 -29.498980826472497 0.18431939558287663
13              1500               -81.81601104922923 -29.498980826472497 0.1861884551794565
14              1600               -79.63731834498068 -29.498980826472497 0.18096751744306044
15              1700               -78.55459296559604 -29.498980826472497 0.17231953744172626
16              1800               -77.51301452928317 -29.498980826472497 0.16884575415941558
17              1900               -76.25611366115626 -29.498980826472497 0.16262386370676468
18              2000               -75.17138728068859 -29.498980826472497 0.16124007942033886
----------run:13-------
Generation      Evaluations        Average Fitness   Best Fitness   Avg Parameter
0               200                -173.31918020546948 -45.7941994785795 0.4803956513602313
1               300                -135.88552756310057 -45.7941994785795 0.3864834692095975
2               400                -117.80625771320577 -37.25002954240708 0.33244019691574983
3               500                -107.04778940955546 -37.25002954240708 0.2930511137173735
4               600                -100.14464627520555 -37.25002954240708 0.2617757222376182
5               700                -94.45513933107888 -37.25002954240708 0.24470131817741025
6               800                -91.10173447431417 -37.25002954240708 0.22188716319973473
7               900                -87.12676536925069 -37.25002954240708 0.22160170988789543
8               1000               -85.08658930270396 -37.25002954240708 0.20949786541724333
9               1100               -81.7739195641673 -33.37700163252202 0.1920392134894367
10              1200               -79.67426988742132 -33.25632393224981 0.1904240725325851
11              1300               -77.9783697353174 -33.25632393224981 0.1762836467314181
12              1400               -77.46345749938297 -33.25632393224981 0.17353896156631426
13              1500               -76.61352934725205 -33.25632393224981 0.17530720022252036
14              1600               -75.28798297397829 -33.25632393224981 0.1738327120533183
15              1700               -73.84540171354847 -33.25632393224981 0.16090586174776214
16              1800               -72.7727933106305 -33.25632393224981 0.16219231585225685
17              1900               -71.11765180039035 -30.21475268994437 0.15682558265895186
18              2000               -70.38395052732969 -30.21475268994437 0.1505290673961677
----------run:14-------
Generation      Evaluations        Average Fitness   Best Fitness   Avg Parameter
0               200                -175.82490221107847 -45.552547256968296 0.5126534357882886
1               300                -140.35762395087207 -45.552547256968296 0.4301209288227543
2               400                -121.65451497349865 -33.45139087896356 0.3656458769018903
3               500                -111.11934934476461 -33.45139087896356 0.31778445826321794
4               600                -102.95347214414942 -33.45139087896356 0.2989518875898912
5               700                -97.45673830927277 -33.45139087896356 0.2739985679085265
6               800                -93.19684301643998 -33.45139087896356 0.24385253109918723
7               900                -90.274378843084  -33.45139087896356 0.22031843148673047
8               1000               -88.08410788965617 -33.45139087896356 0.2143510064729147
9               1100               -85.36129032011856 -33.45139087896356 0.19845090945541877
10              1200               -83.96575231110972 -33.45139087896356 0.1972353648557021
11              1300               -82.74289880128009 -33.45139087896356 0.19226341791507146
12              1400               -81.53316409824288 -33.45139087896356 0.1901969894710224
13              1500               -79.64231602635324 -33.45139087896356 0.17504694197660273
14              1600               -77.29791581265586 -25.699455713389312 0.16757600095418307
15              1700               -75.58602653253497 -25.699455713389312 0.16530790086485964
16              1800               -73.09817268235729 -25.699455713389312 0.15890426943948996
17              1900               -71.17186078115371 -25.699455713389312 0.15935636384318516
18              2000               -70.04808542309605 -25.699455713389312 0.15970672406067282
----------run:15-------
Generation      Evaluations        Average Fitness   Best Fitness   Avg Parameter
0               200                -172.89823223237227 -32.04410668447895 0.502250737763835
1               300                -134.0828024057487 -32.04410668447895 0.4044423952836878
2               400                -119.5613923989907 -31.21352849143832 0.3556843537190509
3               500                -109.06441834562318 -31.21352849143832 0.30252727236801297
4               600                -99.80788383431263 -31.21352849143832 0.2672008393262696
5               700                -93.74828019096178 -31.21352849143832 0.2612097032955008
6               800                -89.66312656775756 -31.21352849143832 0.24129402997339938
7               900                -87.50064190788842 -31.21352849143832 0.23021697665567106
8               1000               -84.66419532177487 -31.21352849143832 0.2256010455401715
9               1100               -82.1775882028175 -31.21352849143832 0.21016728023933917
10              1200               -80.13287574843923 -31.21352849143832 0.20515829927545137
11              1300               -77.75319807072464 -31.21352849143832 0.19334848748610833
12              1400               -75.2521602491987 -31.21352849143832 0.17645362928634753
13              1500               -73.02148387435669 -26.90323550163967 0.16149549812039088
14              1600               -71.76545826594098 -26.90323550163967 0.15887566316629606
15              1700               -70.60965400896406 -26.90323550163967 0.1534101847123904
16              1800               -69.70750582133151 -26.180069474222293 0.15053013836743329
17              1900               -68.27013668303223 -26.180069474222293 0.15394454198806556
18              2000               -67.31541044564565 -26.180069474222293 0.1520605610510786
----------run:16-------
Generation      Evaluations        Average Fitness   Best Fitness   Avg Parameter
0               200                -163.41676862116375 -30.702981298090016 0.5116194681569461
1               300                -129.83599344777835 -30.702981298090016 0.3956213556705106
2               400                -115.83357065457757 -30.702981298090016 0.3429843159798243
3               500                -106.93061976692015 -30.702981298090016 0.3265748868721056
4               600                -100.88736702022297 -30.702981298090016 0.2909263859868035
5               700                -96.26552434970807 -30.702981298090016 0.2585049621211616
6               800                -91.25281916832269 -30.702981298090016 0.24036344682566813
7               900                -88.94737963484451 -30.702981298090016 0.2348690840366838
8               1000               -85.51588898532319 -30.702981298090016 0.21387076397849633
9               1100               -82.63971363694566 -30.702981298090016 0.2103829930562406
10              1200               -80.98035430944786 -30.702981298090016 0.20329569127777763
11              1300               -79.72222394352967 -30.702981298090016 0.191829423379025
12              1400               -78.97711715250738 -30.702981298090016 0.18559110818394642
13              1500               -77.79621179047106 -30.702981298090016 0.18038782883112817
14              1600               -76.42694629957161 -30.702981298090016 0.1788757759737867
15              1700               -75.56354540010099 -30.702981298090016 0.1729162285964317
16              1800               -74.41817694443662 -30.702981298090016 0.17159607435430452
17              1900               -73.7183826869733 -30.702981298090016 0.16780555931242438
18              2000               -72.27948931920645 -30.702981298090016 0.15601497276330686
----------run:17-------
Generation      Evaluations        Average Fitness   Best Fitness   Avg Parameter
0               200                -173.18697358294173 -35.06844029145704 0.48347480921456754
1               300                -135.19124375229492 -35.06844029145704 0.3880162413822408
2               400                -118.47221649977627 -35.06844029145704 0.34619671528827967
3               500                -108.98614856501594 -35.06844029145704 0.3181582645225729
4               600                -102.35228275070129 -35.06844029145704 0.29084749234964885
5               700                -96.73656947458632 -35.06844029145704 0.24564403031403223
6               800                -91.29567026517475 -35.06844029145704 0.22251374602158563
7               900                -88.79364467588253 -35.06844029145704 0.2110474956319077
8               1000               -86.67790193290058 -35.06844029145704 0.20099426209107965
9               1100               -83.6797567739924 -35.06844029145704 0.18816301474107167
10              1200               -80.5327106326931 -35.06844029145704 0.17816024967325975
11              1300               -78.30301802277671 -29.762474738156733 0.17451285060723268
12              1400               -76.92355204895738 -29.762474738156733 0.16407156087678798
13              1500               -76.03233986033987 -29.762474738156733 0.16002841377131904
14              1600               -74.86489600888504 -29.762474738156733 0.15827418669817506
15              1700               -73.34352220731512 -29.762474738156733 0.15507277329283492
16              1800               -72.2609102862492 -29.762474738156733 0.1536359186563285
17              1900               -71.34729301736344 -29.762474738156733 0.14568220263416162
18              2000               -70.45738455968228 -29.762474738156733 0.14692162086663416
----------run:18-------
Generation      Evaluations        Average Fitness   Best Fitness   Avg Parameter
0               200                -168.7896364357936 -53.86115246381788 0.49660583597312047
1               300                -130.76613599988877 -50.95245359649021 0.40680211744892814
2               400                -117.23986460462751 -50.95245359649021 0.3712400044207648
3               500                -110.24103638168968 -50.95245359649021 0.33264958831765595
4               600                -104.1399491039038 -50.95245359649021 0.2955218719317978
5               700                -98.27203872073558 -47.701761591553655 0.27297098691148214
6               800                -94.54806058116749 -47.701761591553655 0.25417372047  
7               900                -90.2974473770946 -47.701761591553655 0.2243964902620825
8               1000               -87.4805724426345 -25.652304465383185 0.2084866322883079
9               1100               -85.61363058415887 -25.652304465383185 0.20603967608907578
10              1200               -83.479431786896  -25.652304465383185 0.20180675148887586
11              1300               -81.64546756014074 -25.652304465383185 0.1958226448321517
12              1400               -79.66764928398129 -25.652304465383185 0.19224811743098885
13              1500               -78.36648262056458 -25.652304465383185 0.18821953099852268
14              1600               -77.57037289739222 -25.652304465383185 0.1796474914983527
15              1700               -76.59018967971723 -25.652304465383185 0.17901028768787824
16              1800               -75.13197867944157 -25.652304465383185 0.1763392859969978
17              1900               -73.85771544904533 -25.652304465383185 0.16357910378897725
18              2000               -72.92803185705354 -25.652304465383185 0.15840186625243413
----------run:19-------
Generation      Evaluations        Average Fitness   Best Fitness   Avg Parameter
0               200                -172.4709538142422 -27.023512265972375 0.5091711305991273
1               300                -130.66739364977113 -27.023512265972375 0.4269237551538225
2               400                -116.99558694192436 -27.023512265972375 0.3886857033284374
3               500                -106.51723735934654 -27.023512265972375 0.3252972950322396
4               600                -99.1469850900223 -27.023512265972375 0.2708655751840272
5               700                -95.78726081853429 -27.023512265972375 0.26161127450541455
6               800                -91.53500671343106 -27.023512265972375 0.25634971765342385
7               900                -88.96413892335968 -27.023512265972375 0.23996168929076267
8               1000               -85.66511848679377 -27.023512265972375 0.22824348979419085
9               1100               -84.03358257843351 -27.023512265972375 0.22325268751380467
10              1200               -81.94496501397639 -27.023512265972375 0.21637860369132325
11              1300               -79.24091428517808 -27.023512265972375 0.19908417502991255
12              1400               -77.43688693818657 -27.023512265972375 0.18935207008720825
13              1500               -75.28203014167848 -27.023512265972375 0.18712412558377942
14              1600               -73.58947353077942 -26.62206823195977 0.176246659795851
15              1700               -72.70756874714706 -26.62206823195977 0.17382154425418528
16              1800               -71.13929552749691 -26.62206823195977 0.17204814000752836
17              1900               -70.38286295252254 -26.62206823195977 0.1665408256224083
18              2000               -69.65866459891417 -26.62206823195977 0.1631119157357023
----------run:20-------
Generation      Evaluations        Average Fitness   Best Fitness   Avg Parameter
0               200                -168.37765436976198 -47.71999188066012 0.5091804712330529
1               300                -135.23049422890753 -47.71999188066012 0.4345076356000641
2               400                -121.51282994252725 -44.03819807654359 0.3754559031159351
3               500                -109.97137423058967 -32.5565685052769 0.3178096665148929
4               600                -104.18221136017037 -32.5565685052769 0.30548808726418863
5               700                -99.65045797984736 -32.5565685052769 0.2855492863175406
6               800                -95.40184110896855 -32.5565685052769 0.26672722738447774
7               900                -93.08579011509703 -32.5565685052769 0.2511553184766199
8               1000               -89.8705134175984 -32.5565685052769 0.2277444985486214
9               1100               -85.25269665465858 -32.5565685052769 0.20300117302677817
10              1200               -82.38102750859574 -32.5565685052769 0.19035243300722496
11              1300               -79.9456109099079 -32.5565685052769 0.16875932158147797
12              1400               -78.02065976313052 -27.5104918449793 0.16852831346012795
13              1500               -76.33611101453383 -27.5104918449793 0.16313040187436353
14              1600               -74.64027114120503 -27.5104918449793 0.16926027932977433
15              1700               -72.38432466221629 -27.5104918449793 0.16212917172016741
16              1800               -71.53230328310727 -27.5104918449793 0.15848543502763612
17              1900               -70.68665238050349 -27.5104918449793 0.15357908941902026
18              2000               -69.73102134988025 -27.5104918449793 0.14941796409227928
----------run:21-------
Generation      Evaluations        Average Fitness   Best Fitness   Avg Parameter
0               200                -174.7623126334793 -37.2373949035264 0.5075005659196643
1               300                -133.0591209787509 -37.2373949035264 0.42611670312066724
2               400                -116.56029913609383 -37.2373949035264 0.3566242299308651
3               500                -108.39285348417587 -37.2373949035264 0.33150323473296184
4               600                -100.88938389575867 -37.2373949035264 0.3058162674994494
5               700                -95.01214358079591 -28.442251027419893 0.2743913441382215
6               800                -91.3467209049136 -28.442251027419893 0.2548128350787232
7               900                -88.5402872709206 -28.442251027419893 0.24388945767923983
8               1000               -86.09822930402872 -28.442251027419893 0.22973320459681687
9               1100               -82.28628548564208 -28.442251027419893 0.22447702200870315
10              1200               -80.1066326872987 -28.442251027419893 0.21154155468225974
11              1300               -77.37414752439838 -28.442251027419893 0.20480637295776366
12              1400               -76.45922047937107 -28.442251027419893 0.1971866228940517
13              1500               -75.44102210615762 -28.442251027419893 0.19445413524545427
14              1600               -73.9301860444103 -28.442251027419893 0.1842667829185677
15              1700               -72.16982191962191 -28.442251027419893 0.17555853275139655
16              1800               -70.79757053146568 -28.442251027419893 0.17281501185075626
17              1900               -70.04731372896154 -28.442251027419893 0.16683483408301075
18              2000               -68.89747682416402 -28.442251027419893 0.15934573659902415
----------run:22-------
Generation      Evaluations        Average Fitness   Best Fitness   Avg Parameter
0               200                -166.07561132378348 -39.20469669380437 0.4891783911499749
1               300                -124.64866120951092 -39.20469669380437 0.38236308839885663
2               400                -109.97729360434812 -39.20469669380437 0.32468711322810934
3               500                -101.88055873568555 -36.0666747645587 0.2818694709675291
4               600                -96.3626907182021 -36.0666747645587 0.2629988257838608
5               700                -92.23365913067327 -36.0666747645587 0.23992536037165715
6               800                -90.61340360909863 -36.0666747645587 0.23370702012778535
7               900                -87.48295522419959 -36.0666747645587 0.2241205048809264
8               1000               -83.67239171668616 -36.0666747645587 0.21316860733676019
9               1100               -81.32115760743012 -36.0666747645587 0.20593727192329228
10              1200               -79.51738629791899 -36.0666747645587 0.20592242161878044
11              1300               -76.78528989593312 -36.0666747645587 0.19675450273642428
12              1400               -75.49972695656798 -36.0666747645587 0.18802172262834152
13              1500               -74.7610525686629 -36.0666747645587 0.1853789505137938
14              1600               -73.73515369067292 -36.0666747645587 0.182918372564046
15              1700               -72.93352000674687 -36.0666747645587 0.17137342892097018
16              1800               -71.92437239405344 -35.29126503336324 0.1696573398596287
17              1900               -70.60170471138895 -35.29126503336324 0.16183258367111988
18              2000               -69.50668470497706 -35.29126503336324 0.15996015225961804
----------run:23-------
Generation      Evaluations        Average Fitness   Best Fitness   Avg Parameter
0               200                -161.90830723343785 -45.65299544619381 0.4648359440208785
1               300                -127.86201340166711 -42.85276631090733 0.402935890839799
2               400                -113.65653515934352 -42.85276631090733 0.3422475508973643
3               500                -105.25090907191183 -31.311402072821103 0.31150667099547485
4               600                -98.06018500212122 -31.311402072821103 0.2788791126388912
5               700                -94.08655206580225 -31.311402072821103 0.2629530571073748
6               800                -89.52523691586744 -31.311402072821103 0.2450040074125167
7               900                -86.23707356162146 -31.311402072821103 0.22395685858948355
8               1000               -83.65499536110123 -31.311402072821103 0.20723522194516814
9               1100               -81.81183074582923 -31.311402072821103 0.2079793000486949
10              1200               -80.03769331072294 -31.311402072821103 0.19814341383137005
11              1300               -78.45313587388779 -31.311402072821103 0.194553806623035
12              1400               -76.85837881825935 -31.311402072821103 0.18857668464031876
13              1500               -75.39582120422465 -31.311402072821103 0.17884090051558305
14              1600               -73.79198349798882 -31.311402072821103 0.16874637247295002
15              1700               -72.60925250763495 -31.311402072821103 0.1637434692442677
16              1800               -70.76896225811628 -31.311402072821103 0.15652907918819137
17              1900               -69.4088257761302 -31.311402072821103 0.14663287425277413
18              2000               -67.39785380844143 -31.311402072821103 0.13959945418987468
----------run:24-------
Generation      Evaluations        Average Fitness   Best Fitness   Avg Parameter
0               200                -174.1092330233251 -37.72127480454703 0.48167932388459794
1               300                -134.29184766585428 -37.72127480454703 0.39675608851327326
2               400                -118.11174939507336 -37.72127480454703 0.3365575826816563
3               500                -106.88239775709093 -37.72127480454703 0.30361816359923643
4               600                -100.23984836223386 -37.72127480454703 0.2808144107604702
5               700                -93.46083753034557 -32.988253167718 0.25260197350036506
6               800                -88.59420941595107 -32.988253167718 0.23247710116366715
7               900                -85.26027319808617 -32.988253167718 0.22053500132590872
8               1000               -83.10662426099678 -32.988253167718 0.2087287543134401
9               1100               -81.37668077830357 -32.988253167718 0.197992842058006
10              1200               -79.32539947921539 -32.988253167718 0.19164261659536833
11              1300               -78.41161187731045 -32.988253167718 0.19427489102235174
12              1400               -76.65813121600843 -32.988253167718 0.19320114843352124
13              1500               -75.03678878533586 -32.988253167718 0.19014679391107356
14              1600               -74.15987771476178 -32.988253167718 0.19072768539220022
15              1700               -72.7636576626864 -32.988253167718 0.18340928592859446
16              1800               -71.84209669916551 -32.988253167718 0.1671502038379426
17              1900               -70.69751647121379 -32.988253167718 0.16428009096706894
18              2000               -69.87552143971227 -32.988253167718 0.16195812152287845
----------run:25-------
Generation      Evaluations        Average Fitness   Best Fitness   Avg Parameter
0               200                -171.1913426689812 -52.1481426404084 0.5477593385550907
1               300                -136.20506445149925 -51.495448614590444 0.44463561098743387
2               400                -120.20102285056566 -42.405046050636656 0.38588773371580487
3               500                -110.65865836155179 -42.405046050636656 0.3408254687580781
4               600                -103.05614041133124 -42.405046050636656 0.3182856229885556
5               700                -97.62055871879207 -42.405046050636656 0.2795805483002632
6               800                -93.17338505965542 -42.405046050636656 0.254556647386951
7               900                -88.92836985078091 -35.43482639346869 0.23479158193166103
8               1000               -86.85120391780303 -35.43482639346869 0.21838919920764757
9               1100               -84.31161589682718 -35.43482639346869 0.20104978324175143
10              1200               -81.40292789831098 -35.43482639346869 0.18879210187624623
11              1300               -79.90248544002579 -35.43482639346869 0.1855293081711649
12              1400               -77.55064210954286 -35.43482639346869 0.18560705719850482
13              1500               -76.00463368302987 -35.43482639346869 0.17588958255804507
14              1600               -74.41843829259588 -35.43482639346869 0.1708133931795725
15              1700               -73.43660454425971 -35.43482639346869 0.16937592838830123
16              1800               -72.1923820686322 -35.43482639346869 0.16406456541342862
17              1900               -70.9325135957384 -35.43482639346869 0.16403821094931453
18              2000               -70.43973496381781 -35.43482639346869 0.162324845602101
----------run:26-------
Generation      Evaluations        Average Fitness   Best Fitness   Avg Parameter
0               200                -166.67584981788917 -33.61997335272101 0.489884786637286
1               300                -132.26886319885418 -33.61997335272101 0.4067186750614
2               400                -121.80959850616614 -33.61997335272101 0.3701364888999473
3               500                -108.16066853883638 -33.61997335272101 0.3139848952322664
4               600                -99.68088601985016 -30.862825292975266 0.27148388153955166
5               700                -94.5618559052606 -30.862825292975266 0.257049790745962
6               800                -91.1506280749501 -30.862825292975266 0.23889431480695889
7               900                -87.83182915882573 -30.862825292975266 0.22662908015189204
8               1000               -86.43462632342303 -30.862825292975266 0.21936861931354196
9               1100               -83.82120133331068 -30.862825292975266 0.2078464967348042
10              1200               -81.33053097104822 -30.862825292975266 0.19195586694809538
11              1300               -80.10349208335475 -30.862825292975266 0.18918142807867144
12              1400               -78.99307775335947 -30.862825292975266 0.19052881497423635
13              1500               -78.02928550579955 -30.862825292975266 0.18672399111977778
14              1600               -76.56964698731346 -30.862825292975266 0.18094411558190437
15              1700               -75.63361860079348 -30.862825292975266 0.17847043844754065
16              1800               -74.25450522416442 -30.862825292975266 0.17495198089538494
17              1900               -73.71663239417778 -30.862825292975266 0.17280109446576153
18              2000               -72.31072712768942 -27.661779564192127 0.17099644576155318
----------run:27-------
Generation      Evaluations        Average Fitness   Best Fitness   Avg Parameter
0               200                -167.2364142180811 -49.41632824799099 0.5043578118560283
1               300                -132.3304465047894 -32.4861421389746 0.42416529471827147
2               400                -117.34634800277868 -32.4861421389746 0.35160127411877806
3               500                -110.331142941393 -32.4861421389746 0.31535546211918636
4               600                -102.37030922207244 -32.4861421389746 0.26988254645354764
5               700                -96.64849109219055 -32.4861421389746 0.24916708319682165
6               800                -91.62749664578547 -32.4861421389746 0.22947993570203104
7               900                -88.63533107991971 -32.4861421389746 0.22242159179819385
8               1000               -86.99135803168606 -32.4861421389746 0.21514380801986968
9               1100               -83.8422546089448 -32.4861421389746 0.1982423337900721
10              1200               -81.17057577342187 -32.4861421389746 0.1881054076484765
11              1300               -79.91071181386023 -32.4861421389746 0.18439165131253835
12              1400               -78.28224169823113 -32.4861421389746 0.17016507803042297
13              1500               -77.21645593066991 -32.4861421389746 0.1682179922032257
14              1600               -75.6842521499412 -32.4861421389746 0.1617627062920205
15              1700               -74.61531009257907 -32.4861421389746 0.16174186798869455
16              1800               -73.29005692189565 -32.4861421389746 0.16613929935615354
17              1900               -72.36038651936805 -32.4861421389746 0.16523334161589473
18              2000               -71.28948345065012 -32.4861421389746 0.16021436491706711
----------run:28-------
Generation      Evaluations        Average Fitness   Best Fitness   Avg Parameter
0               200                -168.43435824933894 -34.32285287672679 0.5153419750296052
1               300                -129.804552624444 -34.32285287672679 0.4098216364222752
2               400                -111.82849391962795 -34.32285287672679 0.3408871349487806
3               500                -101.78534825271552 -34.32285287672679 0.29524535286105114
4               600                -96.42590159967581 -29.206343909986852 0.2708746529808115
5               700                -91.8368410477016 -29.206343909986852 0.2379802516617101
6               800                -88.66156043101704 -29.206343909986852 0.22159062724383474
7               900                -85.61103681765753 -29.206343909986852 0.2110591724870887
8               1000               -82.87446531215595 -29.206343909986852 0.20624709373494238
9               1100               -80.27940888850262 -29.206343909986852 0.18709834844431733
10              1200               -77.83326830535802 -26.181504046591606 0.1684932021794196
11              1300               -75.45504060741501 -26.181504046591606 0.1533400261905776
12              1400               -73.90562050254674 -26.181504046591606 0.14359629007432717
13              1500               -72.74952440988449 -26.181504046591606 0.14341313388282745
14              1600               -71.86655350833777 -26.181504046591606 0.14129146409943422
15              1700               -71.02808648454112 -26.181504046591606 0.13612794122356026
16              1800               -70.22758918600006 -26.181504046591606 0.13450330843293554
17              1900               -69.38012798688693 -26.181504046591606 0.1350126076767397
18              2000               -68.99970929507278 -26.181504046591606 0.1344322573222646
----------run:29-------
Generation      Evaluations        Average Fitness   Best Fitness   Avg Parameter
0               200                -163.79658621073665 -46.8059500282004 0.4767874648115442
1               300                -125.84002424292346 -45.42245694872585 0.37160558093061635
2               400                -114.3528190057619 -38.668871235921614 0.3215749665262365
3               500                -107.52501563187809 -38.668871235921614 0.28761337121556424
4               600                -103.06564328613018 -25.220810931907224 0.2699748234475519
5               700                -98.76870670139385 -25.220810931907224 0.2607751315787251
6               800                -94.36625505207816 -25.220810931907224 0.24931465543370904
7               900                -90.76040727055751 -25.220810931907224 0.22907029787405464
8               1000               -88.41421149011022 -25.220810931907224 0.21233604493607386
9               1100               -86.35114499463576 -25.220810931907224 0.20331819179542676
10              1200               -83.8987309160203 -25.220810931907224 0.19392532454626907
11              1300               -81.65960901970453 -25.220810931907224 0.18562113080019238
12              1400               -79.28160402243435 -25.220810931907224 0.17583602886063643
13              1500               -77.65662103607006 -25.220810931907224 0.1736618290464134
14              1600               -75.6725177450595 -25.220810931907224 0.16673894221970387
15              1700               -74.27916413504572 -25.220810931907224 0.15966979177028415
16              1800               -72.87057324579027 -25.220810931907224 0.15905096134226618
17              1900               -71.22592634685508 -25.220810931907224 0.1613066534306032
18              2000               -70.31592264357663 -25.220810931907224 0.16498495675284952
