35
20
m 0 19
0 34 0
1 34 0
2 34 0
w 0 0
w 0 1
w 1 0
w 1 3
w 1 4
w 1 5
w 1 6
w 1 7
w 1 10
w 1 11
w 1 14
w 1 16
w 1 18
w 2 0
w 2 1
w 2 4
w 2 5
w 2 6
w 2 7
w 2 8
w 2 9
w 2 10
w 2 11
w 2 12
w 2 14
w 2 15
w 2 16
w 2 18
w 3 0
w 3 1
w 3 3
w 3 4
w 3 5
w 3 6
w 3 7
w 3 8
w 3 11
w 3 12
w 3 13
w 3 14
w 3 15
w 3 18
w 4 3
w 4 4
w 4 5
w 4 6
w 4 14
w 4 15
w 4 16
w 4 17
w 4 18
w 5 0
w 5 1
w 5 3
w 5 4
w 5 11
w 5 12
w 5 13
w 5 15
w 5 16
w 5 17
w 6 0
w 6 6
w 6 7
w 6 10
w 6 11
w 6 12
w 6 13
w 7 0
w 7 3
w 7 4
w 7 5
w 7 6
w 7 7
w 7 8
w 7 9
w 7 10
w 7 11
w 7 12
w 7 13
w 7 14
w 7 16
w 7 17
w 8 0
w 8 9
w 8 10
w 8 11
w 8 12
w 8 13
w 8 18
w 9 0
w 9 1
w 9 3
w 9 4
w 9 6
w 9 9
w 9 10
w 9 11
w 9 12
w 9 14
w 9 17
w 9 18
w 10 4
w 10 5
w 10 6
w 10 8
w 10 9
w 10 10
w 10 14
w 10 16
w 10 17
w 10 18
w 11 6
w 11 10
w 11 11
w 11 12
w 11 16
w 11 17
w 12 4
w 12 8
w 12 9
w 12 10
w 12 12
w 12 13
w 12 14
w 12 17
w 13 0
w 13 1
w 13 3
w 13 6
w 13 9
w 13 16
w 14 4
w 14 5
w 14 6
w 14 7
w 14 9
w 14 13
w 14 17
w 14 18
w 15 0
w 15 1
w 15 6
w 15 7
w 15 8
w 15 10
w 15 14
w 15 15
w 15 17
w 15 18
w 16 0
w 16 1
w 16 3
w 16 7
w 16 10
w 16 16
w 16 17
w 16 18
w 17 0
w 17 1
w 17 4
w 17 8
w 17 10
w 17 12
w 17 14
w 17 17
w 18 5
w 18 7
w 18 12
w 18 16
w 18 17
w 18 18
w 19 0
w 19 4
w 19 5
w 19 8
w 19 9
w 19 11
w 19 14
w 19 15
w 20 0
w 20 1
w 20 5
w 20 6
w 20 7
w 20 8
w 20 9
w 20 10
w 20 11
w 20 14
w 20 15
w 20 17
w 21 5
w 21 6
w 21 7
w 21 11
w 21 13
w 21 14
w 21 15
w 21 16
w 21 17
w 22 3
w 22 6
w 22 7
w 22 10
w 22 14
w 22 18
w 23 4
w 23 6
w 23 7
w 23 9
w 23 11
w 23 12
w 23 13
w 23 16
w 24 4
w 24 5
w 24 6
w 24 7
w 24 12
w 24 13
w 24 14
w 24 15
w 24 16
w 24 17
w 24 18
w 25 0
w 25 3
w 25 11
w 25 12
w 25 13
w 25 14
w 25 15
w 25 17
w 26 0
w 26 3
w 26 8
w 26 10
w 26 11
w 26 12
w 26 13
w 26 14
w 26 15
w 27 0
w 27 3
w 27 4
w 27 7
w 27 8
w 27 11
w 27 12
w 27 13
w 27 14
w 27 15
w 27 16
w 27 17
w 27 18
w 28 0
w 28 1
w 28 4
w 28 7
w 28 8
w 28 9
w 28 12
w 28 13
w 28 14
w 28 15
w 29 5
w 29 9
w 29 11
w 29 13
w 29 14
w 29 15
w 29 16
w 30 3
w 30 4
w 30 5
w 30 14
w 30 15
w 30 18
w 31 0
w 31 3
w 31 7
w 31 10
w 31 12
w 31 14
w 31 17
w 32 0
w 33 0
w 33 3
w 33 5
w 33 10
w 33 13
w 33 15
w 33 18
w 34 2
w 34 3
w 34 6
w 34 7
w 34 8
w 34 10
w 34 11
w 34 16
p 22 2
p 0 2
p 10 3
p 1 9
p 16 19
p 31 1
p 23 15
p 27 9
p 8 5
p 25 9
p 32 8
p 11 19
p 18 9
p 20 3
p 4 7
p 33 12
p 13 12
p 15 3
p 6 3
p 29 8
t 1400 0
m 0 18
0 34 1
1 34 1
2 34 1
t 1399 0
m 0 17
0 33 1
1 33 1
2 33 1
f 16 9
t 1398 0
m 0 16
0 32 1
1 32 1
2 32 1
t 1397 0
m 0 15
0 31 1
1 31 1
2 31 1
t 1396 0
m 0 14
0 30 1
1 30 1
2 30 1
t 1395 0
m 0 13
0 29 1
1 29 1
2 29 1
t 1394 0
m 0 12
0 29 2
1 29 2
2 29 2
t 1393 0
m 0 11
0 28 2
1 28 2
2 28 2
t 1392 0
m 0 10
0 27 2
1 27 2
2 27 2
t 1391 0
m 0 9
0 26 2
1 26 2
2 26 2
t 1390 0
m 1 9
0 25 2
1 25 2
2 25 2
t 1389 5
m 1 8
0 24 2
1 24 2
2 24 2
t 1388 5
m 0 8
0 23 2
1 23 2
2 23 2
t 1387 5
m 0 7
0 22 2
1 22 2
2 22 2
t 1386 5
m 0 6
0 21 2
1 21 2
2 21 2
t 1385 5
m 0 5
0 20 2
1 20 2
2 20 2
t 1384 5
m 0 4
0 19 2
1 19 2
2 19 2
t 1383 5
m 0 3
0 18 2
1 18 2
2 18 2
t 1382 5
m 0 2
0 17 2
1 17 2
2 17 2
t 1381 10
m 1 2
0 16 2
1 16 2
2 16 2
t 1380 10
m 2 2
0 15 2
1 15 2
2 15 2
t 1379 10
m 3 2
0 14 2
1 14 2
2 14 2
t 1378 10
m 4 2
0 13 2
1 13 2
2 13 2
t 1377 10
m 5 2
0 12 2
1 12 2
2 12 2
t 1376 10
m 6 2
0 11 2
1 11 2
2 11 2
t 1375 10
m 6 3
0 10 2
1 10 2
2 10 2
t 1374 15
m 6 4
0 10 3
1 9 2
2 10 3
t 1373 15
m 6 5
0 11 3
1 8 2
2 10 2
t 1372 15
m 5 5
0 10 3
1 8 1
2 9 2
t 1371 15
m 5 6
0 10 2
1 8 2
2 8 2
t 1370 15
m 5 7
0 11 2
1 8 1
2 7 2
t 1369 15
m 4 7
0 10 2
1 7 1
2 6 2
t 1368 20
m 4 7
0 9 2
1 6 1
2 6 3
t 1367 20
m 4 7
0 8 2
1 6 2
2 6 4
t 1366 20
m 4 7
0 7 2
1 6 3
2 6 5
t 1365 20
m 4 7
0 6 2
1 6 4
2 5 5
t 1364 20
m 4 7
0 6 3
1 6 5
2 5 6
t 1363 20
m 4 7
0 6 4
1 5 5
2 5 7
t 1362 20
m 4 7
0 6 5
1 5 6
2 4 7
t 1361 20
