35
20
m 0 19
0 34 0
1 34 0
2 34 0
w 0 0
w 0 1
w 0 2
w 0 3
w 0 4
w 0 5
w 0 6
w 0 7
w 0 8
w 0 10
w 0 11
w 0 12
w 0 13
w 0 14
w 0 16
w 0 18
w 1 0
w 1 1
w 1 2
w 1 3
w 1 4
w 1 5
w 1 6
w 1 7
w 1 8
w 1 12
w 1 13
w 1 16
w 2 0
w 2 1
w 2 2
w 2 3
w 2 4
w 2 5
w 2 6
w 2 7
w 2 8
w 2 9
w 2 11
w 2 12
w 3 0
w 3 1
w 3 2
w 3 3
w 3 4
w 3 5
w 3 6
w 3 7
w 3 11
w 3 15
w 3 17
w 3 18
w 4 0
w 4 1
w 4 2
w 4 3
w 4 4
w 4 5
w 4 6
w 4 7
w 4 10
w 4 11
w 4 12
w 4 14
w 4 17
w 4 19
w 5 0
w 5 1
w 5 2
w 5 3
w 5 6
w 5 7
w 5 9
w 5 10
w 5 11
w 5 12
w 5 13
w 5 15
w 5 19
w 6 0
w 6 1
w 6 2
w 6 5
w 6 6
w 6 10
w 6 11
w 6 12
w 6 13
w 6 19
w 7 0
w 7 1
w 7 5
w 7 6
w 7 7
w 7 9
w 7 10
w 7 11
w 7 15
w 7 16
w 7 17
w 7 18
w 7 19
w 8 1
w 8 3
w 8 5
w 8 6
w 8 9
w 8 11
w 8 17
w 8 18
w 8 19
w 9 1
w 9 2
w 9 6
w 9 8
w 9 15
w 9 16
w 9 17
w 9 18
w 9 19
w 10 1
w 10 8
w 10 11
w 10 12
w 10 14
w 10 15
w 10 16
w 10 17
w 10 18
w 10 19
w 11 1
w 11 2
w 11 5
w 11 6
w 11 8
w 11 9
w 11 12
w 11 15
w 11 16
w 11 17
w 11 18
w 11 19
w 12 2
w 12 4
w 12 6
w 12 8
w 12 16
w 12 17
w 12 18
w 12 19
w 13 0
w 13 2
w 13 6
w 13 7
w 13 11
w 13 12
w 13 14
w 13 16
w 13 17
w 13 18
w 13 19
w 14 2
w 14 3
w 14 4
w 14 6
w 14 7
w 14 11
w 14 12
w 14 15
w 14 16
w 14 17
w 14 18
w 14 19
w 15 0
w 15 2
w 15 3
w 15 6
w 15 7
w 15 9
w 15 16
w 15 17
w 15 18
w 15 19
w 16 2
w 16 3
w 16 4
w 16 13
w 16 15
w 16 16
w 16 17
w 16 18
w 16 19
w 17 0
w 17 3
w 17 4
w 17 7
w 17 8
w 17 9
w 17 11
w 17 14
w 17 15
w 17 17
w 18 0
w 18 1
w 18 10
w 18 12
w 18 13
w 18 18
w 19 0
w 19 1
w 19 5
w 19 7
w 19 10
w 19 15
w 19 18
w 20 0
w 20 1
w 20 6
w 20 9
w 20 16
w 21 0
w 21 1
w 21 5
w 21 9
w 21 13
w 21 14
w 21 15
w 21 16
w 21 17
w 21 19
w 22 15
w 22 16
w 22 17
w 22 18
w 22 19
w 23 1
w 23 3
w 23 7
w 23 9
w 23 10
w 23 16
w 23 17
w 23 18
w 23 19
w 24 1
w 24 4
w 24 6
w 24 7
w 24 10
w 24 12
w 24 13
w 24 17
w 24 18
w 24 19
w 25 0
w 25 7
w 25 10
w 25 11
w 25 12
w 25 13
w 25 15
w 25 16
w 25 18
w 25 19
w 26 0
w 26 1
w 26 3
w 26 5
w 26 7
w 26 10
w 26 11
w 26 12
w 26 13
w 26 15
w 26 18
w 26 19
w 27 0
w 27 1
w 27 3
w 27 4
w 27 7
w 27 10
w 27 11
w 27 16
w 27 18
w 27 19
w 28 0
w 28 1
w 28 3
w 28 4
w 28 6
w 28 9
w 28 10
w 28 11
w 28 13
w 28 14
w 28 16
w 28 18
w 28 19
w 29 0
w 29 1
w 29 3
w 29 4
w 29 5
w 29 9
w 29 10
w 29 11
w 29 13
w 29 19
w 30 0
w 30 3
w 30 4
w 30 9
w 30 10
w 30 11
w 30 13
w 30 17
w 31 0
w 31 1
w 31 4
w 31 5
w 31 10
w 31 11
w 31 12
w 31 13
w 31 14
w 31 16
w 31 17
w 31 18
w 32 0
w 32 1
w 32 4
w 32 7
w 32 13
w 32 14
w 32 15
w 32 16
w 32 17
w 32 18
w 32 19
w 33 0
w 33 1
w 33 3
w 33 4
w 33 6
w 33 10
w 33 12
w 33 13
w 33 14
w 33 15
w 33 16
w 33 17
w 33 18
w 33 19
w 34 10
w 34 12
w 34 13
w 34 14
w 34 15
w 34 16
w 34 17
w 34 18
w 34 19
p 16 7
p 19 14
p 22 11
p 26 14
p 8 7
p 21 3
p 0 9
p 24 9
p 3 9
p 29 2
p 30 18
p 12 5
p 18 5
p 6 3
p 33 5
p 14 5
p 10 2
t 1400 0
m 1 19
0 34 1
1 34 1
2 34 1
t 1399 0
m 1 18
0 34 2
1 34 2
2 34 2
t 1398 0
m 1 17
0 33 2
1 33 2
2 33 2
t 1397 0
m 2 17
0 32 2
1 32 2
2 32 2
t 1396 0
m 2 16
0 31 2
1 31 2
2 31 2
t 1395 0
m 3 16
0 30 2
1 30 2
2 30 2
t 1394 0
m 4 16
0 29 2
1 29 2
2 29 2
t 1393 0
m 5 16
0 28 2
1 28 2
2 28 2
f 33 9
t 1392 0
m 6 16
0 27 2
1 27 2
2 27 2
t 1391 0
m 6 15
0 26 2
1 26 2
2 26 2
t 1390 0
m 6 14
0 25 2
1 25 2
2 25 2
t 1389 0
m 7 14
0 24 2
1 24 2
2 24 2
t 1388 0
m 7 13
0 23 2
1 23 2
2 23 2
t 1387 0
m 7 12
0 22 2
1 22 2
2 22 2
t 1386 0
m 8 12
0 21 2
1 21 2
2 21 2
t 1385 0
m 9 12
0 20 2
1 20 2
2 22 2
t 1384 0
m 9 11
0 19 2
1 19 2
2 21 2
t 1383 0
m 9 10
0 18 2
1 18 2
2 20 2
t 1382 0
m 10 10
0 18 3
1 18 3
2 19 2
t 1381 0
m 11 10
0 18 4
1 18 4
2 18 2
t 1380 0
m 12 10
0 18 5
1 18 5
2 18 3
t 1379 0
m 13 10
0 17 5
1 17 5
2 18 2
t 1378 0
m 13 9
0 16 5
1 16 5
2 18 3
t 1377 0
m 13 8
0 16 6
1 16 6
2 18 4
t 1376 0
m 14 8
0 16 7
1 16 7
2 18 5
t 1375 0
m 15 8
0 16 8
1 16 8
2 17 5
t 1374 0
m 15 8
0 15 8
1 16 9
2 16 5
t 1373 0
