35
20
m 0 19
0 34 0
1 34 0
2 34 0
w 0 0
w 0 1
w 0 2
w 0 3
w 0 4
w 0 5
w 0 6
w 0 7
w 0 8
w 0 10
w 0 11
w 0 12
w 0 13
w 0 14
w 0 16
w 0 17
w 0 18
w 1 0
w 1 1
w 1 2
w 1 3
w 1 4
w 1 5
w 1 6
w 1 7
w 1 11
w 1 12
w 1 13
w 1 14
w 1 17
w 2 0
w 2 1
w 2 2
w 2 3
w 2 4
w 2 6
w 2 8
w 2 12
w 2 16
w 2 17
w 2 18
w 3 0
w 3 1
w 3 2
w 3 3
w 3 4
w 3 9
w 3 10
w 3 14
w 4 0
w 4 1
w 4 2
w 4 3
w 4 4
w 4 5
w 4 6
w 4 8
w 4 10
w 4 11
w 4 13
w 4 14
w 4 15
w 4 18
w 5 0
w 5 1
w 5 2
w 5 3
w 5 5
w 5 10
w 5 11
w 5 12
w 5 14
w 5 16
w 5 17
w 5 18
w 6 0
w 6 1
w 6 2
w 6 11
w 6 12
w 6 17
w 7 0
w 7 1
w 7 2
w 7 3
w 7 15
w 7 19
w 8 0
w 8 1
w 8 5
w 8 6
w 8 7
w 8 8
w 8 10
w 8 11
w 8 12
w 8 13
w 8 15
w 8 16
w 8 17
w 8 18
w 8 19
w 9 1
w 9 2
w 9 6
w 9 7
w 9 9
w 9 10
w 9 11
w 9 12
w 9 13
w 9 16
w 10 2
w 10 3
w 10 10
w 10 11
w 10 12
w 10 18
w 11 0
w 11 8
w 11 9
w 11 10
w 11 16
w 11 17
w 11 18
w 11 19
w 12 3
w 12 8
w 12 9
w 12 10
w 12 11
w 12 13
w 12 18
w 12 19
w 13 1
w 13 3
w 13 5
w 13 6
w 13 8
w 13 9
w 13 10
w 13 11
w 13 13
w 13 15
w 13 17
w 13 18
w 13 19
w 14 0
w 14 8
w 14 9
w 14 10
w 14 11
w 14 12
w 14 17
w 14 18
w 14 19
w 15 2
w 15 6
w 15 7
w 15 8
w 15 9
w 15 10
w 15 11
w 15 12
w 15 13
w 15 18
w 15 19
w 16 5
w 16 6
w 16 7
w 16 8
w 16 9
w 16 10
w 16 11
w 16 12
w 16 16
w 16 19
w 17 1
w 17 8
w 17 9
w 17 10
w 17 11
w 17 12
w 17 13
w 17 16
w 17 17
w 17 19
w 18 1
w 18 3
w 18 5
w 18 6
w 18 7
w 18 8
w 18 9
w 18 10
w 18 11
w 18 12
w 18 13
w 18 15
w 18 16
w 18 17
w 18 18
w 18 19
w 19 2
w 19 10
w 19 11
w 19 12
w 19 13
w 19 15
w 19 16
w 19 17
w 19 18
w 19 19
w 20 3
w 20 5
w 20 6
w 20 7
w 20 8
w 20 11
w 20 15
w 20 16
w 20 17
w 20 18
w 20 19
w 21 1
w 21 6
w 21 7
w 21 8
w 21 9
w 21 11
w 21 15
w 21 16
w 21 17
w 21 18
w 21 19
w 22 3
w 22 6
w 22 7
w 22 8
w 22 9
w 22 11
w 22 12
w 22 13
w 22 15
w 22 16
w 22 17
w 22 18
w 22 19
w 23 0
w 23 1
w 23 6
w 23 7
w 23 8
w 23 9
w 23 10
w 23 11
w 23 13
w 23 15
w 23 16
w 23 17
w 23 18
w 23 19
w 24 0
w 24 5
w 24 6
w 24 7
w 24 8
w 24 10
w 24 16
w 24 17
w 24 18
w 24 19
w 25 10
w 25 11
w 25 12
w 25 13
w 25 16
w 25 17
w 25 18
w 25 19
w 26 0
w 26 1
w 26 2
w 26 3
w 26 7
w 26 8
w 26 9
w 26 10
w 26 11
w 26 12
w 26 16
w 26 17
w 26 18
w 26 19
w 27 0
w 27 1
w 27 2
w 27 3
w 27 7
w 27 8
w 27 9
w 27 10
w 27 11
w 27 12
w 27 13
w 27 16
w 27 17
w 27 18
w 27 19
w 28 0
w 28 1
w 28 2
w 28 3
w 28 10
w 28 11
w 28 17
w 28 18
w 28 19
w 29 0
w 29 1
w 29 2
w 29 3
w 29 6
w 29 9
w 29 10
w 29 11
w 29 12
w 29 13
w 29 15
w 29 16
w 29 17
w 29 18
w 29 19
w 30 1
w 30 2
w 30 5
w 30 6
w 30 7
w 30 9
w 30 10
w 30 11
w 30 12
w 30 13
w 30 15
w 30 16
w 30 17
w 30 18
w 30 19
w 31 1
w 31 2
w 31 3
w 31 6
w 31 7
w 31 8
w 31 9
w 31 10
w 31 11
w 31 12
w 31 15
w 31 17
w 31 18
w 31 19
w 32 2
w 32 3
w 32 5
w 32 6
w 32 7
w 32 8
w 32 9
w 32 10
w 32 11
w 32 15
w 32 18
w 32 19
w 33 1
w 33 18
w 33 19
w 34 3
w 34 6
w 34 9
w 34 10
w 34 11
w 34 14
w 34 15
w 34 16
w 34 17
w 34 18
w 34 19
p 26 5
p 32 12
p 14 14
p 21 10
p 24 4
p 33 16
p 28 16
p 3 7
p 0 9
p 9 5
p 7 6
p 12 12
p 10 19
p 5 9
p 19 5
p 16 17
t 1400 0
m 1 19
0 34 1
1 34 1
2 34 1
t 1399 0
m 2 19
0 34 2
1 34 2
2 34 2
t 1398 0
m 3 19
0 33 2
1 33 2
2 33 2
t 1397 0
m 3 18
0 33 3
1 33 3
2 33 3
t 1396 0
m 3 17
0 33 4
1 33 4
2 33 4
t 1395 0
m 3 16
0 33 5
1 33 5
2 33 5
t 1394 0
m 3 15
0 33 6
1 33 6
2 33 6
f 9 8
t 1393 0
m 2 15
0 33 7
1 33 7
2 33 7
t 1392 0
m 2 14
0 33 8
1 33 8
2 33 8
t 1391 0
m 2 13
0 33 9
1 33 9
2 33 9
t 1390 0
m 3 13
0 33 10
1 33 10
2 33 10
t 1389 0
m 3 12
0 33 11
1 33 11
2 33 11
t 1388 0
m 3 11
0 33 12
1 33 12
2 33 12
t 1387 0
m 2 11
0 32 12
1 32 12
2 32 12
t 1386 0
m 2 10
0 32 13
1 32 13
2 32 13
t 1385 0
m 1 10
0 31 13
1 31 13
2 31 13
t 1384 0
m 1 9
0 31 14
1 31 14
2 31 14
t 1383 0
m 0 9
0 30 14
1 30 14
2 30 14
t 1382 6
m 1 9
0 29 14
1 29 14
2 29 14
t 1381 6
m 2 9
0 28 14
1 28 14
2 28 14
t 1380 6
m 2 10
0 27 14
1 27 14
2 27 14
t 1379 6
m 2 11
0 26 14
1 26 14
2 26 14
t 1378 6
m 3 11
0 25 14
1 25 14
2 25 14
t 1377 6
m 3 12
0 24 14
1 24 14
2 24 14
t 1376 6
m 3 13
0 23 14
1 23 14
2 23 14
t 1375 6
m 2 13
0 22 14
1 22 14
2 22 14
t 1374 6
m 2 14
0 21 14
1 21 14
2 21 14
t 1373 6
m 2 15
0 20 14
1 20 14
2 20 14
t 1372 6
m 3 15
0 19 14
1 19 14
2 19 14
t 1371 6
m 3 16
0 18 14
1 18 14
2 18 14
t 1370 6
m 3 17
0 17 14
1 17 14
2 17 14
t 1369 6
m 3 18
0 16 14
1 16 14
2 16 14
t 1368 6
m 3 19
0 15 14
1 15 14
2 15 14
t 1367 6
m 4 19
0 14 14
1 15 15
2 14 14
t 1366 6
m 5 19
0 13 14
1 14 15
2 13 14
t 1365 6
m 6 19
0 12 14
1 14 16
2 12 14
t 1364 6
m 6 18
0 11 14
1 13 16
2 11 14
t 1363 6
m 7 18
0 10 14
1 12 16
2 10 14
t 1362 6
m 7 17
0 9 14
1 12 17
2 9 14
t 1361 6
m 7 16
0 8 14
1 12 16
2 8 14
t 1360 6
m 6 16
0 7 14
1 12 15
2 7 14
t 1359 6
m 6 15
0 6 14
1 11 15
2 6 14
t 1358 6
m 6 15
0 6 15
1 12 15
2 7 14
t 1357 6
