35
20
m 0 19
0 34 0
1 34 0
2 34 0
w 0 0
w 0 1
w 0 3
w 0 4
w 0 5
w 0 6
w 0 7
w 0 9
w 0 10
w 1 0
w 1 4
w 1 5
w 1 6
w 1 7
w 1 11
w 1 14
w 1 17
w 1 18
w 1 19
w 2 2
w 2 5
w 2 6
w 2 9
w 2 13
w 2 14
w 2 15
w 3 1
w 3 2
w 3 5
w 3 6
w 3 7
w 3 8
w 3 10
w 3 12
w 3 13
w 3 14
w 3 15
w 3 16
w 3 17
w 3 18
w 3 19
w 4 2
w 4 4
w 4 5
w 4 6
w 4 10
w 4 12
w 4 13
w 4 14
w 4 15
w 4 16
w 4 17
w 4 18
w 4 19
w 5 2
w 5 4
w 5 5
w 5 6
w 5 7
w 5 8
w 5 12
w 5 13
w 5 14
w 5 15
w 5 16
w 5 17
w 5 18
w 5 19
w 6 2
w 6 3
w 6 6
w 6 7
w 6 8
w 6 10
w 6 11
w 6 12
w 6 13
w 6 14
w 6 15
w 6 16
w 6 17
w 6 18
w 6 19
w 7 0
w 7 5
w 7 8
w 7 12
w 7 14
w 7 15
w 7 16
w 7 17
w 7 18
w 7 19
w 8 0
w 8 1
w 8 3
w 8 4
w 8 5
w 8 6
w 8 8
w 8 11
w 8 12
w 8 15
w 8 16
w 8 17
w 8 18
w 8 19
w 9 0
w 9 1
w 9 3
w 9 4
w 9 5
w 9 6
w 9 8
w 9 9
w 9 14
w 9 15
w 9 16
w 9 17
w 9 18
w 9 19
w 10 0
w 10 3
w 10 4
w 10 5
w 10 6
w 10 9
w 10 11
w 10 13
w 10 14
w 10 15
w 10 16
w 10 17
w 10 18
w 10 19
w 11 4
w 11 5
w 11 8
w 11 9
w 11 10
w 11 11
w 11 13
w 11 14
w 11 15
w 11 16
w 11 17
w 11 18
w 11 19
w 12 0
w 12 7
w 12 8
w 12 9
w 12 10
w 12 14
w 12 15
w 12 16
w 12 17
w 12 18
w 12 19
w 13 2
w 13 5
w 13 6
w 13 7
w 13 8
w 13 9
w 13 10
w 13 11
w 13 13
w 13 14
w 13 15
w 13 16
w 13 17
w 13 18
w 13 19
w 14 4
w 14 5
w 14 6
w 14 7
w 14 8
w 14 9
w 14 14
w 14 15
w 14 16
w 14 17
w 14 18
w 14 19
w 15 0
w 15 4
w 15 5
w 15 7
w 15 8
w 15 9
w 15 12
w 15 13
w 15 14
w 15 16
w 15 17
w 15 18
w 15 19
w 16 0
w 16 3
w 16 7
w 16 8
w 16 9
w 16 10
w 16 14
w 16 19
w 17 0
w 17 3
w 17 5
w 17 6
w 17 8
w 17 9
w 17 10
w 17 11
w 17 12
w 17 16
w 17 18
w 17 19
w 18 15
w 18 17
w 18 18
w 18 19
w 19 1
w 19 3
w 19 4
w 19 6
w 19 7
w 19 8
w 19 9
w 19 11
w 19 12
w 19 17
w 19 18
w 19 19
w 20 5
w 20 6
w 20 7
w 20 8
w 20 9
w 20 11
w 20 12
w 20 13
w 20 15
w 20 17
w 20 18
w 20 19
w 21 1
w 21 2
w 21 3
w 21 5
w 21 6
w 21 7
w 21 8
w 21 9
w 21 10
w 21 11
w 21 12
w 21 13
w 21 15
w 21 17
w 21 18
w 21 19
w 22 3
w 22 4
w 22 7
w 22 9
w 22 10
w 22 11
w 22 12
w 22 13
w 22 15
w 22 16
w 22 17
w 22 18
w 22 19
w 23 1
w 23 3
w 23 6
w 23 7
w 23 9
w 23 10
w 23 11
w 23 12
w 23 13
w 23 17
w 23 18
w 24 2
w 24 3
w 24 5
w 24 10
w 24 11
w 24 12
w 24 13
w 25 1
w 25 5
w 25 6
w 25 7
w 25 8
w 25 10
w 25 12
w 25 15
w 25 16
w 25 19
w 26 1
w 26 4
w 26 5
w 26 6
w 26 7
w 26 12
w 26 13
w 26 18
w 26 19
w 27 6
w 27 7
w 27 8
w 27 9
w 27 15
w 27 17
w 28 1
w 28 2
w 28 3
w 28 4
w 28 6
w 28 7
w 28 8
w 28 9
w 28 10
w 28 13
w 28 19
w 29 2
w 29 3
w 29 7
w 29 8
w 29 9
w 29 10
w 29 11
w 29 12
w 29 13
w 29 15
w 29 16
w 30 3
w 30 4
w 30 6
w 30 7
w 30 8
w 30 9
w 30 10
w 30 11
w 30 12
w 30 13
w 30 16
w 30 18
w 31 1
w 31 3
w 31 4
w 31 5
w 31 6
w 31 7
w 31 8
w 31 9
w 31 10
w 31 11
w 31 12
w 31 15
w 31 16
w 31 17
w 31 18
w 31 19
w 32 1
w 32 2
w 32 3
w 32 4
w 32 5
w 32 6
w 32 7
w 32 8
w 32 9
w 32 10
w 32 11
w 32 12
w 32 16
w 32 17
w 32 18
w 32 19
w 33 4
w 33 6
w 33 7
w 33 8
w 33 9
w 33 11
w 33 13
w 33 15
w 33 16
w 33 17
w 33 18
w 33 19
w 34 16
w 34 17
w 34 18
w 34 19
p 4 3
p 28 0
p 18 0
p 2 0
p 10 7
p 13 0
p 19 13
p 26 10
p 0 2
p 7 6
p 33 12
p 22 6
p 30 2
p 24 15
p 16 1
t 1400 0
m 0 18
0 33 0
1 33 0
2 33 0
t 1399 0
m 0 17
0 32 0
1 32 0
2 32 0
t 1398 0
m 0 16
0 31 0
1 31 0
2 31 0
t 1397 0
m 0 15
0 30 0
1 30 0
2 30 0
t 1396 0
m 0 14
0 29 0
1 29 0
2 29 0
t 1395 0
m 0 13
0 28 0
1 28 0
2 28 0
t 1394 0
m 0 12
0 27 0
1 27 0
2 27 0
t 1393 0
m 1 12
0 26 0
1 26 0
2 26 0
t 1392 0
m 2 12
0 25 0
1 25 0
2 25 0
t 1391 0
m 2 11
0 24 0
1 24 0
2 24 0
t 1390 0
m 3 11
0 23 0
1 23 0
2 23 0
t 1389 0
m 4 11
0 22 0
1 22 0
2 22 0
t 1388 0
m 5 11
0 21 0
1 21 0
2 21 0
t 1387 0
m 5 10
0 20 0
1 20 0
2 20 0
t 1386 0
m 5 9
0 19 0
1 19 0
2 19 0
t 1385 0
m 6 9
0 18 0
1 18 0
2 18 0
t 1384 0
m 7 9
0 18 1
1 18 1
2 18 1
t 1383 0
m 7 10
0 18 2
1 18 2
2 18 2
t 1382 0
m 8 10
0 18 3
1 18 3
2 18 3
f 21 14
t 1381 0
m 9 10
0 18 4
1 18 4
2 18 4
t 1380 0
m 9 11
0 17 4
1 18 5
2 18 5
t 1379 0
m 9 12
0 18 4
1 18 6
2 18 6
t 1378 0
m 10 12
0 18 5
1 18 7
2 18 7
t 1377 0
m 11 12
0 18 6
1 18 8
2 18 8
t 1376 0
m 12 12
0 18 7
1 18 9
2 18 9
t 1375 0
m 13 12
0 18 8
1 18 10
2 18 10
t 1374 0
m 14 12
0 18 9
1 18 11
2 18 11
t 1373 0
m 14 11
0 18 10
1 18 12
2 18 12
t 1372 0
m 15 11
0 18 11
1 18 13
2 18 13
t 1371 0
m 16 11
0 18 12
1 17 13
2 17 13
t 1370 0
m 16 11
0 18 13
1 16 13
2 16 13
t 1369 0
m 16 11
0 18 14
1 16 12
2 16 12
t 1368 0
m 16 11
0 17 14
1 16 11
2 16 11
t 1367 0
