35
20
m 0 19
0 34 0
1 34 0
2 34 0
w 0 0
w 0 1
w 0 2
w 0 6
w 0 7
w 0 8
w 0 9
w 0 10
w 0 11
w 0 12
w 0 16
w 1 0
w 1 1
w 1 2
w 1 4
w 1 6
w 1 7
w 1 8
w 1 9
w 1 10
w 1 11
w 1 12
w 1 13
w 1 14
w 1 16
w 1 19
w 2 0
w 2 1
w 2 2
w 2 4
w 2 5
w 2 6
w 2 7
w 2 8
w 2 9
w 2 10
w 2 11
w 2 12
w 2 13
w 2 18
w 2 19
w 3 0
w 3 1
w 3 6
w 3 7
w 3 8
w 3 9
w 3 10
w 3 11
w 3 12
w 3 13
w 3 15
w 3 16
w 3 17
w 3 18
w 3 19
w 4 0
w 4 3
w 4 4
w 4 9
w 4 10
w 4 11
w 4 13
w 4 15
w 4 16
w 4 17
w 4 18
w 4 19
w 5 0
w 5 3
w 5 5
w 5 6
w 5 9
w 5 10
w 5 13
w 5 16
w 5 17
w 5 18
w 5 19
w 6 0
w 6 1
w 6 7
w 6 8
w 6 9
w 6 10
w 6 15
w 6 16
w 6 17
w 6 18
w 6 19
w 7 3
w 7 5
w 7 8
w 7 9
w 7 10
w 7 14
w 7 15
w 7 16
w 7 17
w 7 18
w 7 19
w 8 1
w 8 4
w 8 11
w 8 13
w 8 14
w 8 15
w 8 16
w 8 17
w 8 18
w 8 19
w 9 0
w 9 2
w 9 5
w 9 8
w 9 9
w 9 10
w 9 11
w 9 13
w 9 14
w 9 15
w 9 16
w 9 17
w 9 18
w 9 19
w 10 2
w 10 3
w 10 5
w 10 6
w 10 10
w 10 11
w 10 19
w 11 2
w 11 3
w 11 5
w 11 10
w 11 11
w 11 13
w 11 14
w 11 15
w 11 18
w 11 19
w 12 0
w 12 2
w 12 5
w 12 6
w 12 8
w 12 9
w 12 10
w 12 13
w 12 14
w 12 15
w 12 19
w 13 5
w 13 6
w 13 11
w 13 12
w 13 13
w 13 14
w 13 16
w 13 17
w 13 19
w 14 1
w 14 2
w 14 3
w 14 4
w 14 5
w 14 9
w 14 11
w 15 0
w 15 1
w 15 2
w 15 3
w 15 9
w 15 10
w 15 15
w 15 16
w 15 17
w 15 19
w 16 0
w 16 2
w 16 3
w 16 6
w 16 12
w 16 14
w 16 18
w 16 19
w 17 2
w 17 3
w 17 4
w 17 6
w 17 7
w 17 10
w 17 12
w 17 13
w 17 14
w 17 16
w 17 18
w 17 19
w 18 10
w 18 16
w 18 19
w 19 3
w 19 5
w 19 6
w 19 10
w 19 11
w 19 12
w 19 14
w 19 16
w 20 1
w 20 3
w 20 7
w 20 11
w 20 15
w 20 18
w 20 19
w 21 1
w 21 3
w 21 4
w 21 5
w 21 6
w 21 7
w 21 10
w 21 11
w 21 12
w 21 13
w 21 16
w 21 18
w 21 19
w 22 4
w 22 9
w 22 13
w 22 17
w 22 18
w 22 19
w 23 1
w 23 2
w 23 4
w 23 5
w 23 6
w 23 7
w 23 11
w 23 12
w 23 15
w 23 16
w 23 18
w 24 1
w 24 2
w 24 3
w 24 5
w 24 9
w 24 10
w 24 12
w 24 13
w 24 15
w 24 16
w 25 1
w 25 2
w 25 3
w 25 6
w 25 13
w 25 14
w 25 18
w 26 2
w 26 7
w 26 9
w 26 11
w 26 16
w 26 17
w 26 18
w 27 1
w 27 3
w 27 4
w 27 9
w 27 11
w 27 13
w 27 14
w 27 15
w 27 16
w 27 17
w 28 1
w 28 4
w 28 5
w 28 6
w 28 9
w 28 11
w 28 13
w 28 14
w 28 15
w 28 16
w 28 17
w 29 5
w 29 9
w 29 10
w 29 14
w 29 15
w 29 16
w 29 17
w 30 5
w 30 6
w 30 10
w 30 15
w 30 16
w 30 17
w 30 18
w 30 19
w 31 1
w 31 3
w 31 5
w 31 7
w 31 13
w 31 14
w 31 15
w 31 16
w 31 17
w 31 18
w 31 19
w 32 12
w 32 13
w 32 14
w 32 15
w 32 16
w 32 17
w 32 18
w 32 19
w 33 1
w 33 2
w 33 4
w 33 5
w 33 6
w 33 13
w 33 14
w 33 15
w 33 16
w 33 17
w 33 18
w 33 19
w 34 1
w 34 5
w 34 6
w 34 7
w 34 9
w 34 11
w 34 12
w 34 13
w 34 14
w 34 15
w 34 16
w 34 17
w 34 18
w 34 19
p 6 2
p 14 8
p 12 7
p 3 4
p 19 4
p 22 14
p 0 3
p 18 0
p 28 3
p 30 0
p 20 16
p 33 12
p 8 3
p 26 6
p 24 18
p 31 12
p 10 12
p 16 1
t 1400 0
m 0 18
0 33 0
1 33 0
2 33 0
t 1399 0
m 0 17
0 32 0
1 32 0
2 32 0
t 1398 0
m 1 17
0 31 0
1 31 0
2 31 0
t 1397 0
m 2 17
0 30 0
1 30 0
2 30 0
t 1396 0
m 2 16
0 29 0
1 29 0
2 29 0
f 18 17
t 1395 0
m 2 15
0 28 0
1 28 0
2 28 0
t 1394 0
m 2 14
0 27 0
1 27 0
2 27 0
t 1393 0
m 3 14
0 26 0
1 26 0
2 26 0
t 1392 0
m 4 14
0 25 0
1 25 0
2 25 0
t 1391 0
m 5 14
0 24 0
1 24 0
2 24 0
t 1390 0
m 6 14
0 23 0
1 23 0
2 23 0
t 1389 0
m 6 13
0 22 0
1 22 0
2 22 0
t 1388 0
m 6 12
0 21 0
1 21 0
2 21 0
t 1387 0
m 7 12
0 20 0
1 20 0
2 20 0
t 1386 0
m 8 12
0 19 0
1 19 0
2 19 0
t 1385 0
m 9 12
0 18 0
1 18 0
2 18 0
t 1384 0
m 10 12
0 18 1
1 18 1
2 18 1
t 1383 5
m 10 13
0 18 2
1 18 2
2 18 2
t 1382 5
m 10 14
0 18 3
1 18 3
2 18 3
t 1381 5
m 10 15
0 18 4
1 18 4
2 18 4
t 1380 5
m 10 16
0 18 5
1 18 5
2 18 5
t 1379 5
m 10 17
0 18 6
1 18 6
2 18 6
t 1378 5
m 11 17
0 18 7
1 18 7
2 18 7
t 1377 5
m 12 17
0 18 8
1 18 8
2 18 8
t 1376 5
m 12 18
0 17 8
1 17 8
2 17 8
t 1375 5
m 13 18
0 16 8
1 16 8
2 16 8
t 1374 5
m 14 18
0 16 7
1 16 9
2 16 9
t 1373 5
m 14 17
0 16 8
1 16 10
2 16 10
t 1372 5
m 14 16
0 16 9
1 16 11
2 16 9
t 1371 5
m 14 15
0 16 10
1 15 11
2 16 10
t 1370 5
m 14 14
0 16 11
1 15 12
2 16 11
t 1369 5
m 14 14
0 15 11
1 14 12
2 15 11
t 1368 5
m 14 14
0 15 12
1 14 13
2 15 12
t 1367 5
m 14 14
0 14 12
1 14 14
2 14 12
t 1366 5
