35
20
m 0 19
0 34 0
1 34 0
2 34 0
w 0 0
w 0 1
w 0 2
w 0 3
w 0 4
w 0 5
w 0 6
w 0 7
w 0 8
w 0 9
w 0 10
w 0 11
w 0 13
w 0 14
w 0 17
w 1 0
w 1 1
w 1 2
w 1 3
w 1 4
w 1 5
w 1 6
w 1 7
w 1 8
w 1 9
w 1 10
w 1 13
w 1 14
w 2 0
w 2 4
w 2 5
w 2 6
w 2 7
w 2 8
w 2 9
w 2 10
w 2 11
w 2 18
w 2 19
w 3 2
w 3 3
w 3 4
w 3 5
w 3 6
w 3 7
w 3 8
w 3 9
w 3 10
w 3 11
w 3 13
w 3 14
w 4 0
w 4 6
w 4 7
w 4 8
w 4 9
w 4 10
w 4 11
w 4 12
w 4 17
w 4 18
w 5 0
w 5 1
w 5 4
w 5 7
w 5 8
w 5 9
w 5 10
w 5 11
w 5 12
w 5 14
w 5 16
w 5 17
w 6 0
w 6 1
w 6 2
w 6 5
w 6 7
w 6 8
w 6 9
w 6 10
w 6 11
w 6 12
w 6 15
w 6 16
w 6 17
w 6 18
w 6 19
w 7 0
w 7 1
w 7 2
w 7 4
w 7 5
w 7 6
w 7 7
w 7 8
w 7 9
w 7 11
w 7 13
w 7 15
w 7 16
w 7 17
w 7 18
w 7 19
w 8 0
w 8 1
w 8 5
w 8 16
w 8 17
w 8 18
w 8 19
w 9 0
w 9 2
w 9 5
w 9 7
w 9 8
w 9 9
w 9 16
w 9 17
w 9 18
w 9 19
w 10 4
w 10 9
w 10 11
w 10 12
w 10 13
w 10 15
w 10 16
w 10 17
w 10 18
w 10 19
w 11 2
w 11 4
w 11 5
w 11 6
w 11 7
w 11 9
w 11 10
w 11 11
w 11 12
w 11 13
w 11 14
w 11 15
w 11 19
w 12 1
w 12 2
w 12 4
w 12 5
w 12 6
w 12 9
w 12 10
w 12 11
w 12 12
w 12 13
w 12 14
w 12 15
w 13 1
w 13 2
w 13 6
w 13 7
w 13 10
w 13 11
w 13 12
w 13 13
w 13 14
w 13 15
w 13 18
w 14 0
w 14 1
w 14 4
w 14 8
w 14 12
w 14 13
w 14 14
w 14 18
w 15 0
w 15 2
w 15 3
w 15 4
w 15 13
w 15 14
w 15 16
w 15 19
w 16 12
w 16 13
w 16 14
w 16 16
w 16 18
w 16 19
w 17 1
w 17 4
w 17 5
w 17 8
w 17 9
w 17 13
w 17 15
w 17 18
w 17 19
w 18 1
w 18 3
w 18 4
w 18 7
w 18 10
w 18 13
w 18 18
w 18 19
w 19 1
w 19 3
w 19 7
w 19 8
w 20 2
w 20 3
w 20 4
w 20 6
w 20 7
w 20 8
w 20 12
w 20 13
w 20 14
w 20 17
w 20 19
w 21 2
w 21 3
w 21 4
w 21 5
w 21 6
w 21 7
w 21 15
w 21 18
w 21 19
w 22 2
w 22 4
w 22 5
w 22 6
w 22 7
w 22 9
w 22 10
w 22 12
w 22 15
w 22 19
w 23 1
w 23 4
w 23 5
w 23 12
w 23 13
w 23 15
w 24 5
w 24 12
w 24 14
w 24 15
w 24 16
w 24 17
w 24 18
w 25 1
w 25 3
w 25 4
w 25 5
w 25 8
w 25 9
w 25 10
w 25 14
w 25 15
w 25 16
w 25 17
w 26 6
w 26 7
w 26 8
w 26 12
w 26 14
w 26 15
w 26 16
w 26 17
w 26 18
w 27 1
w 27 7
w 27 8
w 27 9
w 27 12
w 27 15
w 27 16
w 27 17
w 28 1
w 28 4
w 28 6
w 28 7
w 28 8
w 28 12
w 28 15
w 28 17
w 28 19
w 29 1
w 29 4
w 29 5
w 29 6
w 29 7
w 29 8
w 29 12
w 29 13
w 29 14
w 29 15
w 29 19
w 30 1
w 30 5
w 30 6
w 30 7
w 30 8
w 30 9
w 30 12
w 30 16
w 30 17
w 30 19
w 31 2
w 31 4
w 31 5
w 31 6
w 31 8
w 31 9
w 31 10
w 31 14
w 31 16
w 31 17
w 31 18
w 31 19
w 32 1
w 32 2
w 32 4
w 32 5
w 32 6
w 32 8
w 32 9
w 32 12
w 32 13
w 32 14
w 32 17
w 32 18
w 32 19
w 33 1
w 33 3
w 33 6
w 33 8
w 33 10
w 33 13
w 33 14
w 33 16
w 33 17
w 33 18
w 33 19
w 34 13
w 34 14
w 34 15
w 34 16
w 34 17
w 34 18
w 34 19
p 24 8
p 8 8
p 12 17
p 5 5
p 17 17
p 21 8
p 26 5
p 32 11
p 16 4
p 28 3
p 3 0
p 0 12
p 34 9
p 30 3
p 23 2
p 19 11
p 14 15
p 10 2
t 1400 0
m 0 18
0 33 0
1 34 1
2 33 0
f 13 4
t 1399 0
m 1 18
0 32 0
1 34 0
2 32 0
t 1398 0
m 1 17
0 31 0
1 33 0
2 31 0
t 1397 0
m 1 16
0 30 0
1 32 0
2 30 0
t 1396 0
m 1 15
0 29 0
1 31 0
2 29 0
t 1395 0
m 2 15
0 28 0
1 30 0
2 28 0
t 1394 0
m 2 14
0 27 0
1 29 0
2 27 0
t 1393 0
m 2 13
0 26 0
1 28 0
2 26 0
t 1392 0
m 2 12
0 25 0
1 27 0
2 25 0
t 1391 0
m 1 12
0 24 0
1 26 0
2 24 0
t 1390 0
m 0 12
0 23 0
1 25 0
2 23 0
t 1389 5
m 1 12
0 22 0
1 24 0
2 22 0
t 1388 5
m 2 12
0 21 0
1 23 0
2 21 0
t 1387 5
m 2 13
0 20 0
1 22 0
2 20 0
t 1386 5
m 2 14
0 19 0
1 21 0
2 19 0
t 1385 5
m 2 15
0 18 0
1 20 0
2 18 0
t 1384 5
m 3 15
0 17 0
1 19 0
2 17 0
t 1383 5
m 4 15
0 16 0
1 18 0
2 16 0
t 1382 5
m 4 14
0 16 1
1 17 0
2 16 1
t 1381 5
m 4 13
0 16 2
1 16 0
2 16 2
t 1380 5
m 5 13
0 16 3
1 16 1
2 16 3
t 1379 5
m 6 13
0 16 4
1 16 0
2 16 4
t 1378 5
m 6 14
0 16 5
1 16 1
2 16 5
t 1377 5
m 7 14
0 16 6
1 16 2
2 16 6
t 1376 5
m 8 14
0 16 7
1 16 3
2 16 7
t 1375 5
m 8 13
0 16 8
1 16 4
2 16 8
t 1374 5
m 8 12
0 15 8
1 16 5
2 15 8
t 1373 5
m 8 11
0 15 9
1 16 6
2 15 9
t 1372 5
m 8 10
0 14 9
1 15 6
2 14 9
t 1371 5
m 8 9
0 13 9
1 15 7
2 13 9
t 1370 5
m 8 8
0 13 8
1 15 8
2 13 8
t 1369 11
m 8 7
0 12 8
1 15 9
2 12 8
t 1368 11
m 8 6
0 11 8
1 14 9
2 11 8
t 1367 11
m 8 6
0 10 8
1 13 9
2 10 8
t 1366 11
m 8 6
0 11 8
1 13 8
2 10 7
t 1365 11
m 8 6
0 10 8
1 12 8
2 10 6
t 1364 11
m 8 6
0 10 7
1 11 8
2 9 6
t 1363 11
m 8 6
0 10 6
1 10 8
2 8 6
t 1362 11
