35
20
m 0 19
0 34 0
1 34 0
2 34 0
w 0 0
w 1 0
w 1 3
w 1 4
w 1 6
w 1 8
w 1 9
w 1 10
w 1 11
w 1 15
w 1 16
w 1 18
w 2 0
w 2 3
w 2 4
w 2 5
w 2 10
w 2 11
w 2 12
w 2 14
w 2 15
w 2 16
w 3 1
w 3 3
w 3 6
w 3 9
w 3 11
w 3 12
w 3 13
w 3 14
w 3 16
w 3 17
w 3 18
w 4 1
w 4 4
w 4 8
w 4 9
w 4 11
w 4 12
w 4 16
w 4 17
w 5 1
w 5 4
w 5 5
w 5 6
w 5 7
w 5 11
w 5 17
w 6 1
w 6 5
w 6 10
w 6 14
w 6 15
w 6 16
w 7 6
w 7 8
w 7 9
w 7 15
w 7 18
w 8 1
w 8 3
w 8 5
w 8 6
w 8 12
w 8 13
w 8 15
w 8 16
w 8 17
w 9 1
w 9 6
w 9 8
w 9 10
w 9 12
w 9 13
w 9 15
w 9 16
w 9 17
w 10 0
w 10 3
w 10 7
w 10 10
w 10 11
w 10 14
w 10 15
w 10 16
w 11 0
w 11 1
w 11 10
w 11 14
w 11 16
w 11 17
w 11 18
w 12 0
w 12 1
w 12 6
w 12 8
w 12 9
w 12 12
w 12 18
w 13 0
w 13 3
w 13 4
w 13 5
w 13 9
w 13 16
w 13 18
w 14 0
w 14 6
w 14 7
w 14 9
w 14 13
w 14 16
w 15 0
w 15 3
w 15 5
w 15 6
w 15 7
w 15 8
w 15 11
w 15 14
w 15 15
w 15 16
w 15 18
w 16 3
w 16 5
w 16 6
w 16 7
w 16 9
w 16 12
w 16 15
w 16 18
w 17 5
w 17 6
w 17 9
w 17 12
w 17 13
w 17 14
w 18 0
w 18 1
w 18 3
w 18 8
w 18 9
w 18 12
w 18 13
w 18 14
w 18 15
w 19 0
w 19 5
w 19 6
w 19 7
w 19 9
w 19 11
w 19 12
w 19 13
w 19 14
w 19 15
w 19 16
w 19 17
w 19 18
w 20 1
w 20 3
w 20 5
w 20 6
w 20 7
w 20 9
w 20 10
w 20 11
w 20 12
w 20 13
w 20 14
w 20 15
w 20 16
w 20 17
w 21 3
w 21 4
w 21 9
w 21 10
w 21 11
w 21 12
w 21 13
w 21 14
w 21 15
w 22 0
w 22 1
w 22 3
w 22 4
w 22 10
w 22 11
w 22 12
w 22 13
w 22 14
w 22 17
w 22 18
w 23 0
w 23 3
w 23 4
w 23 6
w 23 9
w 23 10
w 23 11
w 23 12
w 23 13
w 23 14
w 23 15
w 23 17
w 24 1
w 24 3
w 24 4
w 24 6
w 24 8
w 24 9
w 24 10
w 24 11
w 24 12
w 24 13
w 24 14
w 24 18
w 25 3
w 25 8
w 25 9
w 25 10
w 25 11
w 25 12
w 25 13
w 25 16
w 26 3
w 26 4
w 26 5
w 26 7
w 26 8
w 26 9
w 26 10
w 26 11
w 26 12
w 26 13
w 26 15
w 26 16
w 26 18
w 27 0
w 27 1
w 27 3
w 27 7
w 27 10
w 27 11
w 27 12
w 27 13
w 27 14
w 27 16
w 27 18
w 28 0
w 28 1
w 28 3
w 28 4
w 28 7
w 28 13
w 28 14
w 28 16
w 28 17
w 29 0
w 30 0
w 30 2
w 30 3
w 30 6
w 30 8
w 30 9
w 30 12
w 30 16
w 30 17
w 30 19
w 31 1
w 31 2
w 31 6
w 31 9
w 31 13
w 31 16
w 31 17
w 31 18
w 31 19
w 32 2
w 32 4
w 32 6
w 32 7
w 32 10
w 32 11
w 32 12
w 32 13
w 32 14
w 32 19
w 33 1
w 33 4
w 33 5
w 33 6
w 33 7
w 33 8
w 33 13
w 33 14
w 33 15
w 33 17
w 33 18
w 33 19
w 34 4
w 34 5
w 34 6
w 34 7
w 34 8
w 34 9
w 34 11
w 34 14
w 34 15
w 34 17
w 34 18
w 34 19
p 6 12
p 8 0
p 17 18
p 11 8
p 24 17
p 22 7
p 5 3
p 0 1
p 13 1
p 1 5
p 20 0
p 26 19
p 34 2
p 31 15
p 3 5
p 14 11
p 30 1
p 28 19
p 9 18
p 16 8
t 1400 0
m 1 19
0 34 1
1 34 1
2 34 1
f 14 1
t 1399 0
m 2 19
0 34 0
1 34 2
2 34 2
t 1398 0
m 3 19
0 34 1
1 33 2
2 33 2
t 1397 0
m 4 19
0 34 2
1 33 3
2 33 3
t 1396 0
m 5 19
0 33 2
1 32 3
2 32 3
t 1395 0
m 6 19
0 33 3
1 31 3
2 31 3
t 1394 0
m 7 19
0 32 3
1 31 4
2 31 4
t 1393 0
m 8 19
0 31 3
1 30 4
2 30 4
t 1392 0
m 8 18
0 31 4
1 29 4
2 29 4
t 1391 0
m 9 18
0 30 4
1 29 5
2 29 5
t 1390 5
m 10 18
0 29 4
1 29 6
2 29 6
t 1389 5
m 10 19
0 29 5
1 29 7
2 29 7
t 1388 5
m 11 19
0 29 6
1 29 8
2 29 8
t 1387 5
m 12 19
0 29 7
1 28 8
2 28 8
t 1386 5
m 13 19
0 29 8
1 28 9
2 28 9
t 1385 5
m 14 19
0 28 8
1 28 10
2 28 10
t 1384 5
m 15 19
0 28 9
1 28 11
2 28 11
t 1383 5
m 16 19
0 28 10
1 28 12
2 28 12
t 1382 5
m 17 19
0 28 11
1 29 12
2 29 12
t 1381 5
m 17 18
0 28 12
1 29 13
2 29 13
t 1380 10
m 18 18
0 29 12
1 29 14
2 29 14
t 1379 10
m 18 19
0 29 13
1 29 15
2 29 15
t 1378 10
m 19 19
0 29 14
1 29 16
2 29 16
t 1377 10
m 20 19
0 29 15
1 29 17
2 29 17
t 1376 10
m 21 19
0 29 16
1 29 18
2 29 18
t 1375 10
m 22 19
0 29 17
1 28 18
2 28 18
t 1374 10
m 23 19
0 29 18
1 28 19
2 28 19
t 1373 10
m 24 19
0 28 18
1 27 19
2 27 19
t 1372 10
m 25 19
0 28 19
1 26 19
2 28 19
t 1371 10
m 26 19
0 27 19
1 25 19
2 27 19
t 1370 10
