35
20
m 0 19
0 34 0
1 34 0
2 34 0
w 0 0
w 0 1
w 0 2
w 0 3
w 0 4
w 0 5
w 0 6
w 0 7
w 0 8
w 0 9
w 0 10
w 0 11
w 0 12
w 0 16
w 0 17
w 0 18
w 1 0
w 1 1
w 1 2
w 1 3
w 1 4
w 1 5
w 1 6
w 1 7
w 1 8
w 1 9
w 1 10
w 1 11
w 1 14
w 1 16
w 1 17
w 1 18
w 2 0
w 2 1
w 2 2
w 2 3
w 2 4
w 2 5
w 2 6
w 2 7
w 2 8
w 2 9
w 2 10
w 2 12
w 3 0
w 3 1
w 3 2
w 3 3
w 3 4
w 3 5
w 3 6
w 3 7
w 3 8
w 3 9
w 3 14
w 3 16
w 3 19
w 4 0
w 4 2
w 4 3
w 4 4
w 4 5
w 4 6
w 4 7
w 4 8
w 4 12
w 4 13
w 4 17
w 4 18
w 4 19
w 5 5
w 5 6
w 5 11
w 5 15
w 5 18
w 5 19
w 6 2
w 6 3
w 6 6
w 6 8
w 6 9
w 6 12
w 6 13
w 6 14
w 6 15
w 6 18
w 6 19
w 7 0
w 7 1
w 7 9
w 7 11
w 7 12
w 7 13
w 7 14
w 7 15
w 7 16
w 7 17
w 7 18
w 7 19
w 8 3
w 8 5
w 8 9
w 8 11
w 8 12
w 8 13
w 8 14
w 8 15
w 8 16
w 8 17
w 8 18
w 8 19
w 9 1
w 9 3
w 9 4
w 9 6
w 9 7
w 9 10
w 9 11
w 9 12
w 9 13
w 9 14
w 9 15
w 9 17
w 9 18
w 9 19
w 10 0
w 10 4
w 10 6
w 10 7
w 10 9
w 10 10
w 10 12
w 10 13
w 10 14
w 10 18
w 10 19
w 11 0
w 11 4
w 11 6
w 11 7
w 11 10
w 11 12
w 11 13
w 11 16
w 11 17
w 11 18
w 11 19
w 12 0
w 12 3
w 12 4
w 12 10
w 12 12
w 12 13
w 12 15
w 12 16
w 12 17
w 12 18
w 12 19
w 13 1
w 13 4
w 13 10
w 13 16
w 13 17
w 13 18
w 13 19
w 14 3
w 14 4
w 14 5
w 14 6
w 14 9
w 14 10
w 14 11
w 14 13
w 14 15
w 14 16
w 14 17
w 14 18
w 14 19
w 15 5
w 15 9
w 15 10
w 15 13
w 15 14
w 15 16
w 15 17
w 15 18
w 15 19
w 16 0
w 16 1
w 16 3
w 16 4
w 16 6
w 16 7
w 16 9
w 16 11
w 16 16
w 16 17
w 16 18
w 16 19
w 17 1
w 17 6
w 17 7
w 17 13
w 17 14
w 17 17
w 17 18
w 17 19
w 18 5
w 18 9
w 18 10
w 18 13
w 18 15
w 18 16
w 18 17
w 18 18
w 18 19
w 19 0
w 19 1
w 19 5
w 19 6
w 19 7
w 19 9
w 19 10
w 19 12
w 19 19
w 20 0
w 20 5
w 20 9
w 20 15
w 20 17
w 21 3
w 21 6
w 21 7
w 21 9
w 21 13
w 21 17
w 22 0
w 22 5
w 22 9
w 22 10
w 22 11
w 22 12
w 22 13
w 22 14
w 22 16
w 22 17
w 23 0
w 23 1
w 23 3
w 23 5
w 23 7
w 23 10
w 23 11
w 23 12
w 23 13
w 23 14
w 23 17
w 24 0
w 24 4
w 24 12
w 24 15
w 24 17
w 25 0
w 25 3
w 25 4
w 25 6
w 25 9
w 25 10
w 25 14
w 25 15
w 25 16
w 25 17
w 25 18
w 26 0
w 26 1
w 26 6
w 26 7
w 26 9
w 26 10
w 26 11
w 26 12
w 26 15
w 26 16
w 26 17
w 27 0
w 27 3
w 27 7
w 27 11
w 27 12
w 27 13
w 27 16
w 28 3
w 28 5
w 28 6
w 28 7
w 28 17
w 29 0
w 29 3
w 29 4
w 29 6
w 29 9
w 29 13
w 29 14
w 29 16
w 29 17
w 29 18
w 30 0
w 30 1
w 30 3
w 30 10
w 30 11
w 30 14
w 30 19
w 31 3
w 31 6
w 31 7
w 31 10
w 31 11
w 31 12
w 31 13
w 31 19
w 32 0
w 32 9
w 32 10
w 32 11
w 32 12
w 32 13
w 32 14
w 32 18
w 32 19
w 33 3
w 33 9
w 33 10
w 33 11
w 33 12
w 33 13
w 33 14
w 33 15
w 33 17
w 33 18
w 33 19
w 34 1
w 34 2
w 34 3
w 34 5
w 34 6
w 34 7
w 34 8
w 34 9
w 34 10
w 34 11
w 34 12
w 34 13
w 34 14
w 34 15
w 34 16
w 34 17
w 34 18
w 34 19
p 10 15
p 27 8
p 14 14
p 20 8
p 21 16
p 3 17
p 5 14
p 0 13
p 17 0
p 28 16
p 8 0
p 23 18
p 25 7
p 30 12
p 32 3
p 18 11
p 12 14
t 1400 0
m 1 19
0 33 0
1 33 0
2 33 0
t 1399 0
m 2 19
0 33 1
1 33 1
2 33 1
f 31 4
t 1398 0
m 2 18
0 32 1
1 32 1
2 32 1
t 1397 0
m 2 17
0 31 1
1 31 1
2 31 1
t 1396 0
m 3 17
0 31 2
1 31 2
2 31 2
t 1395 5
m 2 17
0 30 2
1 30 2
2 30 2
t 1394 5
m 2 16
0 29 2
1 29 2
2 29 2
t 1393 5
m 2 15
0 28 2
1 28 2
2 28 2
t 1392 5
m 1 15
0 27 2
1 27 2
2 27 2
t 1391 5
m 0 15
0 26 2
1 26 2
2 26 2
t 1390 5
m 0 14
0 25 2
1 25 2
2 25 2
t 1389 5
m 0 13
0 24 2
1 24 2
2 24 2
t 1388 11
m 1 13
0 23 2
1 23 2
2 23 2
t 1387 11
m 2 13
0 22 2
1 22 2
2 22 2
t 1386 11
m 2 14
0 21 2
1 21 2
2 21 2
t 1385 11
m 2 15
0 20 2
1 20 2
2 20 2
t 1384 11
m 3 15
0 19 2
1 19 2
2 19 2
t 1383 11
m 4 15
0 18 2
1 18 2
2 18 2
t 1382 11
m 4 14
0 17 2
1 17 2
2 18 3
t 1381 11
m 5 14
0 16 2
1 16 2
2 17 3
t 1380 17
m 4 14
0 15 2
1 15 2
2 17 2
t 1379 17
m 4 15
0 14 2
1 14 2
2 16 2
t 1378 17
m 3 15
0 13 2
1 13 2
2 15 2
t 1377 17
m 2 15
0 12 2
1 12 2
2 14 2
t 1376 17
m 2 14
0 11 2
1 11 2
2 13 2
t 1375 17
m 2 13
0 10 2
1 10 2
2 12 2
t 1374 17
m 3 13
0 9 2
1 9 2
2 11 2
t 1373 17
m 3 12
0 8 2
1 8 2
2 10 2
t 1372 17
m 3 11
0 7 2
1 7 2
2 9 2
t 1371 17
m 3 10
0 8 2
1 7 3
2 8 2
t 1370 17
m 4 10
0 7 2
1 7 2
2 7 2
t 1369 17
m 4 9
0 7 3
1 7 3
2 7 3
t 1368 17
m 5 9
0 7 4
1 7 4
2 7 4
t 1367 17
m 5 8
0 7 5
1 8 4
2 7 5
t 1366 17
m 5 7
0 7 6
1 7 4
2 7 6
t 1365 17
m 6 7
0 7 7
1 7 5
2 8 6
t 1364 17
m 6 7
0 6 7
1 7 6
2 7 6
t 1363 17
