35
20
m 0 19
0 34 0
1 34 0
2 34 0
w 0 0
w 0 1
w 0 2
w 0 3
w 0 4
w 0 5
w 0 6
w 0 7
w 0 12
w 0 13
w 0 14
w 0 15
w 0 16
w 1 0
w 1 1
w 1 2
w 1 3
w 1 4
w 1 5
w 1 6
w 1 11
w 1 12
w 1 13
w 1 14
w 1 15
w 1 18
w 1 19
w 2 0
w 2 1
w 2 2
w 2 3
w 2 4
w 2 5
w 2 6
w 2 7
w 2 11
w 2 12
w 2 13
w 2 14
w 2 17
w 2 18
w 2 19
w 3 0
w 3 1
w 3 2
w 3 3
w 3 4
w 3 5
w 3 6
w 3 7
w 3 8
w 3 9
w 3 11
w 3 12
w 3 13
w 3 14
w 3 15
w 3 18
w 3 19
w 4 0
w 4 1
w 4 2
w 4 3
w 4 4
w 4 5
w 4 6
w 4 7
w 4 8
w 4 12
w 4 15
w 4 17
w 4 19
w 5 0
w 5 1
w 5 2
w 5 4
w 5 5
w 5 6
w 5 7
w 5 8
w 5 9
w 5 19
w 6 0
w 6 1
w 6 6
w 6 7
w 6 8
w 6 9
w 6 10
w 6 15
w 6 16
w 6 17
w 6 18
w 6 19
w 7 0
w 7 1
w 7 2
w 7 3
w 7 4
w 7 7
w 7 8
w 7 9
w 7 12
w 7 14
w 7 15
w 7 16
w 7 17
w 7 18
w 7 19
w 8 0
w 8 1
w 8 6
w 8 7
w 8 8
w 8 9
w 8 10
w 8 11
w 8 14
w 8 15
w 8 16
w 8 17
w 8 18
w 8 19
w 9 0
w 9 3
w 9 6
w 9 7
w 9 8
w 9 9
w 9 14
w 9 15
w 9 16
w 9 17
w 9 18
w 9 19
w 10 3
w 10 5
w 10 6
w 10 8
w 10 10
w 10 12
w 10 14
w 10 15
w 10 16
w 10 17
w 10 18
w 10 19
w 11 2
w 11 8
w 11 12
w 11 14
w 11 15
w 11 16
w 11 17
w 11 18
w 11 19
w 12 0
w 12 1
w 12 2
w 12 3
w 12 9
w 12 12
w 12 13
w 12 14
w 12 16
w 12 17
w 12 18
w 12 19
w 13 0
w 13 1
w 13 2
w 13 3
w 13 7
w 13 9
w 13 13
w 13 18
w 13 19
w 14 0
w 14 1
w 14 2
w 14 3
w 14 6
w 14 7
w 14 8
w 14 9
w 14 10
w 14 12
w 14 13
w 14 14
w 14 15
w 14 16
w 14 18
w 14 19
w 15 0
w 15 2
w 15 5
w 15 7
w 15 8
w 15 10
w 15 14
w 15 15
w 15 16
w 15 18
w 15 19
w 16 12
w 16 14
w 16 16
w 16 18
w 16 19
w 17 0
w 17 3
w 17 6
w 17 7
w 17 8
w 17 14
w 17 19
w 18 0
w 18 3
w 18 4
w 18 5
w 18 6
w 18 7
w 18 8
w 18 9
w 18 13
w 18 14
w 18 16
w 18 18
w 18 19
w 19 3
w 19 4
w 19 6
w 19 7
w 19 8
w 19 9
w 19 10
w 19 13
w 19 16
w 19 17
w 19 18
w 19 19
w 20 0
w 20 2
w 20 3
w 20 4
w 20 6
w 20 7
w 20 8
w 20 9
w 20 10
w 20 12
w 20 13
w 20 16
w 20 17
w 20 18
w 20 19
w 21 7
w 21 8
w 21 9
w 21 15
w 21 16
w 21 17
w 21 18
w 21 19
w 22 2
w 22 3
w 22 4
w 22 5
w 22 7
w 22 10
w 22 12
w 22 15
w 22 16
w 22 17
w 22 18
w 22 19
w 23 3
w 23 4
w 23 5
w 23 6
w 23 9
w 23 10
w 23 13
w 23 15
w 23 16
w 23 17
w 23 18
w 23 19
w 24 4
w 24 5
w 24 7
w 24 9
w 24 10
w 24 15
w 24 16
w 24 17
w 24 18
w 24 19
w 25 13
w 25 16
w 25 18
w 25 19
w 26 0
w 26 2
w 26 3
w 26 4
w 26 6
w 26 7
w 26 8
w 26 12
w 26 19
w 27 0
w 27 3
w 27 4
w 27 6
w 27 7
w 27 8
w 27 9
w 27 10
w 27 12
w 27 14
w 27 15
w 27 16
w 27 18
w 27 19
w 28 2
w 28 3
w 28 4
w 28 6
w 28 7
w 28 8
w 28 9
w 28 12
w 28 13
w 28 14
w 28 15
w 28 16
w 29 3
w 29 4
w 29 5
w 29 7
w 29 8
w 29 9
w 29 10
w 29 12
w 29 13
w 29 14
w 29 15
w 29 18
w 30 0
w 30 2
w 30 5
w 30 10
w 30 13
w 30 14
w 30 18
w 31 0
w 31 5
w 31 7
w 31 8
w 31 9
w 31 10
w 31 12
w 31 17
w 31 18
w 32 0
w 32 13
w 32 14
w 32 15
w 32 16
w 33 0
w 33 2
w 33 7
w 33 9
w 33 11
w 33 14
w 33 18
w 33 19
w 34 2
w 34 3
w 34 4
w 34 5
w 34 7
w 34 8
w 34 12
w 34 14
w 34 15
w 34 16
p 9 10
p 20 11
p 24 14
p 33 17
p 11 10
p 6 5
p 22 11
p 4 9
p 17 16
p 13 16
p 30 16
p 32 7
p 26 10
p 28 18
p 16 5
p 0 8
t 1400 0
m 0 18
0 34 1
1 34 1
2 34 1
t 1399 0
m 0 17
0 33 1
1 33 1
2 33 1
t 1398 0
m 1 17
0 32 1
1 32 1
2 32 1
t 1397 0
m 1 16
0 31 1
1 31 1
2 31 1
t 1396 0
m 2 16
0 30 1
1 30 1
2 30 1
t 1395 0
m 3 16
0 29 1
1 29 1
2 29 1
f 23 0
t 1394 0
m 4 16
0 28 1
1 28 1
2 28 1
t 1393 0
m 5 16
0 27 1
1 27 1
2 27 1
t 1392 0
m 5 15
0 26 1
1 26 1
2 26 1
t 1391 0
m 5 14
0 25 1
1 25 1
2 25 1
t 1390 0
m 5 13
0 24 1
1 24 1
2 24 1
t 1389 0
m 5 12
0 23 1
1 23 1
2 23 1
t 1388 0
m 5 11
0 22 1
1 22 1
2 22 1
t 1387 0
m 4 11
0 21 1
1 21 1
2 21 1
t 1386 0
m 4 10
0 20 1
1 20 1
2 20 1
t 1385 0
m 4 9
0 19 1
1 19 1
2 19 1
t 1384 6
m 4 10
0 18 1
1 18 1
2 18 1
t 1383 6
m 3 10
0 17 1
1 17 1
2 17 1
t 1382 6
m 2 10
0 16 1
1 16 1
2 16 1
t 1381 6
m 1 10
0 16 2
1 16 2
2 16 2
t 1380 6
m 0 10
0 16 3
1 16 3
2 16 3
t 1379 6
m 0 9
0 16 4
1 16 4
2 16 4
t 1378 6
m 0 8
0 16 5
1 17 4
2 16 5
t 1377 12
m 1 8
0 16 6
1 16 4
2 16 6
t 1376 12
m 2 8
0 16 7
1 16 5
2 16 7
t 1375 12
m 2 9
0 16 8
1 16 6
2 16 8
t 1374 12
m 2 10
0 16 9
1 16 7
2 16 9
t 1373 12
m 3 10
0 16 10
1 16 8
2 16 10
t 1372 12
m 4 10
0 16 11
1 16 9
2 16 11
t 1371 12
m 5 10
0 15 11
1 16 10
2 15 11
t 1370 12
m 5 11
0 14 11
1 16 11
2 14 11
t 1369 12
m 6 11
0 13 11
1 15 11
2 13 11
t 1368 12
m 6 12
0 12 11
1 14 11
2 12 11
t 1367 12
m 6 13
0 11 11
1 13 11
2 11 11
t 1366 12
m 7 13
0 12 11
1 12 11
2 10 11
t 1365 12
m 8 13
0 11 11
1 11 11
2 9 11
t 1364 12
m 8 13
0 10 11
1 10 11
2 9 12
t 1363 12
m 8 13
0 9 11
1 9 11
2 8 12
t 1362 12
m 8 13
0 9 12
1 9 12
2 8 13
t 1361 12
