35
20
m 0 19
0 34 0
1 34 0
2 34 0
w 0 0
w 1 0
w 1 1
w 1 4
w 1 5
w 1 6
w 1 9
w 1 10
w 1 14
w 1 17
w 1 18
w 2 6
w 2 7
w 2 8
w 2 9
w 2 10
w 2 11
w 2 13
w 2 14
w 2 15
w 2 16
w 2 17
w 2 18
w 3 0
w 3 3
w 3 4
w 3 5
w 3 6
w 3 14
w 3 15
w 3 16
w 3 17
w 4 5
w 4 6
w 4 7
w 4 8
w 4 9
w 4 10
w 4 11
w 4 12
w 4 15
w 4 16
w 4 17
w 4 18
w 5 0
w 5 1
w 5 6
w 5 8
w 5 15
w 5 16
w 5 17
w 5 18
w 6 0
w 6 1
w 6 4
w 6 8
w 6 9
w 6 10
w 6 11
w 6 12
w 6 14
w 6 15
w 6 16
w 6 17
w 6 18
w 7 0
w 7 1
w 7 6
w 7 8
w 7 9
w 7 10
w 7 11
w 7 12
w 7 13
w 7 14
w 7 15
w 7 16
w 7 17
w 7 18
w 8 0
w 8 1
w 8 3
w 8 4
w 8 5
w 8 6
w 8 7
w 8 8
w 8 9
w 8 10
w 8 11
w 8 12
w 8 13
w 8 14
w 8 15
w 8 16
w 8 17
w 9 0
w 9 1
w 9 3
w 9 4
w 9 5
w 9 6
w 9 7
w 9 8
w 9 9
w 9 10
w 9 11
w 9 12
w 9 13
w 9 14
w 9 15
w 9 16
w 9 17
w 10 5
w 10 6
w 10 7
w 10 8
w 10 9
w 10 10
w 10 14
w 10 15
w 11 3
w 11 4
w 11 5
w 11 6
w 11 7
w 11 8
w 11 10
w 11 11
w 11 13
w 11 14
w 11 15
w 11 16
w 11 17
w 11 18
w 12 0
w 12 3
w 12 4
w 12 5
w 12 6
w 12 8
w 12 14
w 12 17
w 13 0
w 13 5
w 13 8
w 13 10
w 13 12
w 13 14
w 13 15
w 14 0
w 14 4
w 14 8
w 14 9
w 14 10
w 14 11
w 14 12
w 14 14
w 14 15
w 15 1
w 15 4
w 15 7
w 15 8
w 15 9
w 15 15
w 15 17
w 16 3
w 16 4
w 16 7
w 16 8
w 16 9
w 16 10
w 16 14
w 16 15
w 16 16
w 17 0
w 17 3
w 17 4
w 17 7
w 17 8
w 17 9
w 17 10
w 17 11
w 17 16
w 17 18
w 18 0
w 18 1
w 18 5
w 18 8
w 18 11
w 18 13
w 18 14
w 18 16
w 18 17
w 18 18
w 19 0
w 19 4
w 19 13
w 19 18
w 20 0
w 20 1
w 20 3
w 20 5
w 20 7
w 20 10
w 20 11
w 20 12
w 20 18
w 21 0
w 21 1
w 21 5
w 21 6
w 21 10
w 21 14
w 21 15
w 21 16
w 21 17
w 22 0
w 22 3
w 22 5
w 22 6
w 22 7
w 22 8
w 22 9
w 22 14
w 22 15
w 22 16
w 22 17
w 22 18
w 23 10
w 23 11
w 23 13
w 23 14
w 23 15
w 23 16
w 23 17
w 23 18
w 24 0
w 24 1
w 24 5
w 24 8
w 24 11
w 24 14
w 24 16
w 24 18
w 25 0
w 25 3
w 25 5
w 25 7
w 25 8
w 25 9
w 25 11
w 26 0
w 26 3
w 26 4
w 26 5
w 26 8
w 26 9
w 26 11
w 26 12
w 26 13
w 26 15
w 26 16
w 26 17
w 27 6
w 27 8
w 27 11
w 27 12
w 27 14
w 28 1
w 28 4
w 28 5
w 28 7
w 28 11
w 28 14
w 28 17
w 28 18
w 29 0
w 29 1
w 29 7
w 29 8
w 29 9
w 29 10
w 29 11
w 29 17
w 29 18
w 30 0
w 30 3
w 30 4
w 30 11
w 30 12
w 30 13
w 30 15
w 31 0
w 31 1
w 31 6
w 31 7
w 31 8
w 31 12
w 31 13
w 31 14
w 31 18
w 32 0
w 32 1
w 32 3
w 32 5
w 32 6
w 32 7
w 32 10
w 32 11
w 32 12
w 32 13
w 32 14
w 32 15
w 32 16
w 32 17
w 33 0
w 33 1
w 33 3
w 33 5
w 33 6
w 33 7
w 33 9
w 33 10
w 33 11
w 33 12
w 33 15
p 11 2
p 32 9
p 25 13
p 16 13
p 18 10
p 34 9
p 23 12
p 3 9
p 21 18
p 5 9
p 8 2
p 0 1
p 27 5
p 28 16
p 30 10
p 1 7
p 15 0
p 13 6
p 20 2
t 1400 0
m 0 18
0 34 1
1 34 1
2 34 1
t 1399 0
m 0 17
0 34 2
1 34 2
2 34 2
f 34 19
t 1398 0
m 0 16
0 33 2
1 33 2
2 33 2
t 1397 0
m 0 15
0 32 2
1 32 2
2 32 2
t 1396 0
m 0 14
0 31 2
1 31 2
2 31 2
t 1395 0
m 0 13
0 30 2
1 30 2
2 30 2
t 1394 0
m 0 12
0 29 2
1 29 2
2 29 2
t 1393 0
m 0 11
0 28 2
1 28 2
2 28 2
t 1392 0
m 0 10
0 27 2
1 27 2
2 27 2
t 1391 0
m 0 9
0 26 2
1 28 2
2 26 2
t 1390 0
m 0 8
0 25 2
1 28 3
2 25 2
t 1389 0
m 0 7
0 24 2
1 27 3
2 24 2
t 1388 0
m 1 7
0 23 2
1 27 2
2 23 2
t 1387 5
m 0 7
0 22 2
1 26 2
2 22 2
t 1386 5
m 0 6
0 21 2
1 25 2
2 21 2
t 1385 5
m 0 5
0 20 2
1 24 2
2 20 2
t 1384 5
m 0 4
0 19 2
1 23 2
2 19 2
t 1383 5
m 0 3
0 18 2
1 22 2
2 19 3
t 1382 5
m 0 2
0 17 2
1 21 2
2 18 3
t 1381 5
m 0 1
0 16 2
1 20 2
2 18 2
t 1380 10
m 0 2
0 15 2
1 19 2
2 17 2
t 1379 10
m 1 2
0 14 2
1 18 2
2 16 2
t 1378 10
m 2 2
0 13 2
1 17 2
2 15 2
t 1377 10
m 3 2
0 12 2
1 16 2
2 14 2
t 1376 10
m 4 2
0 11 2
1 15 2
2 13 2
t 1375 10
m 5 2
0 10 2
1 14 2
2 12 2
t 1374 10
m 6 2
0 9 2
1 13 2
2 11 2
t 1373 10
m 7 2
0 8 2
1 12 2
2 10 2
t 1372 10
m 8 2
0 7 2
1 11 2
2 9 2
t 1371 10
