35
20
m 0 19
0 34 0
1 34 0
2 34 0
w 1 1
w 1 2
w 1 3
w 1 4
w 1 5
w 1 6
w 1 8
w 1 13
w 1 14
w 1 15
w 1 16
w 2 1
w 2 2
w 2 3
w 2 4
w 2 5
w 2 6
w 2 7
w 2 10
w 2 11
w 2 12
w 2 13
w 2 14
w 2 15
w 2 16
w 3 1
w 3 2
w 3 4
w 3 5
w 3 6
w 3 7
w 3 8
w 3 10
w 3 11
w 3 12
w 3 13
w 3 14
w 3 15
w 3 16
w 3 17
w 3 18
w 4 5
w 4 6
w 4 7
w 4 8
w 4 9
w 4 10
w 4 11
w 4 12
w 4 16
w 4 17
w 4 18
w 5 3
w 5 5
w 5 6
w 5 7
w 5 8
w 5 9
w 5 10
w 5 11
w 5 12
w 5 14
w 5 17
w 5 18
w 6 3
w 6 6
w 6 7
w 6 8
w 6 9
w 6 10
w 6 11
w 6 12
w 6 13
w 6 16
w 6 18
w 7 3
w 7 7
w 7 8
w 7 9
w 7 10
w 7 11
w 7 12
w 7 16
w 8 2
w 8 3
w 8 5
w 8 8
w 8 11
w 8 14
w 8 15
w 8 16
w 8 18
w 9 1
w 9 2
w 9 3
w 9 4
w 9 5
w 9 8
w 9 13
w 9 14
w 9 15
w 9 16
w 9 17
w 10 2
w 10 3
w 10 4
w 10 5
w 10 6
w 10 7
w 10 9
w 10 11
w 10 14
w 10 15
w 10 16
w 10 17
w 10 18
w 11 1
w 11 2
w 11 3
w 11 4
w 11 5
w 11 6
w 11 9
w 11 10
w 11 13
w 11 15
w 11 16
w 11 18
w 12 1
w 12 2
w 12 3
w 12 4
w 12 5
w 12 6
w 12 7
w 12 12
w 12 13
w 13 1
w 13 2
w 13 3
w 13 4
w 13 5
w 13 6
w 13 9
w 13 12
w 13 13
w 13 15
w 14 3
w 14 4
w 14 5
w 14 6
w 14 8
w 14 12
w 14 13
w 14 14
w 14 15
w 15 1
w 15 7
w 15 10
w 15 12
w 15 13
w 15 17
w 15 18
w 16 4
w 16 5
w 16 12
w 16 13
w 16 17
w 17 1
w 17 2
w 17 4
w 17 5
w 17 6
w 17 7
w 17 8
w 17 11
w 17 12
w 17 13
w 17 18
w 18 1
w 18 4
w 18 5
w 18 6
w 18 7
w 18 8
w 18 10
w 18 11
w 18 12
w 18 13
w 18 14
w 18 18
w 19 1
w 19 3
w 19 4
w 19 9
w 19 10
w 19 11
w 19 12
w 19 13
w 19 14
w 19 15
w 19 16
w 20 6
w 20 9
w 20 10
w 20 11
w 20 12
w 20 13
w 20 14
w 20 15
w 20 16
w 20 18
w 21 2
w 21 5
w 21 6
w 21 9
w 21 10
w 21 11
w 21 12
w 21 13
w 21 14
w 21 15
w 21 16
w 21 17
w 22 1
w 22 5
w 22 8
w 22 9
w 22 10
w 22 11
w 22 15
w 22 16
w 23 1
w 23 2
w 23 9
w 23 11
w 23 12
w 23 13
w 23 18
w 24 2
w 24 4
w 24 8
w 24 11
w 24 12
w 24 13
w 24 14
w 24 18
w 25 4
w 25 6
w 25 8
w 25 12
w 25 13
w 25 14
w 25 16
w 26 3
w 26 7
w 26 10
w 26 11
w 26 12
w 26 13
w 26 15
w 26 16
w 26 17
w 26 18
w 27 2
w 27 4
w 27 6
w 27 7
w 27 10
w 27 11
w 27 15
w 27 16
w 27 17
w 27 18
w 28 1
w 28 4
w 28 7
w 28 9
w 28 15
w 28 16
w 28 17
w 29 4
w 29 7
w 29 12
w 29 14
w 29 15
w 29 16
w 29 17
w 29 18
w 30 4
w 30 10
w 30 11
w 30 14
w 30 15
w 30 17
w 31 3
w 31 7
w 31 8
w 31 9
w 31 12
w 31 15
w 31 17
w 32 2
w 32 3
w 32 4
w 32 7
w 32 18
w 34 1
w 34 3
w 34 4
w 34 8
w 34 10
w 34 16
p 32 6
p 33 8
p 10 12
p 6 14
p 4 2
p 22 7
p 27 9
p 12 18
p 18 0
p 16 6
p 20 3
p 34 14
p 0 0
p 8 7
p 14 17
p 30 13
p 24 0
p 1 7
p 29 2
p 25 11
t 1400 0
m 0 18
0 33 0
1 33 0
2 33 0
t 1399 0
m 0 17
0 32 0
1 32 0
2 32 0
t 1398 0
m 0 16
0 31 0
1 31 0
2 31 0
t 1397 0
m 0 15
0 30 0
1 30 0
2 30 0
t 1396 0
m 0 14
0 29 0
1 29 0
2 29 0
f 24 6
t 1395 0
m 0 13
0 28 0
1 28 0
2 28 0
t 1394 0
m 0 12
0 27 0
1 27 0
2 27 0
t 1393 0
m 0 11
0 26 0
1 26 0
2 26 0
t 1392 0
m 0 10
0 25 0
1 25 0
2 25 0
t 1391 0
m 0 9
0 24 0
1 24 0
2 24 0
t 1390 0
m 0 8
0 23 0
1 23 0
2 23 0
t 1389 0
m 0 7
0 22 0
1 22 0
2 22 0
t 1388 0
m 1 7
0 21 0
1 21 0
2 21 0
t 1387 5
m 0 7
0 20 0
1 20 0
2 20 0
t 1386 5
m 0 6
0 19 0
1 19 0
2 19 0
t 1385 5
m 0 5
0 18 0
1 18 0
2 18 0
t 1384 5
m 0 4
0 17 0
1 17 0
2 17 0
t 1383 5
m 0 3
0 16 0
1 16 0
2 18 0
t 1382 5
m 0 2
0 15 0
1 15 0
2 17 0
t 1381 5
m 0 1
0 14 0
1 14 0
2 16 0
t 1380 5
m 0 0
0 13 0
1 13 0
2 15 0
t 1379 10
m 1 0
0 12 0
1 12 0
2 14 0
t 1378 10
m 2 0
0 11 0
1 13 0
2 13 0
t 1377 10
m 3 0
0 10 0
1 12 0
2 12 0
t 1376 10
m 4 0
0 11 0
1 11 0
2 11 0
t 1375 10
m 4 1
0 10 0
1 10 0
2 10 0
t 1374 10
m 4 2
0 9 0
1 9 0
2 9 0
t 1373 15
m 4 3
0 8 0
1 8 0
2 8 0
t 1372 15
m 4 4
0 7 0
1 7 0
2 7 0
t 1371 15
m 5 4
0 6 0
1 6 0
2 6 0
t 1370 15
m 6 4
0 5 0
1 5 0
2 5 0
t 1369 15
m 6 5
0 5 1
1 5 1
2 5 1
t 1368 15
m 7 5
0 5 2
1 5 2
2 5 2
t 1367 15
m 7 6
0 5 1
1 4 2
2 4 2
t 1366 15
m 8 6
0 5 2
1 4 3
2 4 3
t 1365 15
m 8 7
0 4 2
1 4 4
2 4 4
t 1364 20
m 8 7
0 4 3
1 4 3
2 5 4
t 1363 20
m 8 7
0 4 4
1 4 2
2 6 4
t 1362 20
m 8 7
0 5 4
1 4 3
2 6 5
t 1361 20
m 8 7
0 6 4
1 4 4
2 7 5
t 1360 20
m 8 7
0 6 5
1 5 4
2 7 6
t 1359 20
m 8 7
0 7 5
1 6 4
2 8 6
t 1358 20
m 8 7
0 7 6
1 6 5
2 8 7
t 1357 20
