35
20
m 0 19
0 34 0
1 34 0
2 34 0
w 0 0
w 0 2
w 0 8
w 0 9
w 0 10
w 0 11
w 0 12
w 0 13
w 0 14
w 0 15
w 0 16
w 0 18
w 1 2
w 1 3
w 1 8
w 1 10
w 1 11
w 1 12
w 1 13
w 1 18
w 2 0
w 2 4
w 2 7
w 2 10
w 2 11
w 2 12
w 2 13
w 2 14
w 2 16
w 3 2
w 3 7
w 3 12
w 3 13
w 3 14
w 3 16
w 3 17
w 3 19
w 4 0
w 4 2
w 4 4
w 4 5
w 4 8
w 4 9
w 4 11
w 4 13
w 4 14
w 4 15
w 4 16
w 4 19
w 5 0
w 5 1
w 5 7
w 5 14
w 5 15
w 5 16
w 5 17
w 6 0
w 6 1
w 6 2
w 6 5
w 6 6
w 6 9
w 6 12
w 7 0
w 7 1
w 7 2
w 7 5
w 7 8
w 7 9
w 7 10
w 7 11
w 7 12
w 7 13
w 7 16
w 7 19
w 8 0
w 8 1
w 8 8
w 8 11
w 8 12
w 8 13
w 8 14
w 8 15
w 8 16
w 8 17
w 8 18
w 8 19
w 9 0
w 9 1
w 9 2
w 9 3
w 9 5
w 9 10
w 9 12
w 9 14
w 9 17
w 9 18
w 9 19
w 10 0
w 10 1
w 10 2
w 10 5
w 10 9
w 10 17
w 10 18
w 10 19
w 11 0
w 11 2
w 11 3
w 11 6
w 11 7
w 11 8
w 11 10
w 11 13
w 11 14
w 11 15
w 11 19
w 12 2
w 12 11
w 12 13
w 12 16
w 12 17
w 13 4
w 13 6
w 13 7
w 13 13
w 13 17
w 13 18
w 14 2
w 14 4
w 14 6
w 14 15
w 14 16
w 14 18
w 15 1
w 15 4
w 15 6
w 15 7
w 15 9
w 15 12
w 15 14
w 15 15
w 15 18
w 16 3
w 16 4
w 16 5
w 16 6
w 16 7
w 16 8
w 16 9
w 16 10
w 16 11
w 16 12
w 16 16
w 16 18
w 16 19
w 17 0
w 17 4
w 17 6
w 17 7
w 17 8
w 17 10
w 17 15
w 17 18
w 17 19
w 18 0
w 18 13
w 18 16
w 19 1
w 19 3
w 19 5
w 19 9
w 19 10
w 19 12
w 19 13
w 19 14
w 19 18
w 20 1
w 20 5
w 20 6
w 20 7
w 20 15
w 20 17
w 20 18
w 21 3
w 21 7
w 21 9
w 21 12
w 21 14
w 22 0
w 22 1
w 22 3
w 22 4
w 22 7
w 22 12
w 22 13
w 22 14
w 22 15
w 22 17
w 23 0
w 23 3
w 23 4
w 23 6
w 23 7
w 23 9
w 23 10
w 23 11
w 23 12
w 23 13
w 23 14
w 23 15
w 23 19
w 24 0
w 24 1
w 24 3
w 24 4
w 24 5
w 24 9
w 24 10
w 24 11
w 24 12
w 24 13
w 24 14
w 24 15
w 24 16
w 24 17
w 25 0
w 25 3
w 25 4
w 25 5
w 25 6
w 25 9
w 25 10
w 25 12
w 25 14
w 25 15
w 25 16
w 25 18
w 25 19
w 26 0
w 26 1
w 26 4
w 26 5
w 26 9
w 26 10
w 26 15
w 26 16
w 26 18
w 26 19
w 27 0
w 27 1
w 27 4
w 27 6
w 27 9
w 27 11
w 27 12
w 27 14
w 27 15
w 27 16
w 28 0
w 28 1
w 28 3
w 28 6
w 28 7
w 28 14
w 28 15
w 28 17
w 29 0
w 29 1
w 29 5
w 29 9
w 29 10
w 29 14
w 30 0
w 30 3
w 30 4
w 30 5
w 30 6
w 30 7
w 30 9
w 30 10
w 30 11
w 30 13
w 30 18
w 30 19
w 31 0
w 31 1
w 31 9
w 31 10
w 31 15
w 31 16
w 31 17
w 31 18
w 31 19
w 32 2
w 32 5
w 32 9
w 32 10
w 32 11
w 32 12
w 32 13
w 32 15
w 32 16
w 32 17
w 32 18
w 32 19
w 33 2
w 33 4
w 33 5
w 33 6
w 33 7
w 33 8
w 33 9
w 33 10
w 33 11
w 33 12
w 33 16
w 33 17
w 33 18
w 33 19
w 34 4
w 34 5
w 34 6
w 34 7
w 34 8
w 34 9
w 34 10
w 34 11
w 34 12
w 34 14
w 34 16
w 34 17
w 34 18
w 34 19
p 23 1
p 31 8
p 5 13
p 2 2
p 26 2
p 11 17
p 18 7
p 21 6
p 29 13
p 28 2
p 14 12
p 3 15
p 0 1
p 9 16
p 19 17
p 34 2
p 13 3
p 16 14
p 7 14
t 1400 0
m 1 19
0 34 1
1 34 1
2 33 0
t 1399 0
m 2 19
0 34 2
1 34 2
2 33 1
t 1398 0
m 2 18
0 34 3
1 34 3
2 34 1
t 1397 0
m 2 17
0 33 3
1 33 3
2 34 2
t 1396 0
m 1 17
0 32 3
1 32 3
2 34 3
t 1395 0
m 1 16
0 31 3
1 31 3
2 33 3
t 1394 0
m 1 15
0 31 2
1 31 2
2 32 3
f 18 8
t 1393 0
m 2 15
0 30 2
1 30 2
2 31 3
t 1392 0
m 3 15
0 29 2
1 29 2
2 31 2
t 1391 5
m 2 15
0 28 2
1 28 2
2 30 2
t 1390 5
m 1 15
0 27 2
1 27 2
2 29 2
t 1389 5
m 1 16
0 26 2
1 26 2
2 28 2
t 1388 5
m 1 17
0 25 2
1 25 2
2 27 2
t 1387 5
m 2 17
0 24 2
1 24 2
2 26 2
t 1386 5
m 2 18
0 23 2
1 23 2
2 25 2
t 1385 5
m 3 18
0 22 2
1 22 2
2 24 2
t 1384 5
m 4 18
0 21 2
1 21 2
2 23 2
t 1383 5
m 5 18
0 20 2
1 20 2
2 22 2
t 1382 5
m 6 18
0 19 2
1 19 2
2 21 2
t 1381 5
m 6 17
0 18 2
1 18 2
2 20 2
t 1380 5
m 6 16
0 17 2
1 17 2
2 19 2
t 1379 5
m 6 15
0 16 2
1 16 2
2 18 2
t 1378 5
m 6 14
0 15 2
1 15 2
2 17 2
t 1377 5
m 7 14
0 15 3
1 15 3
2 16 2
t 1376 10
m 6 14
0 14 3
1 14 3
2 15 2
t 1375 10
m 6 13
0 13 3
1 13 3
2 15 3
t 1374 10
m 5 13
0 12 3
1 12 3
2 14 3
t 1373 15
m 5 12
0 12 4
1 12 4
2 13 3
t 1372 15
m 5 11
0 11 4
1 11 4
2 12 3
t 1371 15
m 5 10
0 10 4
1 10 4
2 12 4
t 1370 15
m 5 9
0 10 3
1 9 4
2 11 4
t 1369 15
m 5 8
0 10 4
1 8 4
2 10 4
t 1368 15
m 6 8
0 9 4
1 8 5
2 9 4
t 1367 15
m 6 7
0 8 4
1 8 6
2 8 4
t 1366 15
m 6 7
0 8 5
1 7 6
2 8 5
t 1365 15
m 6 7
0 8 6
1 7 7
2 8 4
t 1364 15
m 6 7
0 7 6
1 6 7
2 8 5
t 1363 15
