35
20
m 0 19
0 34 0
1 34 0
2 34 0
w 0 0
w 0 1
w 0 2
w 0 3
w 0 4
w 0 8
w 0 10
w 0 11
w 0 12
w 0 13
w 0 14
w 0 15
w 0 16
w 0 17
w 1 0
w 1 1
w 1 2
w 1 3
w 1 4
w 1 5
w 1 10
w 1 11
w 1 12
w 1 13
w 1 14
w 1 15
w 1 16
w 1 17
w 1 18
w 2 0
w 2 1
w 2 2
w 2 3
w 2 4
w 2 5
w 2 6
w 2 7
w 2 8
w 2 15
w 3 0
w 3 1
w 3 2
w 3 3
w 3 4
w 3 5
w 3 6
w 3 7
w 3 9
w 3 12
w 3 13
w 4 0
w 4 1
w 4 2
w 4 3
w 4 4
w 4 5
w 4 6
w 4 7
w 4 11
w 4 13
w 4 15
w 4 16
w 5 0
w 5 1
w 5 2
w 5 3
w 5 4
w 5 5
w 5 6
w 5 10
w 5 17
w 5 19
w 6 0
w 6 2
w 6 3
w 6 4
w 6 6
w 6 7
w 6 8
w 6 10
w 6 11
w 6 12
w 6 13
w 6 14
w 6 15
w 6 16
w 6 17
w 6 18
w 6 19
w 7 0
w 7 10
w 7 14
w 7 15
w 7 16
w 7 17
w 7 18
w 7 19
w 8 4
w 8 5
w 8 6
w 8 12
w 8 14
w 8 15
w 8 16
w 8 17
w 8 18
w 8 19
w 9 0
w 9 3
w 9 5
w 9 6
w 9 7
w 9 10
w 9 11
w 9 14
w 9 16
w 9 17
w 9 18
w 9 19
w 10 0
w 10 3
w 10 7
w 10 11
w 10 12
w 10 13
w 10 16
w 10 17
w 10 18
w 10 19
w 11 6
w 11 9
w 11 10
w 11 16
w 11 17
w 11 18
w 11 19
w 12 2
w 12 3
w 12 5
w 12 10
w 12 12
w 12 15
w 12 16
w 12 17
w 12 18
w 12 19
w 13 0
w 13 2
w 13 5
w 13 6
w 13 7
w 13 9
w 13 10
w 13 11
w 13 12
w 13 14
w 13 15
w 13 16
w 13 17
w 13 18
w 13 19
w 14 2
w 14 3
w 14 7
w 14 9
w 14 10
w 14 11
w 14 12
w 14 14
w 14 15
w 14 16
w 14 17
w 14 18
w 14 19
w 15 0
w 15 4
w 15 5
w 15 7
w 15 14
w 15 15
w 15 16
w 15 17
w 15 18
w 15 19
w 16 2
w 16 6
w 16 7
w 16 9
w 16 10
w 16 11
w 16 13
w 16 14
w 16 17
w 16 18
w 16 19
w 17 0
w 17 3
w 17 4
w 17 13
w 17 14
w 17 16
w 17 17
w 18 2
w 18 5
w 18 7
w 18 9
w 18 16
w 18 17
w 18 19
w 19 3
w 19 7
w 19 9
w 19 10
w 19 12
w 19 13
w 19 16
w 19 17
w 19 19
w 20 2
w 20 3
w 20 4
w 20 5
w 20 6
w 20 9
w 20 12
w 20 13
w 20 14
w 20 19
w 21 0
w 21 2
w 21 3
w 21 4
w 21 5
w 21 10
w 21 12
w 21 13
w 21 16
w 21 17
w 22 0
w 22 2
w 22 3
w 22 4
w 22 6
w 22 7
w 22 9
w 22 10
w 22 11
w 22 12
w 22 13
w 22 14
w 22 15
w 22 16
w 22 17
w 22 18
w 22 19
w 23 0
w 23 3
w 23 10
w 23 11
w 23 12
w 23 13
w 23 14
w 23 15
w 23 16
w 23 17
w 23 18
w 23 19
w 24 6
w 24 9
w 24 10
w 24 11
w 24 12
w 24 13
w 24 14
w 24 15
w 24 16
w 24 17
w 24 18
w 24 19
w 25 5
w 25 6
w 25 9
w 25 10
w 25 11
w 25 12
w 25 13
w 25 14
w 25 15
w 25 16
w 25 17
w 25 18
w 25 19
w 26 0
w 26 4
w 26 5
w 26 6
w 26 9
w 26 10
w 26 11
w 26 12
w 26 13
w 26 14
w 26 15
w 26 16
w 26 17
w 26 18
w 27 0
w 27 10
w 27 11
w 27 12
w 27 13
w 27 14
w 27 17
w 28 0
w 28 3
w 28 4
w 28 5
w 28 6
w 28 7
w 28 10
w 28 11
w 28 12
w 28 13
w 28 14
w 28 16
w 28 19
w 29 2
w 29 3
w 29 4
w 29 5
w 29 6
w 29 10
w 29 11
w 29 13
w 29 14
w 29 16
w 30 0
w 30 4
w 30 10
w 30 11
w 30 18
w 31 4
w 31 5
w 31 6
w 31 7
w 31 11
w 31 13
w 31 14
w 31 16
w 31 19
w 32 2
w 32 4
w 32 6
w 32 7
w 32 9
w 32 13
w 32 14
w 32 15
w 32 16
w 32 18
w 32 19
w 33 0
w 33 2
w 33 4
w 33 6
w 33 10
w 33 12
w 33 14
w 33 19
w 34 9
w 34 12
w 34 17
w 34 19
p 18 4
p 3 8
p 25 0
p 5 11
p 14 4
p 27 8
p 29 17
p 21 19
p 11 13
p 10 1
p 34 13
p 7 12
p 0 5
p 33 5
p 19 18
p 16 8
p 31 2
t 1400 0
m 1 19
0 34 1
1 34 1
2 34 1
t 1399 0
m 2 19
0 33 1
1 33 1
2 34 2
t 1398 0
m 2 18
0 32 1
1 32 1
2 34 3
t 1397 0
m 2 17
0 31 1
1 31 1
2 34 4
t 1396 0
m 2 16
0 30 1
1 30 1
2 34 5
t 1395 0
m 3 16
0 29 1
1 29 1
2 34 6
t 1394 0
m 3 15
0 28 1
1 28 1
2 34 7
t 1393 0
m 3 14
0 27 1
1 27 1
2 33 7
t 1392 0
m 4 14
0 26 1
1 26 1
2 33 8
t 1391 0
m 5 14
0 25 1
1 25 1
2 32 8
t 1390 0
m 5 13
0 26 1
1 24 1
2 31 8
t 1389 0
m 5 12
0 25 1
1 23 1
2 30 8
f 32 11
t 1388 0
m 5 11
0 24 1
1 22 1
2 29 8
t 1387 5
m 5 12
0 23 1
1 21 1
2 28 8
t 1386 5
m 5 13
0 22 1
1 20 1
2 27 8
t 1385 5
m 5 14
0 21 1
1 19 1
2 26 8
t 1384 5
m 4 14
0 20 1
1 18 1
2 25 8
t 1383 5
m 3 14
0 19 1
1 17 1
2 24 8
t 1382 5
m 2 14
0 18 1
1 16 1
2 23 8
t 1381 5
m 2 13
0 17 1
1 15 1
2 22 8
t 1380 5
m 2 12
0 16 1
1 14 1
2 21 8
t 1379 5
m 2 11
0 15 1
1 13 1
2 20 8
t 1378 5
m 2 10
0 14 1
1 12 1
2 19 8
t 1377 5
m 3 10
0 13 1
1 11 1
2 18 8
t 1376 5
m 4 10
0 12 1
1 10 1
2 17 8
t 1375 5
m 4 9
0 11 1
1 9 1
2 16 8
t 1374 5
m 4 8
0 10 1
1 8 1
2 15 8
t 1373 5
m 3 8
0 9 1
1 7 1
2 14 8
t 1372 11
m 4 8
0 8 1
1 7 2
2 13 8
t 1371 11
m 4 9
0 7 1
1 7 3
2 12 8
t 1370 11
m 4 10
0 7 2
1 7 4
2 11 8
t 1369 11
m 3 10
0 7 3
1 7 5
2 12 8
t 1368 11
m 2 10
0 7 4
1 7 6
2 11 8
t 1367 11
m 2 9
0 7 5
1 7 7
2 10 8
t 1366 11
m 1 9
0 7 6
1 7 8
2 9 8
t 1365 11
m 1 8
0 7 7
1 7 9
2 8 8
t 1364 11
m 1 7
0 7 8
1 6 9
2 8 9
t 1363 11
m 0 7
0 7 9
1 5 9
2 8 10
t 1362 11
m 0 6
0 6 9
1 4 9
2 8 11
t 1361 11
m 0 5
0 5 9
1 4 10
2 8 10
t 1360 17
m 0 5
0 4 9
1 3 10
2 8 9
t 1359 17
m 0 5
0 4 10
1 2 10
2 7 9
t 1358 17
m 0 5
0 3 10
1 2 9
2 6 9
t 1357 17
m 0 5
0 2 10
1 1 9
2 5 9
t 1356 17
m 0 5
0 2 9
1 1 8
2 4 9
t 1355 17
m 0 5
0 1 9
1 1 7
2 4 10
t 1354 17
m 0 5
0 1 8
1 0 7
2 3 10
t 1353 17
m 0 5
0 1 7
1 0 6
2 2 10
t 1352 17
m 0 5
0 0 7
1 0 5
2 2 9
t 1351 17
