35
20
m 0 19
0 34 0
1 34 0
2 34 0
w 0 0
w 0 1
w 0 2
w 0 3
w 0 4
w 0 6
w 0 7
w 0 8
w 0 9
w 0 10
w 0 11
w 0 12
w 0 17
w 1 0
w 1 1
w 1 2
w 1 3
w 1 4
w 1 6
w 1 7
w 1 8
w 1 9
w 1 10
w 1 11
w 1 12
w 1 13
w 1 16
w 1 17
w 1 19
w 2 0
w 2 1
w 2 2
w 2 6
w 2 7
w 2 8
w 2 9
w 2 10
w 2 11
w 2 12
w 2 13
w 2 16
w 2 17
w 3 0
w 3 1
w 3 2
w 3 7
w 3 8
w 3 9
w 3 10
w 3 11
w 3 12
w 3 13
w 3 17
w 4 0
w 4 1
w 4 4
w 4 5
w 4 6
w 4 7
w 4 8
w 4 9
w 4 10
w 4 11
w 4 12
w 4 13
w 4 14
w 4 19
w 5 0
w 5 1
w 5 3
w 5 7
w 5 11
w 5 12
w 5 13
w 5 14
w 5 15
w 5 17
w 5 18
w 6 0
w 6 6
w 6 10
w 6 11
w 6 12
w 6 13
w 6 14
w 6 15
w 7 0
w 7 1
w 7 2
w 7 3
w 7 5
w 7 6
w 7 9
w 7 12
w 7 13
w 7 14
w 7 15
w 7 17
w 7 18
w 7 19
w 8 0
w 8 1
w 8 2
w 8 3
w 8 10
w 8 14
w 8 15
w 8 17
w 8 18
w 9 0
w 9 1
w 9 2
w 9 3
w 9 5
w 9 6
w 9 8
w 9 9
w 9 10
w 9 11
w 9 13
w 9 18
w 10 0
w 10 1
w 10 2
w 10 9
w 10 10
w 10 11
w 11 0
w 11 1
w 11 2
w 11 3
w 11 4
w 11 9
w 11 10
w 11 11
w 11 12
w 11 14
w 11 17
w 11 18
w 12 0
w 12 1
w 12 2
w 12 7
w 12 9
w 12 10
w 12 12
w 12 16
w 12 17
w 12 18
w 13 1
w 13 2
w 13 3
w 13 5
w 13 6
w 13 7
w 13 8
w 13 9
w 13 10
w 13 13
w 13 15
w 13 16
w 13 17
w 13 18
w 13 19
w 14 2
w 14 7
w 14 8
w 14 9
w 14 17
w 14 18
w 14 19
w 15 1
w 15 2
w 15 5
w 15 6
w 15 7
w 15 9
w 15 10
w 15 11
w 15 13
w 15 16
w 15 18
w 15 19
w 16 13
w 16 16
w 16 19
w 17 1
w 17 2
w 17 5
w 17 8
w 17 14
w 17 19
w 18 2
w 18 3
w 18 7
w 18 8
w 18 12
w 18 14
w 18 15
w 19 1
w 19 5
w 19 6
w 19 7
w 19 9
w 19 10
w 19 14
w 19 17
w 20 1
w 20 6
w 20 10
w 20 14
w 20 16
w 20 17
w 20 18
w 20 19
w 21 1
w 21 2
w 21 4
w 21 5
w 21 6
w 21 7
w 21 8
w 21 15
w 21 16
w 21 17
w 21 18
w 21 19
w 22 2
w 22 3
w 22 4
w 22 5
w 22 6
w 22 10
w 22 14
w 22 15
w 22 16
w 22 17
w 22 18
w 22 19
w 23 1
w 23 2
w 23 3
w 23 6
w 23 7
w 23 8
w 23 10
w 23 13
w 23 14
w 23 15
w 23 16
w 23 17
w 23 18
w 23 19
w 24 5
w 24 10
w 24 13
w 24 14
w 24 15
w 24 16
w 24 17
w 24 18
w 24 19
w 25 1
w 25 3
w 25 4
w 25 5
w 25 7
w 25 8
w 25 10
w 25 14
w 25 15
w 25 16
w 25 18
w 25 19
w 26 1
w 26 3
w 26 4
w 26 5
w 26 6
w 26 7
w 26 8
w 26 9
w 26 14
w 26 15
w 26 16
w 26 19
w 27 1
w 27 2
w 27 3
w 27 4
w 27 5
w 27 6
w 27 7
w 27 14
w 27 15
w 27 19
w 28 1
w 28 3
w 28 4
w 28 5
w 28 6
w 28 9
w 28 10
w 29 3
w 29 4
w 29 5
w 29 6
w 29 7
w 29 8
w 29 9
w 29 10
w 29 12
w 29 15
w 29 16
w 29 17
w 30 4
w 30 5
w 30 6
w 30 7
w 30 12
w 30 14
w 30 15
w 30 16
w 30 17
w 31 2
w 31 3
w 31 4
w 31 5
w 31 6
w 31 9
w 31 10
w 31 13
w 31 14
w 31 15
w 31 16
w 31 17
w 31 18
w 31 19
w 32 2
w 32 3
w 32 4
w 32 5
w 32 8
w 32 9
w 32 10
w 32 13
w 32 14
w 32 15
w 32 16
w 32 17
w 32 18
w 32 19
w 33 1
w 33 2
w 33 3
w 33 4
w 33 5
w 33 6
w 33 7
w 33 10
w 33 13
w 33 14
w 33 15
w 33 16
w 33 17
w 33 18
w 33 19
w 34 12
w 34 13
w 34 14
w 34 15
w 34 16
w 34 17
w 34 18
w 34 19
p 20 11
p 10 5
p 25 9
p 23 0
p 12 3
p 19 0
p 14 6
p 29 13
p 34 9
p 27 16
p 3 6
p 0 5
p 5 19
p 17 11
p 31 12
p 16 4
p 8 5
t 1400 0
m 0 18
0 33 0
1 33 0
2 33 0
t 1399 0
m 1 18
0 32 0
1 32 0
2 32 0
t 1398 0
m 2 18
0 31 0
1 31 0
2 31 0
f 10 7
t 1397 0
m 3 18
0 30 0
1 30 0
2 30 0
t 1396 0
m 4 18
0 29 0
1 29 0
2 29 0
t 1395 0
m 4 17
0 28 0
1 28 0
2 28 0
t 1394 0
m 4 16
0 27 0
1 27 0
2 27 0
t 1393 0
m 5 16
0 26 0
1 26 0
2 26 0
t 1392 0
m 6 16
0 25 0
1 25 0
2 25 0
t 1391 0
m 6 17
0 24 0
1 24 0
2 24 0
t 1390 0
m 6 18
0 23 0
1 23 0
2 23 0
t 1389 0
m 6 19
0 22 0
1 22 0
2 22 0
t 1388 0
m 5 19
0 21 0
1 21 0
2 21 0
t 1387 5
m 6 19
0 20 0
1 20 0
2 20 0
t 1386 5
m 6 18
0 19 0
1 19 0
2 19 0
t 1385 5
m 6 17
0 18 0
1 18 0
2 18 0
t 1384 5
m 6 16
0 17 0
1 17 0
2 17 0
t 1383 5
m 7 16
0 16 0
1 16 0
2 16 0
t 1382 5
m 8 16
0 16 1
1 16 1
2 16 1
t 1381 5
m 9 16
0 16 2
1 16 2
2 16 2
t 1380 5
m 9 15
0 16 3
1 16 3
2 16 3
t 1379 5
m 9 14
0 16 4
1 16 4
2 16 4
t 1378 5
m 10 14
0 16 5
1 16 5
2 16 5
t 1377 5
m 10 13
0 16 6
1 16 4
2 16 6
t 1376 5
m 11 13
0 16 7
1 16 3
2 16 7
t 1375 5
m 12 13
0 16 8
1 16 4
2 16 8
t 1374 5
m 12 14
0 16 9
1 16 5
2 15 8
t 1373 5
m 13 14
0 16 10
1 16 6
2 16 8
t 1372 5
m 14 14
0 16 11
1 16 7
2 16 9
t 1371 5
m 14 13
0 16 12
1 16 8
2 16 10
t 1370 5
m 14 13
0 15 12
1 16 9
2 16 11
t 1369 5
m 14 13
0 14 12
1 16 10
2 16 12
t 1368 5
m 14 13
0 14 13
1 16 11
2 15 12
t 1367 5
