35
20
m 0 19
0 34 0
1 34 0
2 34 0
w 0 1
w 0 3
w 0 4
w 0 5
w 0 6
w 0 7
w 0 8
w 0 9
w 0 10
w 0 11
w 0 12
w 0 13
w 0 15
w 0 16
w 1 3
w 1 6
w 1 7
w 1 8
w 1 9
w 1 10
w 1 11
w 1 12
w 1 13
w 1 16
w 1 18
w 2 3
w 2 7
w 2 8
w 2 9
w 2 10
w 2 11
w 2 12
w 2 13
w 2 16
w 2 19
w 3 1
w 3 3
w 3 5
w 3 6
w 3 7
w 3 8
w 3 9
w 3 10
w 3 11
w 3 12
w 3 13
w 3 15
w 3 16
w 3 19
w 4 0
w 4 1
w 4 3
w 4 6
w 4 7
w 4 8
w 4 9
w 4 10
w 4 11
w 4 12
w 4 13
w 4 15
w 5 0
w 5 1
w 5 5
w 5 6
w 5 7
w 5 8
w 5 9
w 5 10
w 5 17
w 5 19
w 6 0
w 6 2
w 6 7
w 6 8
w 6 9
w 6 10
w 6 11
w 6 12
w 6 14
w 7 0
w 7 3
w 7 5
w 7 7
w 7 8
w 7 9
w 7 10
w 7 11
w 7 12
w 7 13
w 7 14
w 7 15
w 8 2
w 8 5
w 8 7
w 8 8
w 8 9
w 8 10
w 8 11
w 8 12
w 8 13
w 8 14
w 8 15
w 8 19
w 9 6
w 9 7
w 9 8
w 9 9
w 9 10
w 9 11
w 9 12
w 9 13
w 9 14
w 9 15
w 9 16
w 9 18
w 10 1
w 10 2
w 10 3
w 10 4
w 10 6
w 10 8
w 10 9
w 10 10
w 10 11
w 10 12
w 10 13
w 10 14
w 10 18
w 11 1
w 11 2
w 11 3
w 11 9
w 11 10
w 11 13
w 11 16
w 12 1
w 12 2
w 12 3
w 12 5
w 12 10
w 12 13
w 12 15
w 12 18
w 13 0
w 13 1
w 13 6
w 13 8
w 13 9
w 13 10
w 13 11
w 13 16
w 13 18
w 14 0
w 14 1
w 14 2
w 14 3
w 14 6
w 14 7
w 14 13
w 14 16
w 14 17
w 14 18
w 14 19
w 15 2
w 15 3
w 15 5
w 15 6
w 15 7
w 15 8
w 15 11
w 15 12
w 15 17
w 15 18
w 15 19
w 16 0
w 16 13
w 16 15
w 16 16
w 16 17
w 16 18
w 16 19
w 17 2
w 17 4
w 17 5
w 17 7
w 17 12
w 17 13
w 17 14
w 17 15
w 17 16
w 17 17
w 17 18
w 17 19
w 18 0
w 18 2
w 18 5
w 18 8
w 18 9
w 18 10
w 18 15
w 18 16
w 18 18
w 18 19
w 19 0
w 19 4
w 19 9
w 19 10
w 19 12
w 19 19
w 20 0
w 20 4
w 20 5
w 20 7
w 20 14
w 20 16
w 20 17
w 21 3
w 21 4
w 21 5
w 21 6
w 21 10
w 21 13
w 21 14
w 21 15
w 21 16
w 21 17
w 21 18
w 21 19
w 22 0
w 22 4
w 22 5
w 22 6
w 22 10
w 22 15
w 22 16
w 22 17
w 22 18
w 22 19
w 23 0
w 23 4
w 23 5
w 23 6
w 23 8
w 23 12
w 23 14
w 23 15
w 23 16
w 23 17
w 23 18
w 23 19
w 24 0
w 24 2
w 24 3
w 24 12
w 24 13
w 24 14
w 24 15
w 24 16
w 24 17
w 25 5
w 25 6
w 25 9
w 25 13
w 25 14
w 25 15
w 25 16
w 26 0
w 26 5
w 26 6
w 26 7
w 26 8
w 26 9
w 26 10
w 26 13
w 26 14
w 26 15
w 26 16
w 26 18
w 27 0
w 27 3
w 27 6
w 27 9
w 27 10
w 27 14
w 27 15
w 27 16
w 27 18
w 28 0
w 28 2
w 28 3
w 28 4
w 28 5
w 28 6
w 28 7
w 28 9
w 28 12
w 28 13
w 28 14
w 28 15
w 28 18
w 28 19
w 29 0
w 29 2
w 29 4
w 29 5
w 29 10
w 29 13
w 29 14
w 30 0
w 30 5
w 30 6
w 30 7
w 30 13
w 30 14
w 30 15
w 30 16
w 30 19
w 31 2
w 31 3
w 31 8
w 31 9
w 31 10
w 31 19
w 32 2
w 32 8
w 32 14
w 33 0
w 33 8
w 33 9
w 33 12
w 33 13
w 33 14
w 33 15
w 33 17
w 33 18
w 33 19
w 34 12
w 34 13
w 34 14
w 34 15
w 34 18
w 34 19
p 2 14
p 23 1
p 33 11
p 29 7
p 0 0
p 19 7
p 27 1
p 5 4
p 15 13
p 9 5
p 17 6
p 32 6
p 7 2
p 13 12
p 30 18
p 25 1
p 20 18
p 11 17
t 1400 0
m 0 18
0 34 1
1 34 1
2 34 1
t 1399 0
m 0 17
0 33 1
1 33 1
2 34 0
t 1398 0
m 1 17
0 32 1
1 32 1
2 34 1
t 1397 0
m 2 17
0 31 1
1 31 1
2 33 1
t 1396 0
m 3 17
0 30 1
1 30 1
2 32 1
t 1395 0
m 4 17
0 29 1
1 29 1
2 31 1
t 1394 0
m 4 16
0 28 1
1 28 1
2 30 1
t 1393 0
m 5 16
0 27 1
1 27 1
2 29 1
t 1392 0
m 5 15
0 26 1
1 26 1
2 28 1
t 1391 0
m 5 14
0 25 1
1 25 1
2 27 1
t 1390 0
m 4 14
0 24 1
1 24 1
2 26 1
t 1389 0
m 3 14
0 23 1
1 23 1
2 25 1
t 1388 0
m 2 14
0 22 1
1 22 1
2 24 1
f 31 16
t 1387 5
m 3 14
0 21 1
1 21 1
2 23 1
t 1386 5
m 4 14
0 20 1
1 20 1
2 22 1
t 1385 5
m 5 14
0 19 1
1 19 1
2 21 1
t 1384 5
m 5 15
0 18 1
1 18 1
2 20 1
t 1383 5
m 5 16
0 17 1
1 17 1
2 19 1
t 1382 5
m 6 16
0 16 1
1 16 1
2 18 1
t 1381 5
m 7 16
0 16 2
1 16 2
2 17 1
t 1380 5
m 8 16
0 16 3
1 16 3
2 16 1
t 1379 5
m 8 17
0 16 4
1 16 4
2 16 2
t 1378 5
m 9 17
0 16 5
1 16 5
2 16 3
t 1377 5
m 10 17
0 16 6
1 16 6
2 16 4
t 1376 5
m 11 17
0 16 7
1 16 7
2 16 5
t 1375 11
m 10 17
0 16 8
1 16 8
2 16 6
t 1374 11
m 10 16
0 16 9
1 16 9
2 16 7
t 1373 11
m 10 15
0 15 9
1 15 9
2 16 8
t 1372 11
m 11 15
0 14 9
1 14 9
2 16 9
t 1371 11
m 11 14
0 14 10
1 14 10
2 15 9
t 1370 11
m 12 14
0 15 10
1 14 11
2 14 9
t 1369 11
m 13 14
0 14 10
1 14 12
2 15 9
t 1368 11
m 13 13
0 14 11
1 13 12
2 14 9
t 1367 11
m 13 12
0 14 12
1 13 13
2 14 10
t 1366 11
