35
20
m 0 19
0 34 0
1 34 0
2 34 0
w 0 0
w 0 4
w 0 5
w 0 6
w 0 7
w 0 8
w 0 9
w 0 10
w 0 11
w 0 16
w 0 17
w 0 18
w 1 1
w 1 2
w 1 6
w 1 7
w 1 8
w 1 11
w 1 12
w 1 17
w 3 1
w 3 3
w 3 4
w 3 6
w 3 7
w 3 10
w 3 11
w 3 16
w 3 18
w 4 3
w 4 4
w 4 5
w 4 8
w 4 10
w 4 13
w 4 14
w 4 15
w 4 16
w 4 18
w 5 1
w 5 2
w 5 3
w 5 4
w 5 5
w 5 6
w 5 10
w 5 11
w 5 12
w 5 16
w 5 17
w 5 18
w 6 1
w 6 2
w 6 4
w 6 5
w 6 6
w 6 8
w 6 9
w 6 10
w 6 11
w 6 12
w 6 18
w 7 1
w 7 6
w 7 9
w 7 10
w 7 11
w 7 12
w 7 16
w 7 18
w 8 1
w 8 2
w 8 5
w 8 6
w 8 7
w 8 12
w 8 13
w 9 3
w 9 6
w 9 9
w 9 10
w 9 14
w 9 15
w 9 16
w 9 18
w 10 1
w 10 2
w 10 3
w 10 4
w 10 9
w 10 12
w 10 15
w 10 16
w 11 1
w 11 3
w 11 4
w 11 5
w 11 7
w 11 10
w 11 12
w 11 13
w 11 15
w 11 16
w 12 5
w 12 11
w 12 12
w 12 13
w 12 15
w 13 1
w 13 3
w 13 4
w 13 12
w 13 16
w 13 17
w 14 1
w 14 2
w 14 4
w 14 6
w 14 9
w 14 10
w 14 12
w 14 13
w 14 14
w 14 18
w 15 1
w 15 2
w 15 6
w 15 7
w 15 10
w 15 11
w 15 12
w 15 15
w 15 17
w 15 18
w 16 2
w 16 4
w 16 5
w 16 9
w 16 10
w 16 11
w 16 12
w 16 13
w 16 15
w 16 16
w 16 17
w 16 18
w 17 1
w 17 6
w 17 8
w 17 11
w 17 12
w 17 13
w 17 15
w 17 16
w 17 17
w 17 18
w 18 2
w 18 6
w 18 10
w 18 11
w 18 12
w 18 13
w 18 17
w 18 18
w 19 1
w 19 4
w 19 5
w 19 9
w 19 10
w 19 11
w 19 12
w 19 15
w 19 16
w 19 17
w 19 18
w 20 1
w 20 3
w 20 4
w 20 5
w 20 6
w 20 7
w 20 8
w 20 9
w 20 10
w 20 11
w 20 16
w 20 17
w 20 18
w 21 4
w 21 5
w 21 6
w 21 7
w 21 8
w 21 9
w 21 10
w 21 12
w 21 13
w 21 17
w 21 18
w 22 1
w 22 4
w 22 5
w 22 6
w 22 7
w 22 8
w 22 9
w 22 14
w 22 16
w 22 17
w 23 5
w 23 9
w 23 10
w 23 11
w 23 12
w 24 1
w 24 2
w 24 4
w 24 5
w 24 6
w 24 12
w 24 17
w 25 2
w 25 5
w 25 7
w 25 10
w 25 12
w 25 14
w 25 17
w 25 18
w 26 2
w 26 3
w 26 4
w 26 5
w 26 9
w 26 10
w 26 13
w 26 15
w 26 16
w 27 2
w 27 3
w 27 4
w 27 5
w 27 8
w 27 9
w 27 10
w 27 12
w 27 15
w 27 16
w 27 17
w 28 1
w 28 2
w 28 3
w 28 4
w 28 7
w 28 9
w 28 12
w 28 16
w 28 17
w 28 18
w 29 4
w 29 7
w 29 9
w 29 17
w 30 4
w 30 5
w 30 7
w 30 15
w 30 17
w 31 1
w 31 4
w 31 6
w 31 8
w 31 9
w 31 10
w 31 13
w 31 15
w 31 16
w 31 17
w 33 1
w 33 3
w 33 6
w 33 7
w 33 8
w 33 11
w 33 19
w 34 1
w 34 5
w 34 6
w 34 7
w 34 8
w 34 11
w 34 14
w 34 15
w 34 16
w 34 17
w 34 19
p 12 4
p 32 19
p 34 13
p 30 6
p 8 18
p 7 4
p 5 0
p 31 19
p 23 15
p 0 1
p 19 8
p 10 11
p 2 1
p 25 3
p 29 0
p 13 13
p 26 19
p 22 0
p 3 2
p 17 10
p 15 9
t 1400 0
m 1 19
0 33 0
1 33 0
2 33 0
t 1399 0
m 2 19
0 32 0
1 32 0
2 32 0
t 1398 0
m 3 19
0 32 1
1 32 1
2 32 1
t 1397 0
m 4 19
0 32 2
1 32 2
2 32 2
t 1396 0
m 5 19
0 32 3
1 32 3
2 32 3
t 1395 0
m 6 19
0 32 4
1 32 4
2 32 4
t 1394 0
m 7 19
0 32 5
1 32 5
2 32 5
f 29 12
t 1393 0
m 8 19
0 32 6
1 32 6
2 32 6
t 1392 0
m 8 18
0 32 7
1 32 7
2 32 7
t 1391 4
m 8 19
0 32 8
1 32 8
2 32 8
t 1390 4
m 9 19
0 32 9
1 32 9
2 32 9
t 1389 4
m 10 19
0 32 10
1 32 10
2 32 10
t 1388 4
m 11 19
0 33 10
1 32 11
2 33 10
t 1387 4
m 12 19
0 32 10
1 32 12
2 32 10
t 1386 4
m 13 19
0 32 11
1 32 13
2 32 11
t 1385 4
m 14 19
0 32 12
1 32 14
2 32 12
t 1384 4
m 15 19
0 32 13
1 32 15
2 32 13
t 1383 4
m 16 19
0 32 14
1 32 16
2 32 14
t 1382 4
m 17 19
0 32 15
1 32 17
2 32 15
t 1381 4
m 18 19
0 32 16
1 32 18
2 32 16
t 1380 4
m 19 19
0 32 17
1 31 18
2 32 17
t 1379 4
m 20 19
0 32 18
1 30 18
2 32 18
t 1378 4
m 21 19
0 31 18
1 29 18
2 31 18
t 1377 4
m 22 19
0 30 18
1 29 19
2 32 18
t 1376 4
m 23 19
0 29 18
1 28 19
2 32 17
t 1375 4
m 23 18
0 29 19
1 27 19
2 32 18
t 1374 4
m 23 17
0 28 19
1 26 19
2 31 18
t 1373 4
m 23 16
0 27 19
1 25 19
2 30 18
t 1372 4
m 23 15
0 26 19
1 24 19
2 29 18
t 1371 9
m 23 16
0 25 19
1 23 19
2 29 19
t 1370 9
m 23 17
0 24 19
1 23 18
2 28 19
t 1369 9
m 23 17
0 24 18
1 23 17
2 27 19
t 1368 9
