35
20
m 0 19
0 34 0
1 34 0
2 34 0
w 0 0
w 0 1
w 0 2
w 0 3
w 0 4
w 0 5
w 0 6
w 0 7
w 0 8
w 0 9
w 0 10
w 0 11
w 0 12
w 0 15
w 0 16
w 1 0
w 1 1
w 1 2
w 1 3
w 1 4
w 1 5
w 1 6
w 1 7
w 1 8
w 1 9
w 1 10
w 1 11
w 1 12
w 1 13
w 1 19
w 2 0
w 2 1
w 2 2
w 2 3
w 2 5
w 2 6
w 2 7
w 2 8
w 2 9
w 2 10
w 2 11
w 2 16
w 2 19
w 3 3
w 3 7
w 3 8
w 3 9
w 3 10
w 3 11
w 3 12
w 3 13
w 3 14
w 3 15
w 3 16
w 4 3
w 4 9
w 4 10
w 4 11
w 4 14
w 4 19
w 5 1
w 5 3
w 5 6
w 5 7
w 5 8
w 5 9
w 5 11
w 5 12
w 5 14
w 5 15
w 5 17
w 5 18
w 5 19
w 6 0
w 6 11
w 6 15
w 6 18
w 6 19
w 7 4
w 7 5
w 7 6
w 7 8
w 7 10
w 7 11
w 7 12
w 7 13
w 7 17
w 7 18
w 7 19
w 8 4
w 8 5
w 8 6
w 8 7
w 8 10
w 8 12
w 8 13
w 8 15
w 8 16
w 8 18
w 8 19
w 9 1
w 9 3
w 9 4
w 9 5
w 9 6
w 9 12
w 9 15
w 9 18
w 9 19
w 10 0
w 10 4
w 10 5
w 10 10
w 10 12
w 10 14
w 10 18
w 10 19
w 11 0
w 11 1
w 11 4
w 11 5
w 11 6
w 11 8
w 11 14
w 11 16
w 11 18
w 11 19
w 12 5
w 12 11
w 12 14
w 12 18
w 12 19
w 13 0
w 13 5
w 13 6
w 13 7
w 13 11
w 13 12
w 13 15
w 13 17
w 13 18
w 13 19
w 14 0
w 14 1
w 14 4
w 14 17
w 14 18
w 14 19
w 15 0
w 15 1
w 15 5
w 15 6
w 15 8
w 15 10
w 15 11
w 15 13
w 15 17
w 15 18
w 15 19
w 16 0
w 16 4
w 16 5
w 16 6
w 16 10
w 16 11
w 16 12
w 16 17
w 16 18
w 16 19
w 17 3
w 17 4
w 17 5
w 17 6
w 17 11
w 17 12
w 17 13
w 17 16
w 17 17
w 17 18
w 17 19
w 18 3
w 18 4
w 18 5
w 18 6
w 18 7
w 18 8
w 18 11
w 18 13
w 18 14
w 18 16
w 18 17
w 18 18
w 18 19
w 19 1
w 19 3
w 19 4
w 19 5
w 19 6
w 19 7
w 19 8
w 19 13
w 19 14
w 19 17
w 19 18
w 19 19
w 20 3
w 20 4
w 20 5
w 20 6
w 20 7
w 20 8
w 20 15
w 20 16
w 20 17
w 20 18
w 20 19
w 21 0
w 21 1
w 21 4
w 21 5
w 21 6
w 21 7
w 21 8
w 21 11
w 21 15
w 21 16
w 21 17
w 21 18
w 21 19
w 22 0
w 22 3
w 22 4
w 22 5
w 22 6
w 22 7
w 22 8
w 22 12
w 22 13
w 22 15
w 22 16
w 22 17
w 22 18
w 22 19
w 23 1
w 23 5
w 23 6
w 23 7
w 23 12
w 23 13
w 23 14
w 23 15
w 23 16
w 23 17
w 23 18
w 23 19
w 24 4
w 24 10
w 24 12
w 24 13
w 24 14
w 24 15
w 24 16
w 24 17
w 24 18
w 24 19
w 25 3
w 25 6
w 25 11
w 25 12
w 25 13
w 25 14
w 25 15
w 25 16
w 25 17
w 25 18
w 25 19
w 26 0
w 26 3
w 26 5
w 26 6
w 26 7
w 26 12
w 26 13
w 26 14
w 26 15
w 26 16
w 26 18
w 26 19
w 27 3
w 27 4
w 27 5
w 27 6
w 27 7
w 27 10
w 27 12
w 27 13
w 27 14
w 27 19
w 28 0
w 28 3
w 28 4
w 28 5
w 28 6
w 29 1
w 29 3
w 29 6
w 29 7
w 29 8
w 29 10
w 29 11
w 29 13
w 29 14
w 29 16
w 29 17
w 29 18
w 29 19
w 30 1
w 30 5
w 30 6
w 30 7
w 30 10
w 30 13
w 30 14
w 30 15
w 30 16
w 30 17
w 30 18
w 30 19
w 31 1
w 31 10
w 31 16
w 31 17
w 31 18
w 31 19
w 32 5
w 32 7
w 32 9
w 32 15
w 32 16
w 32 17
w 32 18
w 32 19
w 33 5
w 33 6
w 33 7
w 33 8
w 33 9
w 33 11
w 33 12
w 33 13
w 33 15
w 33 16
w 33 17
w 33 18
w 33 19
w 34 2
w 34 4
w 34 5
w 34 6
w 34 7
w 34 11
w 34 12
w 34 13
w 34 14
w 34 15
w 34 16
w 34 17
w 34 18
w 34 19
p 31 11
p 18 1
p 0 13
p 33 3
p 9 2
p 6 17
p 12 9
p 14 6
p 10 16
p 16 1
p 25 8
p 29 9
p 27 18
p 20 12
p 23 8
p 3 5
p 5 2
t 1400 0
m 0 18
0 33 0
1 33 0
2 33 0
f 11 3
t 1399 0
m 0 17
0 32 0
1 32 0
2 32 0
t 1398 0
m 1 17
0 32 1
1 32 1
2 32 1
t 1397 0
m 1 16
0 32 2
1 32 2
2 32 2
t 1396 0
m 1 15
0 31 2
1 31 2
2 31 2
t 1395 0
m 1 14
0 30 2
1 30 2
2 30 2
t 1394 0
m 0 14
0 30 3
1 30 3
2 30 3
t 1393 0
m 0 13
0 30 4
1 30 4
2 30 4
t 1392 5
m 0 14
0 31 4
1 31 4
2 31 4
t 1391 5
m 1 14
0 31 5
1 31 5
2 31 5
t 1390 5
m 1 15
0 31 6
1 31 6
2 31 6
t 1389 5
m 1 16
0 31 7
1 31 7
2 31 7
t 1388 5
m 1 17
0 31 8
1 31 8
2 31 8
t 1387 5
m 2 17
0 30 8
1 30 8
2 30 8
t 1386 5
m 3 17
0 30 9
1 30 9
2 30 9
t 1385 5
m 4 17
0 29 9
1 29 9
2 29 9
t 1384 5
m 4 16
0 28 9
1 28 9
2 28 9
t 1383 5
m 5 16
0 27 9
1 27 9
2 27 9
t 1382 5
m 6 16
0 26 9
1 26 9
2 27 8
t 1381 5
m 6 17
0 25 9
1 25 9
2 26 8
t 1380 11
m 6 16
0 24 9
1 24 9
2 25 8
t 1379 11
m 7 16
0 23 9
1 23 9
2 24 8
t 1378 11
m 7 15
0 22 9
1 22 9
2 23 8
t 1377 11
m 7 14
0 21 9
1 21 9
2 23 9
t 1376 11
m 8 14
0 20 9
1 20 9
2 22 9
t 1375 11
m 9 14
0 19 9
1 20 10
2 21 9
t 1374 11
m 9 13
0 18 9
1 19 10
2 20 9
t 1373 11
m 10 13
0 17 9
1 18 10
2 19 9
t 1372 11
m 11 13
0 16 9
1 17 10
2 18 9
t 1371 11
m 11 12
0 15 9
1 17 9
2 17 9
t 1370 11
m 11 11
0 14 9
1 16 9
2 16 9
t 1369 11
m 11 10
0 13 9
1 15 9
2 15 9
t 1368 11
m 11 9
0 12 9
1 14 9
2 14 9
t 1367 11
m 12 9
0 11 9
1 13 9
2 14 10
t 1366 11
