35
20
m 0 19
0 34 0
1 34 0
2 34 0
w 0 0
w 0 1
w 0 2
w 0 3
w 0 4
w 0 5
w 0 10
w 0 16
w 1 0
w 1 1
w 1 2
w 1 3
w 1 4
w 1 7
w 1 9
w 1 10
w 1 11
w 1 12
w 1 13
w 1 16
w 1 18
w 2 0
w 2 1
w 2 2
w 2 3
w 2 4
w 2 7
w 2 13
w 2 19
w 3 0
w 3 1
w 3 2
w 3 6
w 3 9
w 3 10
w 3 12
w 3 17
w 3 18
w 3 19
w 4 0
w 4 1
w 4 4
w 4 5
w 4 7
w 4 8
w 4 12
w 4 14
w 4 15
w 4 16
w 4 17
w 4 18
w 4 19
w 5 1
w 5 2
w 5 7
w 5 10
w 5 11
w 5 12
w 5 14
w 5 15
w 5 16
w 5 17
w 5 18
w 5 19
w 6 2
w 6 5
w 6 6
w 6 9
w 6 10
w 6 11
w 6 12
w 7 2
w 7 7
w 7 9
w 7 11
w 7 14
w 7 16
w 7 18
w 8 2
w 8 4
w 8 5
w 8 6
w 8 8
w 8 9
w 8 12
w 8 15
w 8 16
w 8 19
w 9 9
w 9 14
w 9 16
w 10 0
w 10 3
w 10 4
w 10 5
w 10 7
w 10 9
w 10 10
w 10 11
w 10 13
w 10 14
w 10 17
w 10 18
w 11 8
w 11 9
w 11 10
w 11 13
w 11 14
w 11 17
w 11 18
w 12 1
w 12 3
w 12 4
w 12 6
w 12 10
w 12 11
w 12 12
w 12 17
w 13 1
w 13 2
w 13 3
w 13 6
w 13 7
w 13 8
w 13 9
w 13 10
w 13 14
w 13 16
w 13 19
w 14 0
w 14 1
w 14 5
w 14 7
w 14 9
w 14 11
w 14 12
w 14 14
w 14 16
w 16 2
w 16 3
w 16 4
w 16 5
w 16 7
w 16 8
w 16 10
w 16 12
w 16 13
w 16 17
w 16 19
w 17 1
w 17 6
w 17 7
w 17 8
w 17 10
w 17 12
w 17 13
w 17 14
w 17 16
w 17 19
w 18 3
w 18 5
w 18 12
w 18 13
w 18 16
w 19 4
w 19 7
w 19 8
w 19 9
w 19 12
w 19 13
w 19 14
w 19 15
w 19 16
w 19 17
w 19 19
w 20 4
w 20 5
w 20 10
w 20 13
w 20 17
w 20 19
w 21 2
w 21 4
w 21 5
w 21 6
w 21 8
w 21 9
w 21 11
w 21 13
w 21 15
w 21 19
w 22 1
w 22 2
w 22 3
w 22 4
w 22 5
w 22 6
w 22 7
w 22 13
w 22 14
w 22 15
w 22 16
w 23 2
w 23 3
w 23 4
w 23 5
w 23 6
w 23 7
w 23 9
w 23 10
w 23 11
w 23 13
w 23 16
w 23 19
w 24 5
w 24 6
w 24 9
w 24 10
w 24 12
w 24 14
w 24 16
w 24 17
w 25 1
w 25 4
w 25 5
w 25 6
w 25 7
w 25 10
w 25 14
w 25 19
w 26 1
w 26 5
w 26 6
w 26 7
w 26 15
w 26 16
w 26 17
w 26 19
w 27 1
w 27 3
w 27 5
w 27 6
w 27 7
w 27 8
w 27 10
w 27 11
w 27 13
w 27 14
w 27 15
w 28 1
w 28 2
w 28 3
w 28 9
w 28 10
w 28 14
w 28 15
w 29 1
w 29 2
w 29 3
w 29 4
w 29 5
w 29 7
w 29 12
w 29 15
w 30 1
w 30 2
w 30 6
w 30 15
w 30 16
w 30 19
w 31 1
w 31 2
w 31 7
w 31 17
w 31 19
w 32 6
w 32 7
w 32 9
w 32 10
w 32 11
w 32 12
w 32 13
w 32 16
w 33 3
w 33 4
w 33 5
w 33 7
w 33 8
w 33 10
w 33 12
w 33 15
w 33 19
p 31 14
p 12 19
p 19 6
p 14 19
p 2 8
p 21 3
p 6 8
p 7 19
p 4 2
p 23 12
p 11 4
p 9 10
p 28 17
p 30 8
p 18 0
p 15 19
p 34 14
p 33 9
p 0 6
p 25 8
p 26 18
t 1400 0
m 0 18
0 34 1
1 34 1
2 34 1
t 1399 0
m 0 17
0 34 2
1 34 2
2 34 2
t 1398 0
m 1 17
0 34 3
1 34 3
2 34 3
t 1397 0
m 2 17
0 34 4
1 34 4
2 34 4
t 1396 0
m 2 16
0 34 5
1 34 5
2 34 5
t 1395 0
m 2 15
0 34 6
1 34 6
2 34 6
t 1394 0
m 2 14
0 34 7
1 34 7
2 34 7
t 1393 0
m 3 14
0 34 8
1 34 8
2 34 8
t 1392 0
m 3 13
0 34 9
1 34 9
2 34 9
t 1391 0
m 4 13
0 34 10
1 34 10
2 34 10
t 1390 0
m 5 13
0 34 11
1 34 11
2 34 11
t 1389 0
m 6 13
0 33 11
1 34 12
2 34 12
t 1388 0
m 7 13
0 34 11
1 34 13
2 34 13
f 11 3
t 1387 0
m 8 13
0 34 12
1 34 14
2 34 14
t 1386 0
m 9 13
0 34 13
1 34 15
2 34 15
t 1385 0
m 9 12
0 34 14
1 34 16
2 34 16
t 1384 0
m 9 11
0 34 15
1 33 16
2 33 16
t 1383 0
m 9 10
0 34 16
1 33 17
2 33 17
t 1382 4
m 9 11
0 33 16
1 32 17
2 32 17
t 1381 4
m 9 12
0 33 17
1 32 18
2 32 18
t 1380 4
m 9 13
0 32 17
1 31 18
2 31 18
t 1379 4
m 8 13
0 32 18
1 30 18
2 30 18
t 1378 4
m 7 13
0 31 18
1 29 18
2 29 18
t 1377 4
m 6 13
0 30 18
1 28 18
2 28 18
t 1376 4
m 6 14
0 29 18
1 27 18
2 27 18
t 1375 4
m 6 15
0 28 18
1 26 18
2 26 18
t 1374 4
m 6 16
0 27 18
1 25 18
2 25 18
t 1373 4
m 6 17
0 26 18
1 24 18
2 24 18
t 1372 4
m 7 17
0 25 18
1 23 18
2 23 18
t 1371 4
m 6 17
0 24 18
1 22 18
2 22 18
t 1370 4
m 6 18
0 23 18
1 21 18
2 21 18
t 1369 4
m 6 19
0 22 18
1 20 18
2 20 18
t 1368 4
m 7 19
0 21 18
1 19 18
2 19 18
t 1367 9
m 6 19
0 20 18
1 18 18
2 18 18
t 1366 9
m 6 18
0 19 18
1 19 18
2 17 18
t 1365 9
m 6 17
0 18 18
1 18 18
2 16 18
t 1364 9
m 7 17
0 17 18
1 17 18
2 15 18
t 1363 9
m 8 17
0 16 18
1 16 18
2 14 18
t 1362 9
m 9 17
0 15 18
1 15 18
2 13 18
t 1361 9
m 9 18
0 14 18
1 14 18
2 12 18
t 1360 9
m 9 19
0 13 18
1 13 18
2 12 19
t 1359 9
m 10 19
0 12 18
1 13 17
2 11 19
t 1358 9
m 10 19
0 12 19
1 13 18
2 10 19
t 1357 9
