35
20
m 0 19
0 34 0
1 34 0
2 34 0
w 0 1
w 1 4
w 1 5
w 1 7
w 1 8
w 1 11
w 1 13
w 1 14
w 1 16
w 1 18
w 2 0
w 2 1
w 2 5
w 2 8
w 2 9
w 2 10
w 2 15
w 2 16
w 2 17
w 2 18
w 3 0
w 3 1
w 3 3
w 3 4
w 3 5
w 3 6
w 3 8
w 3 11
w 3 12
w 3 13
w 3 14
w 3 15
w 3 16
w 3 17
w 3 18
w 4 0
w 4 7
w 4 15
w 4 16
w 4 17
w 5 0
w 5 1
w 5 3
w 5 4
w 5 6
w 5 8
w 5 10
w 5 11
w 5 12
w 5 14
w 5 15
w 5 16
w 5 17
w 6 0
w 6 3
w 6 6
w 6 10
w 6 11
w 6 12
w 6 13
w 6 14
w 6 15
w 6 16
w 7 0
w 7 1
w 7 3
w 7 4
w 7 9
w 7 12
w 7 13
w 7 14
w 7 15
w 8 0
w 8 1
w 8 3
w 8 4
w 8 7
w 8 12
w 8 13
w 8 14
w 8 15
w 8 17
w 9 0
w 9 1
w 9 4
w 9 7
w 9 8
w 9 11
w 9 13
w 9 16
w 10 3
w 10 4
w 10 5
w 10 8
w 10 13
w 10 15
w 11 3
w 11 8
w 11 9
w 11 10
w 11 11
w 11 13
w 11 15
w 11 16
w 12 0
w 12 4
w 12 5
w 12 10
w 12 11
w 12 12
w 12 13
w 12 15
w 12 16
w 12 17
w 13 0
w 13 3
w 13 4
w 13 5
w 13 8
w 13 9
w 13 11
w 13 12
w 13 16
w 13 17
w 13 18
w 14 0
w 14 1
w 14 6
w 14 9
w 14 11
w 14 17
w 15 5
w 15 13
w 15 16
w 15 17
w 15 18
w 16 0
w 16 1
w 16 3
w 16 4
w 16 12
w 16 14
w 16 16
w 16 17
w 16 18
w 17 0
w 17 1
w 17 4
w 17 5
w 17 7
w 17 8
w 17 9
w 17 11
w 17 12
w 17 15
w 17 16
w 17 17
w 17 18
w 18 0
w 18 1
w 18 5
w 18 10
w 18 16
w 18 18
w 19 0
w 19 1
w 19 3
w 19 4
w 19 5
w 19 6
w 19 7
w 19 11
w 19 14
w 19 15
w 19 16
w 19 18
w 20 0
w 20 4
w 20 5
w 20 6
w 20 7
w 20 12
w 20 16
w 20 18
w 21 4
w 21 5
w 21 6
w 21 8
w 21 9
w 21 11
w 21 12
w 21 13
w 22 0
w 22 10
w 22 11
w 22 12
w 22 13
w 22 14
w 22 16
w 23 5
w 23 6
w 23 8
w 23 9
w 23 10
w 23 11
w 23 12
w 23 13
w 23 14
w 23 16
w 23 17
w 23 18
w 24 0
w 24 4
w 24 7
w 24 8
w 24 9
w 24 10
w 24 11
w 24 12
w 24 13
w 24 15
w 25 0
w 25 3
w 25 6
w 25 7
w 25 8
w 25 9
w 25 10
w 25 11
w 25 12
w 25 18
w 26 0
w 26 5
w 26 6
w 26 7
w 26 8
w 26 9
w 26 10
w 26 11
w 26 12
w 26 13
w 26 14
w 26 15
w 26 18
w 27 0
w 27 1
w 27 3
w 27 4
w 27 5
w 27 8
w 27 9
w 27 10
w 27 11
w 27 12
w 27 13
w 27 14
w 27 15
w 27 18
w 28 0
w 28 5
w 28 6
w 28 8
w 28 11
w 28 12
w 28 14
w 28 16
w 28 17
w 28 18
w 29 0
w 30 0
w 30 5
w 30 7
w 30 8
w 30 9
w 30 11
w 30 14
w 30 19
w 31 2
w 31 5
w 31 8
w 31 11
w 31 14
w 31 15
w 31 16
w 31 17
w 31 19
w 32 1
w 32 3
w 32 5
w 32 6
w 32 7
w 32 8
w 32 9
w 32 11
w 32 12
w 32 13
w 32 14
w 32 15
w 32 16
w 32 17
w 32 19
w 33 3
w 33 5
w 33 6
w 33 7
w 33 8
w 33 9
w 33 11
w 33 12
w 33 13
w 34 2
w 34 3
w 34 4
w 34 5
w 34 6
w 34 7
w 34 8
w 34 9
w 34 11
w 34 12
w 34 13
w 34 14
w 34 18
p 21 10
p 3 7
p 14 10
p 33 2
p 27 19
p 25 4
p 15 14
p 23 0
p 29 10
p 1 2
p 30 17
p 10 17
p 12 8
p 5 5
p 0 0
p 9 6
p 17 19
p 19 13
p 7 8
t 1400 0
m 1 19
0 33 0
1 34 1
2 33 0
t 1399 0
m 2 19
0 32 0
1 33 1
2 32 0
t 1398 0
m 3 19
0 31 0
1 33 0
2 31 0
t 1397 0
m 4 19
0 31 1
1 32 0
2 31 1
t 1396 0
m 4 18
0 30 1
1 31 0
2 30 1
t 1395 0
m 5 18
0 29 1
1 31 1
2 29 1
t 1394 0
m 6 18
0 28 1
1 30 1
2 28 1
t 1393 0
m 7 18
0 28 2
1 29 1
2 28 2
t 1392 0
m 8 18
0 27 2
1 28 1
2 27 2
t 1391 0
m 9 18
0 28 2
1 28 2
2 26 2
t 1390 0
m 9 17
0 28 3
1 27 2
2 27 2
t 1389 0
m 10 17
0 28 4
1 28 2
2 28 2
t 1388 5
m 10 18
0 29 4
1 28 3
2 28 3
t 1387 5
m 10 19
0 29 5
1 28 4
2 28 4
t 1386 5
m 11 19
0 29 6
1 29 4
2 29 4
t 1385 5
m 12 19
0 29 7
1 29 5
2 29 5
t 1384 5
m 13 19
0 29 8
1 29 6
2 29 6
t 1383 5
m 14 19
0 29 9
1 29 7
2 29 7
t 1382 5
m 15 19
0 29 10
1 29 8
2 29 8
t 1381 5
m 16 19
0 29 11
1 29 9
2 29 9
t 1380 5
m 17 19
0 29 12
1 29 10
2 29 10
t 1379 10
m 18 19
0 29 13
1 29 11
2 29 11
t 1378 10
m 19 19
0 29 14
1 29 12
2 29 12
t 1377 10
m 20 19
0 29 15
1 29 13
2 29 13
t 1376 10
m 21 19
0 29 16
1 29 14
2 29 14
t 1375 10
m 22 19
0 29 17
1 29 15
2 29 15
t 1374 10
m 23 19
0 29 18
1 29 16
2 29 16
t 1373 10
m 24 19
0 29 19
1 29 17
2 30 16
t 1372 10
m 25 19
0 28 19
1 29 18
2 29 16
t 1371 10
m 26 19
0 27 19
1 29 19
2 29 17
f 6 1
t 1370 10
m 27 19
0 26 19
1 28 19
2 29 18
t 1369 10
