35
20
m 0 19
0 34 0
1 34 0
2 34 0
w 0 0
w 0 1
w 0 2
w 0 3
w 0 4
w 0 5
w 0 6
w 0 7
w 0 8
w 0 9
w 0 10
w 0 11
w 0 13
w 0 14
w 0 15
w 0 16
w 0 17
w 1 0
w 1 1
w 1 2
w 1 3
w 1 4
w 1 5
w 1 6
w 1 7
w 1 8
w 1 9
w 1 10
w 1 17
w 1 19
w 2 0
w 2 1
w 2 2
w 2 3
w 2 4
w 2 5
w 2 6
w 2 7
w 2 8
w 2 9
w 2 10
w 2 11
w 2 12
w 2 13
w 2 14
w 2 15
w 3 0
w 3 1
w 3 2
w 3 3
w 3 4
w 3 5
w 3 6
w 3 7
w 3 8
w 3 10
w 3 11
w 3 16
w 3 18
w 4 0
w 4 1
w 4 2
w 4 5
w 4 6
w 4 7
w 4 10
w 4 18
w 4 19
w 5 0
w 5 1
w 5 6
w 5 10
w 5 11
w 5 12
w 5 13
w 5 14
w 5 16
w 5 18
w 5 19
w 6 0
w 6 7
w 6 10
w 6 11
w 6 12
w 6 13
w 6 14
w 6 15
w 6 19
w 7 0
w 7 1
w 7 2
w 7 5
w 7 6
w 7 9
w 7 10
w 7 11
w 7 12
w 7 13
w 7 14
w 7 15
w 7 17
w 7 19
w 8 0
w 8 1
w 8 6
w 8 8
w 8 9
w 8 10
w 9 0
w 9 1
w 9 2
w 9 6
w 9 8
w 9 9
w 9 10
w 9 12
w 9 13
w 9 14
w 9 16
w 9 17
w 9 18
w 10 0
w 10 1
w 10 2
w 10 3
w 10 8
w 10 10
w 10 12
w 10 13
w 10 15
w 10 17
w 11 0
w 11 1
w 11 2
w 11 3
w 11 4
w 11 5
w 11 6
w 11 10
w 11 11
w 11 19
w 12 1
w 12 2
w 12 3
w 12 5
w 12 7
w 12 9
w 12 10
w 12 11
w 12 14
w 12 16
w 13 13
w 13 15
w 13 17
w 13 18
w 14 4
w 14 8
w 14 19
w 15 2
w 15 3
w 15 4
w 15 5
w 15 6
w 15 9
w 15 10
w 15 15
w 15 16
w 15 18
w 15 19
w 16 1
w 16 6
w 16 11
w 16 13
w 16 16
w 16 18
w 16 19
w 17 2
w 17 5
w 17 10
w 17 11
w 17 15
w 17 18
w 17 19
w 18 5
w 18 11
w 18 13
w 18 14
w 18 15
w 18 18
w 18 19
w 19 1
w 19 2
w 19 6
w 19 7
w 19 8
w 19 9
w 19 10
w 19 15
w 19 17
w 19 19
w 20 5
w 20 6
w 20 7
w 20 11
w 20 13
w 20 14
w 20 15
w 20 16
w 21 1
w 21 3
w 21 4
w 21 5
w 21 6
w 21 13
w 21 15
w 22 1
w 22 5
w 22 7
w 22 9
w 22 10
w 22 17
w 22 18
w 23 1
w 23 3
w 23 4
w 23 7
w 23 10
w 23 14
w 23 15
w 23 18
w 24 1
w 24 2
w 24 3
w 24 4
w 24 10
w 24 11
w 24 13
w 24 16
w 24 19
w 25 3
w 25 4
w 25 7
w 25 9
w 25 10
w 25 15
w 25 16
w 25 17
w 25 18
w 25 19
w 26 1
w 26 2
w 26 6
w 26 7
w 26 8
w 26 10
w 26 11
w 26 14
w 26 15
w 26 16
w 26 17
w 26 18
w 26 19
w 27 1
w 27 7
w 27 13
w 27 14
w 27 16
w 27 17
w 27 18
w 27 19
w 28 1
w 28 2
w 28 3
w 28 5
w 28 7
w 28 10
w 28 16
w 28 17
w 28 18
w 28 19
w 29 2
w 29 3
w 29 4
w 29 6
w 29 7
w 29 8
w 29 9
w 29 10
w 29 11
w 29 13
w 29 16
w 29 17
w 29 18
w 29 19
w 30 1
w 30 7
w 30 8
w 30 9
w 30 10
w 30 11
w 30 13
w 30 17
w 30 18
w 30 19
w 31 2
w 31 4
w 31 5
w 31 7
w 31 8
w 31 9
w 31 13
w 31 14
w 31 18
w 31 19
w 32 13
w 32 14
w 32 16
w 32 17
w 32 18
w 32 19
w 33 1
w 33 2
w 33 3
w 33 5
w 33 9
w 33 10
w 33 12
w 33 16
w 33 17
w 33 18
w 33 19
w 34 1
w 34 2
w 34 3
w 34 4
w 34 5
w 34 9
w 34 13
w 34 17
w 34 18
w 34 19
p 18 4
p 25 0
p 31 11
p 21 16
p 29 1
p 4 3
p 6 1
p 20 1
p 27 4
p 0 12
p 12 6
p 23 6
p 10 6
p 13 12
p 14 18
p 16 14
p 8 5
p 33 4
t 1400 0
m 0 18
0 33 0
1 33 0
2 33 0
t 1399 0
m 1 18
0 32 0
1 32 0
2 32 0
t 1398 0
m 2 18
0 31 0
1 31 0
2 31 0
t 1397 0
m 2 17
0 30 0
1 30 0
2 30 0
t 1396 0
m 2 16
0 29 0
1 29 0
2 29 0
t 1395 0
m 1 16
0 28 0
1 28 0
2 28 0
t 1394 0
m 1 15
0 27 0
1 27 0
2 27 0
t 1393 0
m 1 14
0 26 0
1 26 0
2 26 0
t 1392 0
m 1 13
0 25 0
1 25 0
2 25 0
t 1391 0
m 1 12
0 24 0
1 24 0
2 24 0
t 1390 0
m 0 12
0 23 0
1 23 0
2 23 0
t 1389 5
m 1 12
0 22 0
1 22 0
2 22 0
f 14 13
t 1388 5
m 1 13
0 21 0
1 21 0
2 21 0
t 1387 5
m 1 14
0 20 0
1 20 0
2 20 0
t 1386 5
m 1 15
0 19 0
1 19 0
2 19 0
t 1385 5
m 1 16
0 18 0
1 18 0
2 18 0
t 1384 5
m 2 16
0 17 0
1 17 0
2 17 0
t 1383 5
m 2 17
0 16 0
1 16 0
2 16 0
t 1382 5
m 3 17
0 15 0
1 15 0
2 15 0
t 1381 5
m 4 17
0 14 0
1 14 0
2 14 0
t 1380 5
m 5 17
0 13 0
1 13 0
2 13 0
t 1379 5
m 6 17
0 13 1
1 13 1
2 13 1
t 1378 5
m 6 18
0 13 2
1 13 2
2 13 2
t 1377 5
m 7 18
0 13 3
1 13 3
2 13 3
t 1376 5
m 8 18
0 13 4
1 13 4
2 13 4
t 1375 5
m 8 19
0 13 5
1 13 5
2 13 5
t 1374 5
m 9 19
0 13 6
1 13 6
2 13 6
t 1373 5
m 10 19
0 13 7
1 13 7
2 13 7
t 1372 5
m 10 18
0 13 8
1 14 7
2 13 8
t 1371 5
m 11 18
0 13 9
1 13 7
2 13 9
t 1370 5
m 11 17
0 13 10
1 13 8
2 13 10
t 1369 5
m 11 16
0 13 11
1 13 9
2 13 11
t 1368 5
m 11 15
0 13 12
1 13 10
2 14 11
t 1367 5
m 11 14
0 13 11
1 13 11
2 13 11
t 1366 5
m 11 13
0 13 12
1 13 12
2 13 12
t 1365 5
m 11 12
0 12 12
1 12 12
2 12 12
t 1364 5
m 11 12
0 11 12
1 11 12
2 12 13
t 1363 5
