35
20
m 0 19
0 34 0
1 34 0
2 34 0
w 0 0
w 0 3
w 0 8
w 0 9
w 0 14
w 0 15
w 1 0
w 1 1
w 1 8
w 1 9
w 1 11
w 1 12
w 1 18
w 2 0
w 2 3
w 2 4
w 2 5
w 2 7
w 2 8
w 2 10
w 2 12
w 2 13
w 2 15
w 2 17
w 2 18
w 3 0
w 3 2
w 3 10
w 3 14
w 3 15
w 3 17
w 4 3
w 4 4
w 4 5
w 4 12
w 4 14
w 4 17
w 4 18
w 4 19
w 5 0
w 5 1
w 5 2
w 5 4
w 5 5
w 5 7
w 5 10
w 5 11
w 5 14
w 5 15
w 5 18
w 5 19
w 6 0
w 6 1
w 6 6
w 6 7
w 6 11
w 6 13
w 6 14
w 6 15
w 6 18
w 6 19
w 7 0
w 7 1
w 7 2
w 7 12
w 7 13
w 7 14
w 7 15
w 7 18
w 7 19
w 8 0
w 8 1
w 8 2
w 8 3
w 8 6
w 8 7
w 8 9
w 8 14
w 8 15
w 8 16
w 8 18
w 8 19
w 9 0
w 9 1
w 9 2
w 9 9
w 9 11
w 9 13
w 9 16
w 9 18
w 9 19
w 10 0
w 10 1
w 10 2
w 10 3
w 10 11
w 10 12
w 10 13
w 10 14
w 11 0
w 11 1
w 11 2
w 11 3
w 11 5
w 11 6
w 11 7
w 11 12
w 11 13
w 11 14
w 11 17
w 11 18
w 12 0
w 12 1
w 12 2
w 12 3
w 12 5
w 12 6
w 12 7
w 12 9
w 12 11
w 12 12
w 12 13
w 12 14
w 12 15
w 12 16
w 12 17
w 12 18
w 13 0
w 13 1
w 13 2
w 13 5
w 13 6
w 13 7
w 13 11
w 13 12
w 13 13
w 13 14
w 13 15
w 13 16
w 14 0
w 14 1
w 14 2
w 14 5
w 14 6
w 14 7
w 14 9
w 14 14
w 14 15
w 14 16
w 14 18
w 15 0
w 15 1
w 15 2
w 15 3
w 15 5
w 15 6
w 15 11
w 15 14
w 15 15
w 15 18
w 15 19
w 16 0
w 16 1
w 16 5
w 16 9
w 16 11
w 16 17
w 16 18
w 16 19
w 17 0
w 17 1
w 17 2
w 17 5
w 17 6
w 17 9
w 17 10
w 17 13
w 17 14
w 17 16
w 17 17
w 17 18
w 17 19
w 18 0
w 18 1
w 18 2
w 18 13
w 18 14
w 18 16
w 18 17
w 18 18
w 18 19
w 19 0
w 19 1
w 19 2
w 19 3
w 19 5
w 19 6
w 19 7
w 19 10
w 19 12
w 19 15
w 19 16
w 19 17
w 19 18
w 19 19
w 20 5
w 20 6
w 20 10
w 20 13
w 20 16
w 20 17
w 20 18
w 20 19
w 21 0
w 21 2
w 21 5
w 21 7
w 21 9
w 21 16
w 21 17
w 21 19
w 22 0
w 22 1
w 22 3
w 22 5
w 22 7
w 22 10
w 22 12
w 22 15
w 22 16
w 22 17
w 22 19
w 23 0
w 23 1
w 23 3
w 23 5
w 23 9
w 23 10
w 23 13
w 23 16
w 24 0
w 24 1
w 24 9
w 24 10
w 24 12
w 24 14
w 24 17
w 24 19
w 25 0
w 25 3
w 25 5
w 25 6
w 25 9
w 25 10
w 25 11
w 25 12
w 25 17
w 26 0
w 26 2
w 26 5
w 26 9
w 26 13
w 26 14
w 26 15
w 26 17
w 26 19
w 27 0
w 27 1
w 27 2
w 27 3
w 27 9
w 27 13
w 27 14
w 27 15
w 27 16
w 28 3
w 28 5
w 28 9
w 28 13
w 28 14
w 28 15
w 28 16
w 28 17
w 29 0
w 29 1
w 29 5
w 29 6
w 29 9
w 29 12
w 29 13
w 29 14
w 29 15
w 30 0
w 30 1
w 30 5
w 30 12
w 30 13
w 30 18
w 30 19
w 31 0
w 31 1
w 31 2
w 31 3
w 31 6
w 31 7
w 31 10
w 31 15
w 31 17
w 31 18
w 31 19
w 32 1
w 32 2
w 32 3
w 32 5
w 32 7
w 32 12
w 32 13
w 32 15
w 32 16
w 32 17
w 32 18
w 32 19
w 33 11
w 33 12
w 33 13
w 33 15
w 33 16
w 33 17
w 33 18
w 33 19
w 34 1
w 34 2
w 34 4
w 34 5
w 34 7
w 34 8
w 34 9
w 34 10
w 34 16
w 34 17
w 34 18
w 34 19
p 0 1
p 3 8
p 20 8
p 31 4
p 9 6
p 33 3
p 24 3
p 25 18
p 1 13
p 14 3
p 18 6
p 22 6
p 5 3
p 7 5
p 16 4
p 11 4
p 27 12
p 29 8
t 1400 0
m 0 18
0 33 0
1 33 0
2 33 0
f 34 3
t 1399 0
m 0 17
0 33 1
1 33 1
2 33 1
t 1398 0
m 0 16
0 33 2
1 33 2
2 33 2
t 1397 0
m 1 16
0 33 3
1 33 3
2 33 3
t 1396 0
m 1 15
0 33 4
1 33 4
2 33 4
t 1395 0
m 1 14
0 32 4
1 32 4
2 32 4
t 1394 0
m 1 13
0 31 4
1 31 4
2 31 4
t 1393 5
m 1 14
0 30 4
1 30 4
2 30 4
t 1392 5
m 1 15
0 29 4
1 29 4
2 29 4
t 1391 5
m 1 16
0 28 4
1 28 4
2 28 4
t 1390 5
m 2 16
0 27 4
1 27 4
2 27 4
t 1389 5
m 3 16
0 26 4
1 26 4
2 26 4
t 1388 5
m 4 16
0 25 4
1 25 4
2 25 4
t 1387 5
m 5 16
0 24 4
1 24 4
2 24 4
t 1386 5
m 6 16
0 23 4
1 23 4
2 23 4
t 1385 5
m 7 16
0 22 4
1 22 4
2 24 4
t 1384 5
m 7 17
0 21 4
1 21 4
2 23 4
t 1383 5
m 8 17
0 20 4
1 20 4
2 22 4
t 1382 5
m 9 17
0 19 4
1 19 4
2 21 4
t 1381 5
m 10 17
0 18 4
1 18 4
2 20 4
t 1380 5
m 10 18
0 18 5
1 18 5
2 19 4
t 1379 5
m 10 19
0 18 6
1 18 6
2 18 4
t 1378 5
m 11 19
0 18 7
1 18 7
2 18 5
t 1377 5
m 12 19
0 18 8
1 18 8
2 18 6
t 1376 5
m 13 19
0 18 9
1 18 9
2 18 7
t 1375 5
m 13 18
0 18 10
1 18 10
2 18 8
t 1374 5
m 13 17
0 18 11
1 18 11
2 18 9
t 1373 5
m 14 17
0 17 11
1 17 11
2 18 10
t 1372 5
m 15 17
0 17 12
1 17 12
2 18 11
t 1371 5
m 15 16
0 16 12
1 16 12
2 17 11
t 1370 5
m 16 16
0 16 13
1 16 13
2 18 11
t 1369 5
m 16 16
0 16 14
1 16 14
2 19 11
t 1368 5
m 16 16
0 16 15
1 16 15
2 18 11
t 1367 5
m 16 16
0 16 16
1 16 16
2 17 11
t 1366 5
