35
20
m 0 19
0 34 0
1 34 0
2 34 0
w 1 0
w 1 1
w 1 4
w 1 6
w 1 7
w 1 10
w 1 13
w 1 14
w 1 15
w 1 16
w 1 17
w 1 18
w 2 0
w 2 1
w 2 4
w 2 6
w 2 9
w 2 10
w 2 11
w 2 14
w 2 15
w 3 0
w 3 7
w 3 8
w 3 9
w 3 10
w 3 11
w 3 12
w 3 13
w 3 14
w 3 15
w 4 3
w 4 4
w 4 8
w 4 9
w 4 10
w 4 13
w 4 14
w 4 15
w 4 16
w 5 1
w 5 5
w 5 7
w 5 8
w 5 9
w 5 10
w 5 11
w 5 14
w 5 15
w 5 18
w 6 3
w 6 4
w 6 5
w 6 6
w 6 9
w 6 10
w 6 11
w 6 17
w 6 18
w 7 0
w 7 5
w 7 7
w 7 11
w 7 12
w 7 13
w 7 14
w 7 15
w 7 16
w 8 3
w 8 9
w 8 11
w 8 12
w 8 13
w 8 17
w 9 3
w 9 7
w 9 9
w 9 11
w 9 12
w 9 13
w 9 15
w 9 16
w 9 17
w 9 18
w 10 0
w 10 3
w 10 4
w 10 5
w 10 7
w 10 15
w 11 3
w 11 8
w 11 9
w 11 11
w 11 12
w 11 13
w 11 18
w 12 1
w 12 4
w 12 7
w 12 8
w 12 11
w 12 16
w 12 17
w 13 1
w 13 4
w 13 6
w 13 10
w 13 15
w 13 16
w 13 17
w 13 18
w 14 0
w 14 1
w 14 3
w 14 4
w 14 5
w 14 6
w 14 7
w 14 10
w 14 15
w 14 16
w 14 17
w 14 18
w 15 0
w 15 4
w 15 5
w 15 6
w 15 7
w 15 9
w 15 10
w 15 11
w 15 12
w 15 13
w 15 14
w 15 15
w 15 16
w 16 4
w 16 5
w 16 6
w 16 7
w 16 9
w 16 10
w 16 11
w 16 12
w 16 13
w 16 14
w 16 15
w 16 18
w 17 0
w 17 1
w 17 3
w 17 4
w 17 5
w 17 6
w 17 7
w 17 8
w 17 9
w 17 10
w 17 11
w 17 12
w 17 13
w 17 14
w 17 16
w 17 17
w 18 3
w 18 4
w 18 5
w 18 6
w 18 7
w 18 8
w 18 9
w 18 10
w 18 11
w 18 12
w 18 16
w 19 3
w 19 4
w 19 5
w 19 6
w 19 8
w 19 9
w 19 14
w 19 17
w 19 18
w 20 0
w 20 1
w 20 3
w 20 5
w 20 8
w 20 9
w 20 10
w 20 11
w 20 13
w 20 17
w 21 1
w 21 3
w 21 8
w 21 9
w 21 10
w 21 11
w 21 13
w 21 15
w 21 16
w 22 3
w 22 6
w 22 7
w 22 8
w 22 9
w 22 11
w 22 12
w 22 15
w 22 16
w 23 3
w 23 4
w 23 7
w 23 8
w 23 12
w 23 17
w 23 18
w 24 0
w 24 1
w 24 6
w 24 7
w 24 14
w 24 17
w 24 18
w 25 0
w 25 1
w 25 3
w 25 4
w 25 5
w 25 6
w 25 8
w 25 9
w 25 11
w 25 14
w 25 17
w 26 0
w 26 1
w 26 3
w 26 8
w 26 9
w 26 11
w 26 12
w 26 16
w 27 0
w 27 1
w 27 3
w 27 6
w 27 10
w 27 13
w 27 14
w 27 18
w 28 0
w 28 1
w 28 4
w 28 7
w 28 8
w 28 11
w 28 14
w 28 15
w 28 16
w 29 0
w 29 6
w 29 9
w 29 10
w 29 16
w 30 0
w 30 3
w 30 5
w 30 6
w 30 11
w 30 13
w 30 16
w 30 17
w 31 0
w 31 1
w 31 3
w 31 5
w 31 6
w 31 7
w 31 8
w 31 10
w 31 11
w 31 12
w 31 13
w 31 14
w 31 16
w 33 0
w 33 2
w 33 4
w 33 7
w 33 9
w 33 14
w 33 15
w 33 18
w 34 5
w 34 7
w 34 10
w 34 11
w 34 12
w 34 19
p 18 17
p 30 15
p 1 3
p 11 17
p 13 8
p 33 17
p 7 1
p 25 19
p 3 3
p 22 10
p 27 12
p 8 14
p 20 15
p 5 2
p 0 0
p 10 10
p 24 3
p 32 10
p 29 5
p 15 18
t 1400 0
m 1 19
0 34 1
1 34 1
2 34 1
t 1399 0
m 2 19
0 33 1
1 33 1
2 33 1
t 1398 0
m 3 19
0 32 1
1 32 1
2 32 1
t 1397 0
m 4 19
0 32 2
1 32 2
2 32 2
t 1396 0
m 5 19
0 31 2
1 31 2
2 32 3
t 1395 0
m 6 19
0 30 2
1 30 2
2 32 4
t 1394 0
m 7 19
0 29 2
1 29 2
2 32 5
t 1393 0
m 8 19
0 28 2
1 28 2
2 32 6
t 1392 0
m 9 19
0 27 2
1 27 2
2 32 7
t 1391 0
m 10 19
0 26 2
1 26 2
2 32 8
t 1390 0
m 10 18
0 25 2
1 25 2
2 32 9
t 1389 0
m 10 17
0 24 2
1 24 2
2 32 10
t 1388 0
m 11 17
0 23 2
1 23 2
2 32 11
f 19 16
t 1387 5
m 11 16
0 22 2
1 22 2
2 32 12
t 1386 5
m 11 15
0 21 2
1 21 2
2 32 13
t 1385 5
m 11 14
0 20 2
1 20 2
2 32 14
t 1384 5
m 10 14
0 19 2
1 19 2
2 32 15
t 1383 5
m 9 14
0 18 2
1 18 2
2 32 16
t 1382 5
m 8 14
0 17 2
1 17 2
2 32 17
t 1381 10
m 9 14
0 18 2
1 16 2
2 31 17
t 1380 10
m 10 14
0 19 2
1 15 2
2 31 18
t 1379 10
m 10 13
0 18 2
1 14 2
2 30 18
t 1378 10
m 10 12
0 17 2
1 13 2
2 29 18
t 1377 10
m 10 11
0 16 2
1 12 2
2 28 18
t 1376 10
m 10 10
0 15 2
1 11 2
2 28 17
t 1375 15
m 11 10
0 14 2
1 10 2
2 27 17
t 1374 15
m 12 10
0 13 2
1 9 2
2 26 17
t 1373 15
m 12 9
0 12 2
1 8 2
2 26 18
t 1372 15
m 13 9
0 11 2
1 7 2
2 25 18
t 1371 15
m 13 8
0 10 2
1 7 3
2 25 19
t 1370 20
m 13 9
0 9 2
1 7 4
2 24 19
t 1369 20
m 12 9
0 8 2
1 8 4
2 23 19
t 1368 20
m 12 10
0 7 2
1 8 5
2 22 19
t 1367 20
m 11 10
0 7 3
1 8 6
2 21 19
t 1366 20
m 10 10
0 7 2
1 8 7
2 20 19
t 1365 20
m 10 11
0 7 3
1 8 8
2 19 19
t 1364 20
m 10 12
0 7 4
1 9 8
2 18 19
t 1363 20
m 10 13
0 8 4
1 10 8
2 17 19
t 1362 20
m 10 14
0 8 5
1 10 9
2 16 19
t 1361 20
m 11 14
0 8 6
1 10 10
2 15 19
t 1360 20
m 11 15
0 8 7
1 10 11
2 14 19
t 1359 20
m 11 16
0 8 8
1 10 12
2 13 19
t 1358 20
m 10 16
0 9 8
1 10 13
2 12 19
t 1357 20
m 10 17
0 10 8
1 10 12
2 11 19
t 1356 20
m 10 18
0 10 9
1 10 13
2 10 19
t 1355 20
m 10 18
0 10 8
1 10 14
2 10 18
t 1354 20
