35
20
m 0 19
0 34 0
1 34 0
2 34 0
w 0 0
w 0 1
w 0 4
w 0 5
w 0 6
w 0 10
w 0 12
w 0 13
w 0 14
w 0 16
w 0 18
w 1 0
w 1 1
w 2 0
w 2 1
w 2 3
w 2 5
w 2 9
w 2 11
w 2 13
w 2 14
w 2 16
w 2 18
w 3 0
w 3 1
w 3 5
w 3 6
w 3 7
w 3 12
w 3 16
w 3 17
w 3 18
w 4 0
w 4 3
w 4 5
w 4 7
w 4 8
w 4 9
w 4 10
w 4 11
w 4 15
w 4 16
w 4 17
w 4 18
w 5 0
w 5 1
w 5 3
w 5 10
w 5 12
w 5 14
w 5 15
w 5 16
w 5 17
w 5 18
w 6 0
w 6 3
w 6 4
w 6 5
w 6 7
w 6 9
w 6 10
w 6 13
w 6 14
w 6 16
w 6 17
w 6 18
w 7 0
w 7 1
w 7 4
w 7 7
w 7 8
w 7 13
w 7 16
w 7 17
w 7 18
w 8 0
w 8 1
w 8 3
w 8 5
w 8 6
w 8 7
w 8 8
w 8 10
w 8 14
w 8 17
w 9 0
w 9 1
w 9 3
w 9 13
w 9 14
w 9 15
w 10 0
w 10 3
w 10 4
w 10 5
w 10 8
w 10 10
w 10 13
w 10 15
w 10 17
w 10 18
w 11 0
w 11 1
w 11 10
w 11 11
w 11 12
w 12 0
w 12 1
w 12 4
w 12 5
w 12 8
w 12 13
w 12 14
w 13 4
w 13 5
w 13 10
w 13 12
w 13 14
w 13 15
w 13 18
w 14 4
w 14 5
w 14 7
w 14 8
w 14 10
w 14 14
w 14 15
w 14 17
w 14 18
w 15 4
w 15 5
w 15 9
w 15 12
w 15 13
w 15 14
w 15 16
w 15 18
w 16 3
w 16 4
w 16 8
w 16 10
w 16 11
w 16 12
w 16 13
w 16 18
w 17 5
w 17 6
w 17 7
w 17 12
w 17 13
w 17 14
w 18 0
w 18 1
w 18 4
w 18 5
w 18 6
w 18 7
w 18 9
w 18 11
w 18 14
w 18 15
w 18 16
w 18 18
w 19 3
w 19 4
w 19 5
w 19 7
w 19 8
w 19 13
w 19 17
w 20 3
w 20 4
w 20 9
w 20 12
w 20 13
w 20 14
w 21 0
w 21 3
w 21 4
w 21 5
w 21 8
w 21 10
w 21 12
w 21 13
w 21 15
w 21 17
w 21 18
w 22 1
w 22 3
w 22 4
w 22 5
w 22 6
w 22 12
w 22 13
w 22 17
w 22 18
w 23 4
w 23 5
w 23 6
w 23 8
w 23 9
w 23 13
w 23 14
w 23 16
w 23 17
w 23 18
w 24 3
w 24 4
w 24 5
w 24 6
w 24 8
w 24 11
w 24 15
w 25 0
w 25 1
w 25 3
w 25 4
w 25 5
w 25 6
w 25 7
w 25 10
w 25 11
w 25 17
w 26 3
w 26 4
w 26 5
w 26 6
w 26 8
w 26 9
w 26 10
w 26 13
w 26 14
w 26 15
w 26 17
w 27 0
w 27 1
w 27 4
w 27 5
w 27 6
w 27 8
w 27 9
w 27 10
w 27 11
w 27 15
w 27 18
w 28 1
w 28 3
w 28 6
w 28 8
w 28 10
w 28 11
w 28 12
w 28 13
w 28 15
w 28 16
w 28 17
w 28 18
w 29 5
w 29 10
w 29 11
w 29 12
w 29 13
w 29 14
w 29 17
w 30 0
w 30 1
w 30 4
w 30 7
w 30 11
w 30 12
w 30 13
w 30 14
w 31 0
w 31 1
w 31 3
w 31 4
w 31 8
w 31 10
w 31 12
w 31 13
w 31 14
w 31 17
w 31 18
w 32 0
w 33 0
w 33 2
w 33 4
w 33 5
w 33 8
w 33 10
w 33 11
w 33 14
w 33 17
w 33 18
w 34 3
w 34 8
w 34 11
w 34 12
w 34 15
w 34 16
w 34 17
w 34 18
w 34 19
p 14 1
p 20 17
p 17 9
p 0 2
p 19 9
p 30 9
p 26 11
p 15 17
p 12 12
p 3 9
p 28 14
p 11 4
p 32 5
p 1 14
p 24 13
p 7 12
p 22 15
p 5 8
p 9 9
p 33 12
t 1400 0
m 1 19
0 34 1
1 34 1
2 34 1
f 28 7
t 1399 0
m 1 18
0 33 1
1 33 1
2 33 1
t 1398 0
m 1 17
0 32 1
1 32 1
2 32 1
t 1397 0
m 1 16
0 32 2
1 32 2
2 32 2
t 1396 0
m 1 15
0 31 2
1 31 2
2 31 2
t 1395 0
m 1 14
0 30 2
1 30 2
2 30 2
t 1394 5
m 1 13
0 29 2
1 29 2
2 29 2
t 1393 5
m 1 12
0 28 2
1 28 2
2 28 2
t 1392 5
m 1 11
0 27 2
1 27 2
2 27 2
t 1391 5
m 1 10
0 26 2
1 26 2
2 26 2
t 1390 5
m 2 10
0 26 1
1 25 2
2 25 2
t 1389 5
m 3 10
0 26 2
1 24 2
2 24 2
t 1388 5
m 3 9
0 26 1
1 23 2
2 23 2
t 1387 10
m 3 8
0 26 2
1 22 2
2 22 2
t 1386 10
m 2 8
0 25 2
1 21 2
2 21 2
t 1385 10
m 1 8
0 24 2
1 20 2
2 20 2
t 1384 10
m 1 7
0 23 2
1 19 2
2 19 2
t 1383 10
m 1 6
0 22 2
1 18 2
2 18 2
t 1382 10
m 1 5
0 21 2
1 17 2
2 17 2
t 1381 10
m 1 4
0 22 2
1 17 3
2 17 3
t 1380 10
m 1 3
0 21 2
1 17 2
2 17 2
t 1379 10
m 0 3
0 20 2
1 16 2
2 16 2
t 1378 10
m 0 2
0 19 2
1 15 2
2 15 2
t 1377 15
m 0 3
0 18 2
1 14 2
2 14 2
t 1376 15
m 1 3
0 17 2
1 13 2
2 13 2
t 1375 15
m 1 4
0 16 2
1 12 2
2 12 2
t 1374 15
m 2 4
0 15 2
1 11 2
2 11 2
t 1373 15
m 3 4
0 14 2
1 10 2
2 10 2
t 1372 15
m 4 4
0 13 2
1 9 2
2 9 2
t 1371 15
m 5 4
0 12 2
1 8 2
2 8 2
t 1370 15
m 5 5
0 11 2
1 7 2
2 7 2
t 1369 15
m 5 6
0 10 2
1 6 2
2 6 2
t 1368 15
m 5 7
0 9 2
1 5 2
2 5 2
t 1367 15
m 5 8
0 8 2
1 4 2
2 4 2
t 1366 20
m 5 7
0 7 2
1 3 2
2 3 2
t 1365 20
m 5 6
0 6 2
1 3 3
2 3 3
t 1364 20
m 5 5
0 5 2
1 3 4
2 3 4
t 1363 20
m 5 5
0 4 2
1 4 4
2 4 4
t 1362 20
m 5 5
0 3 2
1 5 4
2 5 4
t 1361 20
m 5 5
0 3 3
1 5 5
2 5 5
t 1360 20
