35
20
m 0 19
0 34 0
1 34 0
2 34 0
w 0 1
w 1 3
w 1 4
w 1 6
w 1 7
w 1 8
w 1 11
w 1 13
w 1 14
w 1 16
w 1 17
w 1 18
w 2 0
w 2 1
w 2 4
w 2 6
w 2 8
w 2 9
w 2 10
w 2 11
w 2 14
w 2 18
w 3 0
w 3 1
w 3 3
w 3 10
w 3 11
w 3 12
w 3 13
w 3 14
w 3 15
w 3 16
w 3 17
w 3 18
w 4 0
w 4 1
w 4 5
w 4 7
w 4 11
w 4 12
w 4 13
w 4 14
w 4 15
w 4 16
w 4 17
w 4 18
w 5 0
w 5 1
w 5 3
w 5 4
w 5 5
w 5 6
w 5 9
w 5 12
w 5 13
w 5 14
w 5 15
w 5 16
w 5 17
w 6 0
w 6 3
w 6 4
w 6 5
w 6 6
w 6 7
w 6 11
w 6 14
w 6 15
w 6 16
w 6 17
w 7 0
w 7 1
w 7 3
w 7 5
w 7 6
w 7 7
w 7 8
w 7 14
w 7 15
w 7 16
w 7 17
w 7 18
w 8 0
w 8 1
w 8 5
w 8 6
w 8 7
w 8 10
w 8 12
w 8 13
w 8 14
w 8 15
w 8 16
w 8 17
w 8 18
w 9 0
w 9 3
w 9 6
w 9 7
w 9 9
w 9 11
w 9 12
w 9 13
w 9 14
w 9 15
w 9 16
w 9 17
w 9 18
w 10 0
w 10 1
w 10 3
w 10 5
w 10 6
w 10 7
w 10 8
w 10 9
w 10 12
w 10 13
w 10 14
w 10 15
w 11 0
w 11 1
w 11 3
w 11 7
w 11 10
w 11 12
w 11 13
w 11 14
w 11 18
w 12 0
w 12 1
w 12 4
w 12 6
w 12 7
w 12 12
w 12 13
w 12 14
w 12 15
w 12 16
w 12 18
w 13 0
w 13 1
w 13 3
w 13 9
w 13 11
w 13 12
w 13 13
w 13 14
w 13 15
w 13 16
w 14 0
w 14 3
w 14 7
w 14 8
w 14 11
w 14 12
w 14 13
w 14 14
w 14 15
w 14 16
w 14 17
w 14 18
w 15 0
w 15 3
w 15 8
w 15 12
w 15 13
w 15 14
w 15 15
w 15 16
w 15 17
w 16 0
w 16 4
w 16 6
w 16 9
w 16 11
w 16 12
w 16 13
w 16 14
w 16 16
w 16 17
w 16 18
w 17 3
w 17 6
w 17 8
w 17 9
w 17 10
w 17 11
w 17 12
w 17 13
w 17 17
w 17 18
w 18 0
w 18 6
w 18 8
w 18 9
w 18 10
w 18 12
w 18 13
w 18 15
w 18 16
w 19 5
w 19 6
w 19 9
w 19 10
w 20 1
w 20 6
w 20 10
w 20 12
w 20 14
w 20 16
w 21 0
w 21 1
w 21 3
w 21 5
w 21 6
w 21 7
w 21 8
w 21 9
w 21 10
w 21 11
w 21 12
w 21 16
w 22 1
w 22 6
w 22 9
w 22 10
w 22 11
w 22 12
w 22 15
w 22 16
w 22 17
w 23 8
w 23 9
w 23 10
w 23 11
w 23 12
w 23 13
w 23 15
w 23 17
w 23 18
w 24 0
w 24 6
w 24 8
w 24 9
w 24 10
w 24 11
w 24 12
w 24 13
w 24 17
w 25 1
w 25 4
w 25 7
w 25 8
w 25 9
w 25 10
w 25 11
w 25 12
w 25 13
w 25 17
w 26 1
w 26 3
w 26 6
w 26 7
w 26 8
w 26 9
w 26 10
w 26 11
w 26 12
w 26 13
w 26 14
w 26 16
w 26 17
w 26 18
w 27 1
w 27 3
w 27 5
w 27 6
w 27 7
w 27 8
w 27 9
w 27 10
w 27 11
w 27 12
w 27 13
w 27 14
w 27 15
w 27 16
w 27 17
w 27 18
w 28 1
w 28 3
w 28 4
w 28 5
w 28 6
w 28 7
w 28 10
w 28 11
w 28 12
w 28 13
w 28 14
w 28 15
w 28 16
w 29 3
w 29 6
w 29 10
w 29 12
w 29 14
w 29 16
w 29 17
w 29 18
w 30 1
w 30 3
w 30 4
w 30 6
w 30 16
w 30 17
w 30 18
w 31 7
w 31 9
w 31 11
w 31 16
w 32 0
w 33 2
w 33 3
w 33 4
w 33 5
w 33 7
w 33 10
w 33 11
w 33 12
w 33 13
w 33 18
w 33 19
w 34 3
w 34 4
w 34 5
w 34 6
w 34 7
w 34 8
w 34 19
p 8 8
p 15 5
p 1 2
p 13 4
p 20 8
p 22 5
p 0 0
p 6 1
p 32 4
p 33 9
p 24 3
p 30 19
p 26 2
p 3 6
p 19 2
p 29 5
p 11 4
p 17 4
t 1400 0
m 0 18
0 33 0
1 33 0
2 33 0
t 1399 0
m 0 17
0 33 1
1 33 1
2 33 1
t 1398 0
m 0 16
0 32 1
1 32 1
2 32 1
t 1397 0
m 0 15
0 31 1
1 31 1
2 31 1
t 1396 0
m 0 14
0 31 2
1 31 2
2 31 2
t 1395 0
m 0 13
0 30 2
1 30 2
2 30 2
t 1394 0
m 0 12
0 29 2
1 29 2
2 29 2
t 1393 0
m 0 11
0 28 2
1 28 2
2 28 2
t 1392 0
m 0 10
0 27 2
1 27 2
2 27 2
f 18 17
t 1391 0
m 0 9
0 26 2
1 26 2
2 26 2
t 1390 0
m 0 8
0 25 2
1 25 2
2 25 2
t 1389 0
m 0 7
0 24 2
1 24 2
2 24 2
t 1388 0
m 0 6
0 23 2
1 23 2
2 23 2
t 1387 0
m 0 5
0 22 2
1 22 2
2 22 2
t 1386 0
m 0 4
0 21 2
1 21 2
2 21 2
t 1385 0
m 0 3
0 20 2
1 20 2
2 22 2
t 1384 0
m 0 2
0 19 2
1 19 2
2 22 3
t 1383 0
m 1 2
0 18 2
1 18 2
2 22 2
t 1382 5
m 1 1
0 17 2
1 17 2
2 21 2
t 1381 5
m 1 0
0 16 2
1 16 2
2 20 2
t 1380 5
m 0 0
0 16 3
1 15 2
2 19 2
t 1379 11
m 1 0
0 16 2
1 14 2
2 18 2
t 1378 11
m 1 1
0 15 2
1 13 2
2 17 2
t 1377 11
m 1 2
0 14 2
1 12 2
2 16 2
t 1376 11
m 2 2
0 13 2
1 11 2
2 15 2
t 1375 11
m 3 2
0 12 2
1 10 2
2 14 2
t 1374 11
m 4 2
0 11 2
1 9 2
2 13 2
t 1373 11
m 5 2
0 10 2
1 8 2
2 12 2
t 1372 11
m 6 2
0 9 2
1 7 2
2 11 2
t 1371 11
m 6 1
0 8 2
1 6 2
2 10 2
t 1370 16
m 6 1
0 7 2
1 6 1
2 9 2
t 1369 16
