35
20
m 0 19
0 34 0
1 34 0
2 34 0
w 0 1
w 0 2
w 0 3
w 0 4
w 0 7
w 0 10
w 0 11
w 0 12
w 0 13
w 0 17
w 0 18
w 1 2
w 1 3
w 1 5
w 1 7
w 1 8
w 1 10
w 1 11
w 1 18
w 3 3
w 3 4
w 3 5
w 3 6
w 3 7
w 3 8
w 3 10
w 3 11
w 3 14
w 3 15
w 3 16
w 4 0
w 4 2
w 4 3
w 4 4
w 4 5
w 4 6
w 4 8
w 4 9
w 4 10
w 4 11
w 4 13
w 4 14
w 5 2
w 5 3
w 5 4
w 5 5
w 5 6
w 5 8
w 5 12
w 5 13
w 5 17
w 6 3
w 6 5
w 6 8
w 6 10
w 6 11
w 6 12
w 6 13
w 6 16
w 6 17
w 7 0
w 7 6
w 7 8
w 7 11
w 7 12
w 7 15
w 7 16
w 7 17
w 7 18
w 8 0
w 8 2
w 8 4
w 8 5
w 8 6
w 8 10
w 8 15
w 8 16
w 9 0
w 9 2
w 9 3
w 9 4
w 9 5
w 9 6
w 9 8
w 9 12
w 9 14
w 9 15
w 10 2
w 10 3
w 10 4
w 10 5
w 10 6
w 10 7
w 10 8
w 10 9
w 10 10
w 10 12
w 10 13
w 10 14
w 10 18
w 11 0
w 11 4
w 11 6
w 11 7
w 11 8
w 11 9
w 11 10
w 11 11
w 11 12
w 11 16
w 12 0
w 12 2
w 12 4
w 12 6
w 12 7
w 12 11
w 12 12
w 12 14
w 12 15
w 12 16
w 12 18
w 13 3
w 13 4
w 13 6
w 13 7
w 13 10
w 13 14
w 13 15
w 13 16
w 13 17
w 14 0
w 14 2
w 14 3
w 14 7
w 14 9
w 14 10
w 14 14
w 14 15
w 14 16
w 14 17
w 14 18
w 15 0
w 15 5
w 15 7
w 15 12
w 15 14
w 15 15
w 15 16
w 15 18
w 16 0
w 16 2
w 16 3
w 16 7
w 16 8
w 16 9
w 16 10
w 16 11
w 16 15
w 16 18
w 17 0
w 17 7
w 17 9
w 17 10
w 17 11
w 17 14
w 17 18
w 18 3
w 18 9
w 18 10
w 18 11
w 18 12
w 18 13
w 18 14
w 18 15
w 18 17
w 18 18
w 19 2
w 19 3
w 19 4
w 19 7
w 19 9
w 19 10
w 19 13
w 19 14
w 19 15
w 20 3
w 20 4
w 20 5
w 20 8
w 20 9
w 20 12
w 20 13
w 20 14
w 20 16
w 20 17
w 20 18
w 21 2
w 21 3
w 21 4
w 21 7
w 21 8
w 21 9
w 21 14
w 21 17
w 22 0
w 22 2
w 22 3
w 22 4
w 22 8
w 22 10
w 22 11
w 22 12
w 23 4
w 23 8
w 23 11
w 23 12
w 23 14
w 23 16
w 23 17
w 23 18
w 24 2
w 24 6
w 24 9
w 24 11
w 24 12
w 24 13
w 24 18
w 25 0
w 25 3
w 25 4
w 25 14
w 25 15
w 25 18
w 26 2
w 26 3
w 26 4
w 26 5
w 26 9
w 26 10
w 26 13
w 26 14
w 26 15
w 26 17
w 26 18
w 27 2
w 27 3
w 27 4
w 27 5
w 27 7
w 27 8
w 27 13
w 27 14
w 27 15
w 27 16
w 27 17
w 27 18
w 28 0
w 28 3
w 28 7
w 28 8
w 28 9
w 28 10
w 28 11
w 28 12
w 28 13
w 28 14
w 28 15
w 28 16
w 28 17
w 28 18
w 29 0
w 29 3
w 29 4
w 29 5
w 29 6
w 29 10
w 29 11
w 29 12
w 29 13
w 29 14
w 29 15
w 29 16
w 29 17
w 30 2
w 30 3
w 30 4
w 30 6
w 30 8
w 30 10
w 30 11
w 30 12
w 30 13
w 30 14
w 30 15
w 31 0
w 31 8
w 31 12
w 31 13
w 31 14
w 31 15
w 31 16
w 31 18
w 32 0
w 32 2
w 32 4
w 32 5
w 32 7
w 32 8
w 32 9
w 32 11
w 32 12
w 32 13
w 32 14
w 32 15
w 32 16
w 32 17
w 33 0
w 33 3
w 33 4
w 33 5
w 33 9
w 33 10
w 33 12
w 33 13
w 33 14
w 33 15
w 33 16
p 20 11
p 11 2
p 30 9
p 13 2
p 8 18
p 3 0
p 34 9
p 22 13
p 5 9
p 24 1
p 17 1
p 27 11
p 0 0
p 2 0
p 32 10
p 7 2
p 15 3
p 25 11
p 18 8
t 1400 0
m 1 19
0 34 1
1 34 1
2 34 1
t 1399 0
m 2 19
0 34 2
1 34 2
2 34 2
t 1398 0
m 3 19
0 34 3
1 34 3
2 34 3
t 1397 0
m 4 19
0 34 4
1 34 4
2 34 4
t 1396 0
m 5 19
0 34 5
1 34 5
2 34 5
t 1395 0
m 6 19
0 34 6
1 34 6
2 34 6
t 1394 0
m 7 19
0 33 6
1 33 6
2 33 6
t 1393 0
m 8 19
0 33 7
1 33 7
2 33 7
t 1392 0
m 8 18
0 33 8
1 33 8
2 33 8
t 1391 5
m 8 19
0 34 8
1 34 8
2 34 8
t 1390 5
m 9 19
0 34 9
1 34 9
2 34 9
t 1389 5
m 10 19
0 34 10
1 34 10
2 34 10
f 15 10
t 1388 5
m 11 19
0 34 11
1 34 11
2 34 11
t 1387 5
m 12 19
0 34 12
1 34 12
2 34 12
t 1386 5
m 13 19
0 34 13
1 34 13
2 34 13
t 1385 5
m 14 19
0 34 14
1 34 14
2 34 14
t 1384 5
m 15 19
0 34 15
1 34 15
2 34 15
t 1383 5
m 16 19
0 34 16
1 34 16
2 34 16
t 1382 5
m 17 19
0 34 15
1 34 17
2 34 17
t 1381 5
m 18 19
0 34 16
1 33 17
2 33 17
t 1380 5
m 17 19
0 34 17
1 33 18
2 33 18
t 1379 5
m 16 19
0 33 17
1 32 18
2 32 18
t 1378 5
m 15 19
0 33 18
1 32 19
2 32 19
t 1377 5
m 14 19
0 32 18
1 31 19
2 31 19
t 1376 5
m 13 19
0 32 19
1 30 19
2 30 19
t 1375 5
m 12 19
0 31 19
1 29 19
2 29 19
t 1374 5
m 11 19
0 30 19
1 28 19
2 29 18
t 1373 5
m 11 18
0 29 19
1 27 19
2 30 18
t 1372 5
m 11 17
0 28 19
1 26 19
2 29 18
t 1371 5
m 10 17
0 27 19
1 25 19
2 29 19
t 1370 5
m 10 16
0 26 19
1 24 19
2 28 19
t 1369 5
m 10 15
0 25 19
1 23 19
2 27 19
t 1368 5
m 11 15
0 24 19
1 22 19
2 26 19
t 1367 5
m 11 14
0 23 19
1 21 19
2 25 19
t 1366 5
m 11 13
0 22 19
1 20 19
2 24 19
t 1365 5
m 12 13
0 21 19
1 19 19
2 23 19
t 1364 5
m 13 13
0 20 19
1 18 19
2 22 19
t 1363 5
m 13 12
0 19 19
1 17 19
2 23 19
t 1362 5
m 13 11
0 18 19
1 16 19
2 22 19
t 1361 5
m 14 11
0 17 19
1 15 19
2 21 19
t 1360 5
m 15 11
0 16 19
1 14 19
2 20 19
t 1359 5
m 15 10
0 15 19
1 13 19
2 19 19
t 1358 15
m 15 11
0 14 19
1 12 19
2 18 19
t 1357 15
m 14 11
0 13 19
1 11 19
2 17 19
t 1356 15
m 13 11
0 12 19
1 11 18
2 16 19
t 1355 15
m 13 12
0 11 19
1 11 17
2 15 19
t 1354 15
m 13 13
0 11 18
1 10 17
2 14 19
t 1353 15
m 12 13
0 11 17
1 10 16
2 13 19
t 1352 15
m 11 13
0 10 17
1 10 15
2 12 19
t 1351 15
m 11 13
0 10 16
1 11 15
2 11 19
t 1350 15
m 11 13
0 10 15
1 11 14
2 11 18
t 1349 15
m 11 13
0 11 15
1 11 13
2 11 17
t 1348 15
