35
20
m 0 19
0 34 0
1 34 0
2 34 0
w 0 0
w 0 1
w 0 2
w 0 3
w 0 4
w 0 6
w 0 7
w 0 8
w 0 12
w 0 13
w 0 14
w 1 0
w 1 1
w 1 2
w 1 3
w 1 4
w 1 7
w 1 13
w 1 15
w 1 16
w 1 18
w 1 19
w 2 0
w 2 1
w 2 2
w 2 3
w 2 4
w 2 6
w 2 19
w 3 0
w 3 1
w 3 2
w 3 3
w 3 4
w 3 9
w 3 11
w 3 12
w 3 16
w 3 19
w 4 0
w 4 1
w 4 2
w 4 3
w 4 5
w 4 6
w 4 7
w 4 8
w 4 9
w 4 15
w 4 19
w 5 0
w 5 1
w 5 2
w 5 7
w 5 9
w 5 11
w 5 12
w 5 14
w 5 17
w 6 0
w 6 1
w 6 2
w 6 3
w 6 4
w 6 9
w 6 11
w 6 12
w 6 13
w 6 14
w 6 15
w 6 16
w 7 0
w 7 1
w 7 2
w 7 3
w 7 4
w 7 5
w 7 7
w 7 9
w 7 11
w 7 12
w 7 15
w 7 18
w 8 0
w 8 1
w 8 2
w 8 3
w 8 4
w 8 7
w 8 10
w 8 14
w 8 15
w 8 16
w 8 17
w 8 18
w 9 1
w 9 2
w 9 3
w 9 4
w 9 6
w 9 7
w 9 8
w 9 9
w 9 12
w 9 13
w 9 15
w 9 16
w 9 17
w 9 18
w 11 1
w 11 4
w 11 5
w 11 6
w 11 8
w 11 13
w 11 15
w 11 17
w 11 18
w 12 5
w 12 6
w 12 8
w 12 10
w 12 12
w 12 13
w 12 14
w 12 15
w 12 16
w 12 18
w 13 0
w 13 1
w 13 7
w 13 10
w 13 12
w 13 13
w 13 14
w 14 0
w 14 1
w 14 3
w 14 4
w 14 5
w 14 8
w 14 9
w 14 13
w 14 14
w 14 17
w 15 3
w 15 4
w 15 5
w 15 6
w 15 7
w 15 8
w 15 9
w 15 10
w 15 12
w 15 14
w 15 17
w 16 1
w 16 5
w 16 6
w 16 7
w 16 8
w 16 9
w 16 12
w 16 16
w 16 17
w 16 18
w 17 1
w 17 3
w 17 5
w 17 6
w 17 9
w 17 12
w 17 13
w 17 14
w 17 17
w 17 18
w 18 0
w 18 1
w 18 7
w 18 10
w 18 11
w 18 12
w 18 13
w 18 15
w 18 16
w 18 17
w 19 0
w 19 1
w 19 3
w 19 4
w 19 6
w 19 15
w 19 16
w 19 18
w 20 1
w 20 3
w 20 4
w 20 6
w 20 8
w 20 9
w 20 11
w 20 12
w 20 13
w 20 14
w 20 15
w 21 1
w 21 3
w 21 6
w 21 8
w 21 11
w 21 12
w 21 13
w 21 14
w 21 15
w 21 17
w 22 1
w 22 4
w 22 5
w 22 6
w 22 7
w 22 8
w 22 9
w 22 13
w 22 14
w 22 17
w 23 3
w 23 4
w 23 5
w 23 6
w 23 7
w 23 8
w 23 9
w 23 10
w 23 16
w 23 17
w 23 18
w 24 0
w 24 1
w 24 3
w 24 4
w 24 5
w 24 6
w 24 7
w 24 8
w 24 9
w 24 14
w 24 17
w 24 18
w 25 0
w 25 1
w 25 3
w 25 4
w 25 5
w 25 6
w 25 7
w 25 8
w 25 9
w 25 10
w 25 11
w 25 13
w 25 16
w 26 0
w 26 5
w 26 6
w 26 7
w 26 8
w 26 9
w 26 10
w 26 11
w 26 12
w 26 16
w 27 0
w 27 5
w 27 7
w 27 8
w 27 9
w 27 10
w 27 13
w 27 14
w 27 16
w 27 17
w 27 18
w 28 0
w 28 1
w 28 3
w 28 4
w 28 5
w 28 7
w 28 8
w 28 9
w 28 10
w 28 12
w 28 13
w 28 17
w 29 0
w 29 1
w 29 3
w 29 4
w 29 5
w 29 8
w 29 9
w 29 12
w 29 13
w 29 14
w 30 0
w 30 1
w 30 3
w 30 4
w 30 5
w 30 9
w 30 13
w 30 14
w 30 15
w 30 16
w 30 17
w 30 18
w 31 0
w 31 1
w 31 3
w 31 7
w 31 8
w 31 9
w 31 12
w 31 14
w 31 15
w 31 16
w 31 17
w 33 1
w 33 2
w 33 3
w 33 4
w 33 5
w 33 6
w 33 7
w 33 8
w 33 11
w 33 13
w 33 14
w 33 16
w 34 1
w 34 2
w 34 3
w 34 4
w 34 5
w 34 6
w 34 10
w 34 13
w 34 17
w 34 19
p 4 4
p 21 10
p 34 7
p 6 5
p 32 8
p 11 19
p 13 16
p 19 12
p 2 9
p 10 10
p 15 16
p 23 14
p 0 5
p 17 15
p 26 3
p 30 11
p 28 14
p 8 11
t 1400 0
m 0 18
0 33 0
1 33 0
2 33 0
t 1399 0
m 0 17
0 32 0
1 32 0
2 32 0
t 1398 0
m 1 17
0 32 1
1 32 1
2 32 1
f 9 5
t 1397 0
m 2 17
0 32 2
1 32 2
2 32 2
t 1396 0
m 2 16
0 31 2
1 31 2
2 31 2
t 1395 0
m 2 15
0 30 2
1 30 2
2 30 2
t 1394 0
m 2 14
0 29 2
1 29 2
2 29 2
t 1393 0
m 2 13
0 28 2
1 28 2
2 28 2
t 1392 0
m 2 12
0 27 2
1 27 2
2 27 2
t 1391 0
m 2 11
0 26 2
1 26 2
2 26 2
t 1390 0
m 2 10
0 25 2
1 25 2
2 25 2
t 1389 0
m 2 9
0 24 2
1 24 2
2 24 2
t 1388 5
m 2 8
0 23 2
1 23 2
2 23 2
t 1387 5
m 2 7
0 22 2
1 22 2
2 22 2
t 1386 5
m 3 7
0 21 2
1 21 2
2 21 2
t 1385 5
m 3 6
0 20 2
1 20 2
2 20 2
t 1384 5
m 3 5
0 19 2
1 19 2
2 19 2
t 1383 5
m 2 5
0 18 2
1 18 2
2 18 2
t 1382 5
m 1 5
0 17 2
1 17 2
2 17 2
t 1381 5
m 0 5
0 16 2
1 16 2
2 16 2
t 1380 11
m 1 5
0 15 2
1 16 3
2 15 2
t 1379 11
m 2 5
0 14 2
1 16 2
2 14 2
t 1378 11
m 3 5
0 13 2
1 15 2
2 13 2
t 1377 11
m 3 6
0 12 2
1 14 2
2 12 2
t 1376 11
m 3 7
0 11 2
1 13 2
2 11 2
t 1375 11
m 2 7
0 10 2
1 12 2
2 10 2
t 1374 11
m 2 8
0 10 3
1 11 2
2 10 3
t 1373 11
m 2 9
0 10 4
1 10 2
2 10 4
t 1372 11
m 2 10
0 10 5
1 10 3
2 10 5
t 1371 11
m 2 11
0 10 6
1 10 4
2 10 6
t 1370 11
m 2 12
0 10 7
1 10 5
2 10 7
t 1369 11
m 2 13
0 10 8
1 10 6
2 10 8
t 1368 11
m 2 14
0 10 9
1 10 7
2 10 9
t 1367 11
m 2 15
0 10 10
1 10 8
2 10 10
t 1366 11
m 2 16
0 10 11
1 10 9
2 10 11
t 1365 11
m 2 17
0 10 12
1 10 10
2 10 12
t 1364 11
m 2 18
0 10 13
1 10 11
2 10 13
t 1363 11
m 3 18
0 10 14
1 10 12
2 10 14
t 1362 11
m 4 18
0 10 15
1 10 13
2 10 15
t 1361 11
m 5 18
0 10 14
1 10 14
2 10 16
t 1360 11
m 5 19
0 10 15
1 10 15
2 10 17
t 1359 11
m 6 19
0 10 16
1 10 16
2 10 18
t 1358 11
m 7 19
0 10 17
1 10 17
2 10 19
t 1357 11
m 7 19
0 10 18
1 10 18
2 9 19
t 1356 11
m 7 19
0 10 19
1 10 19
2 8 19
t 1355 11
m 7 19
0 9 19
1 9 19
2 7 19
t 1354 11
