35
20
m 0 19
0 34 0
1 34 0
2 34 0
w 0 0
w 0 2
w 0 3
w 0 4
w 0 5
w 0 10
w 0 12
w 0 13
w 0 14
w 0 15
w 0 16
w 0 17
w 0 18
w 1 0
w 1 4
w 1 5
w 1 8
w 1 10
w 1 12
w 1 13
w 1 14
w 1 15
w 1 17
w 2 0
w 2 1
w 2 7
w 2 8
w 2 9
w 2 14
w 2 18
w 3 0
w 3 1
w 3 3
w 3 7
w 3 8
w 3 9
w 3 10
w 3 11
w 3 12
w 3 14
w 3 17
w 4 3
w 4 6
w 4 7
w 4 8
w 4 9
w 4 10
w 4 11
w 4 14
w 5 1
w 5 2
w 5 3
w 5 4
w 5 7
w 5 8
w 5 9
w 5 10
w 5 11
w 5 13
w 5 14
w 5 17
w 5 19
w 6 2
w 6 3
w 6 4
w 6 6
w 6 17
w 6 19
w 7 1
w 7 2
w 7 3
w 7 4
w 7 7
w 7 8
w 7 9
w 7 10
w 7 11
w 7 13
w 7 18
w 7 19
w 8 1
w 8 2
w 8 6
w 8 8
w 8 9
w 8 10
w 8 13
w 8 15
w 8 18
w 8 19
w 9 0
w 9 1
w 9 2
w 9 3
w 9 4
w 9 6
w 9 11
w 9 12
w 9 17
w 9 18
w 9 19
w 10 0
w 10 1
w 10 2
w 10 9
w 10 10
w 10 11
w 10 12
w 10 13
w 10 14
w 10 17
w 10 18
w 10 19
w 11 0
w 11 1
w 11 2
w 11 3
w 11 4
w 11 5
w 11 7
w 11 8
w 11 9
w 11 10
w 11 11
w 11 12
w 11 16
w 11 17
w 11 18
w 11 19
w 12 0
w 12 1
w 12 2
w 12 3
w 12 8
w 12 9
w 12 10
w 12 11
w 12 12
w 12 13
w 12 14
w 12 17
w 12 18
w 12 19
w 13 0
w 13 1
w 13 2
w 13 4
w 13 7
w 13 8
w 13 9
w 13 10
w 13 17
w 13 18
w 13 19
w 14 0
w 14 1
w 14 2
w 14 7
w 14 9
w 14 13
w 14 15
w 14 16
w 14 17
w 14 18
w 14 19
w 15 0
w 15 1
w 15 3
w 15 6
w 15 7
w 15 12
w 15 14
w 15 15
w 15 16
w 15 17
w 15 18
w 15 19
w 16 0
w 16 1
w 16 14
w 16 17
w 16 18
w 16 19
w 17 0
w 17 1
w 17 4
w 17 5
w 17 6
w 17 7
w 17 10
w 17 18
w 17 19
w 18 0
w 18 1
w 18 5
w 18 6
w 18 7
w 18 8
w 18 13
w 18 15
w 18 17
w 18 18
w 18 19
w 19 0
w 19 3
w 19 4
w 19 5
w 19 6
w 19 7
w 19 8
w 19 10
w 19 12
w 19 13
w 19 14
w 19 15
w 19 19
w 20 0
w 20 3
w 20 4
w 20 5
w 20 9
w 20 13
w 20 14
w 20 17
w 21 0
w 21 1
w 21 3
w 21 4
w 21 5
w 21 6
w 21 7
w 21 12
w 21 13
w 21 14
w 21 15
w 21 17
w 22 3
w 22 4
w 22 5
w 22 9
w 22 12
w 22 13
w 22 14
w 22 15
w 22 16
w 22 17
w 22 18
w 23 0
w 23 1
w 23 6
w 23 9
w 23 14
w 23 15
w 23 16
w 23 17
w 23 18
w 24 0
w 24 1
w 24 3
w 24 4
w 24 6
w 24 13
w 24 14
w 24 15
w 24 16
w 24 17
w 24 18
w 24 19
w 25 0
w 25 1
w 25 6
w 25 9
w 25 10
w 25 12
w 25 13
w 25 14
w 25 15
w 25 16
w 25 17
w 25 18
w 25 19
w 26 0
w 26 5
w 26 10
w 26 12
w 26 13
w 26 14
w 26 15
w 26 16
w 26 17
w 26 18
w 26 19
w 27 0
w 27 4
w 27 6
w 27 8
w 27 9
w 27 14
w 27 15
w 27 16
w 27 17
w 27 18
w 27 19
w 28 1
w 28 4
w 28 6
w 28 7
w 28 8
w 28 9
w 28 10
w 28 12
w 28 13
w 28 14
w 28 15
w 28 16
w 28 17
w 28 18
w 28 19
w 29 1
w 29 3
w 29 8
w 29 9
w 29 10
w 29 13
w 29 14
w 29 15
w 29 16
w 29 17
w 30 5
w 30 6
w 30 7
w 30 8
w 30 9
w 30 12
w 30 13
w 30 14
w 30 15
w 30 16
w 30 17
w 30 19
w 31 0
w 32 0
w 32 3
w 32 4
w 32 5
w 32 16
w 32 18
w 32 19
w 33 0
w 33 2
w 33 3
w 33 9
w 33 14
w 33 15
w 33 16
w 33 18
w 33 19
w 34 2
w 34 7
w 34 10
w 34 11
w 34 14
w 34 15
w 34 16
w 34 17
w 34 18
w 34 19
p 0 1
p 10 5
p 15 11
p 21 16
p 33 13
p 19 16
p 4 2
p 6 7
p 8 3
p 23 12
p 2 6
p 28 11
p 13 12
p 26 3
p 32 6
p 17 11
p 31 2
t 1400 0
m 1 19
0 34 1
1 34 1
2 34 1
t 1399 0
m 2 19
0 33 1
1 33 1
2 33 1
t 1398 0
m 3 19
0 32 1
1 32 1
2 32 1
t 1397 0
m 3 18
0 31 1
1 31 1
2 31 1
t 1396 0
m 4 18
0 30 1
1 30 1
2 30 1
t 1395 0
m 4 17
0 30 2
1 30 2
2 30 2
t 1394 0
m 4 16
0 29 2
1 29 2
2 29 2
t 1393 0
m 4 15
0 28 2
1 28 2
2 28 2
t 1392 0
m 5 15
0 27 2
1 27 2
2 27 2
t 1391 0
m 6 15
0 26 2
1 26 2
2 26 2
t 1390 0
m 6 14
0 25 2
1 25 2
2 25 2
t 1389 0
m 6 13
0 24 2
1 24 2
2 24 2
t 1388 0
m 6 12
0 23 2
1 23 2
2 23 2
t 1387 0
m 6 11
0 22 2
1 22 2
2 22 2
t 1386 0
m 6 10
0 21 2
1 21 2
2 21 2
t 1385 0
m 6 9
0 20 2
1 20 2
2 20 2
t 1384 0
m 6 8
0 19 2
1 19 2
2 19 2
t 1383 0
m 6 7
0 18 2
1 18 2
2 18 2
t 1382 5
m 6 8
0 17 2
1 17 2
2 17 2
t 1381 5
m 6 9
0 16 2
1 16 2
2 16 2
t 1380 5
m 6 10
0 16 3
1 16 3
2 16 3
t 1379 5
m 6 11
0 16 4
1 16 4
2 16 4
t 1378 5
m 6 12
0 16 5
1 16 5
2 16 5
t 1377 5
m 6 13
0 16 6
1 16 6
2 16 6
t 1376 5
m 6 14
0 16 7
1 16 7
2 16 7
t 1375 5
m 7 14
0 16 8
1 16 8
2 16 8
f 17 2
t 1374 5
m 8 14
0 15 8
1 15 8
2 15 8
t 1373 5
m 9 14
0 15 9
1 15 9
2 15 9
t 1372 5
m 9 15
0 15 10
1 15 10
2 15 10
t 1371 5
m 10 15
0 14 10
1 14 10
2 14 10
t 1370 5
m 11 15
0 14 11
1 14 11
2 14 11
t 1369 5
m 12 15
0 13 11
1 15 11
2 13 11
t 1368 5
m 13 15
0 13 12
1 14 11
2 13 12
t 1367 5
m 13 14
0 13 13
1 13 11
2 13 13
t 1366 5
m 13 14
0 13 14
1 13 12
2 13 14
t 1365 5
