35
20
m 0 19
0 34 0
1 34 0
2 34 0
w 0 0
w 0 1
w 0 4
w 0 7
w 0 8
w 0 9
w 0 12
w 0 13
w 0 14
w 0 15
w 0 16
w 0 17
w 0 18
w 1 0
w 1 1
w 1 2
w 1 4
w 1 8
w 1 9
w 1 10
w 1 15
w 1 16
w 2 0
w 2 6
w 2 7
w 2 11
w 2 12
w 2 15
w 2 17
w 2 19
w 3 0
w 3 1
w 3 2
w 3 4
w 3 6
w 3 7
w 3 10
w 3 11
w 3 12
w 3 13
w 3 15
w 3 17
w 4 7
w 4 10
w 4 11
w 4 12
w 4 17
w 5 3
w 5 9
w 5 11
w 5 12
w 5 13
w 5 14
w 5 15
w 5 17
w 5 18
w 6 0
w 6 1
w 6 4
w 6 6
w 6 11
w 6 12
w 6 13
w 6 14
w 7 0
w 7 1
w 7 9
w 7 10
w 7 11
w 7 12
w 7 13
w 7 14
w 7 16
w 7 17
w 7 18
w 7 19
w 8 0
w 8 1
w 8 5
w 8 6
w 8 7
w 8 9
w 8 10
w 8 11
w 8 12
w 8 13
w 8 14
w 8 19
w 9 0
w 9 1
w 9 5
w 9 7
w 9 9
w 9 10
w 9 11
w 9 12
w 9 13
w 9 14
w 9 15
w 9 17
w 9 19
w 10 0
w 10 1
w 10 3
w 10 5
w 10 12
w 10 13
w 10 14
w 10 15
w 10 16
w 11 0
w 11 3
w 11 6
w 11 7
w 11 9
w 11 10
w 11 11
w 11 12
w 11 13
w 11 14
w 11 15
w 11 18
w 11 19
w 12 0
w 12 1
w 12 3
w 12 4
w 12 10
w 12 17
w 12 18
w 12 19
w 13 0
w 13 3
w 13 4
w 13 5
w 13 6
w 13 7
w 13 9
w 13 13
w 13 14
w 13 17
w 13 18
w 13 19
w 14 0
w 14 1
w 14 3
w 14 4
w 14 5
w 14 6
w 14 7
w 14 11
w 14 13
w 14 14
w 14 15
w 14 16
w 14 17
w 14 18
w 14 19
w 15 0
w 15 1
w 15 3
w 15 4
w 15 5
w 15 6
w 15 7
w 15 12
w 15 13
w 15 14
w 15 15
w 15 16
w 15 17
w 15 18
w 15 19
w 16 0
w 16 1
w 16 3
w 16 11
w 16 13
w 16 15
w 16 16
w 16 17
w 16 18
w 16 19
w 17 0
w 17 5
w 17 6
w 17 7
w 17 10
w 17 11
w 17 13
w 17 16
w 17 17
w 17 18
w 17 19
w 18 0
w 18 3
w 18 9
w 18 15
w 18 18
w 18 19
w 19 0
w 19 1
w 19 3
w 19 5
w 19 7
w 19 9
w 19 10
w 19 11
w 19 13
w 19 15
w 19 18
w 19 19
w 20 0
w 20 3
w 20 9
w 20 10
w 20 11
w 20 13
w 20 17
w 20 19
w 21 0
w 21 1
w 21 3
w 21 9
w 21 10
w 21 15
w 21 19
w 22 0
w 22 3
w 22 6
w 22 7
w 22 9
w 22 14
w 22 16
w 22 17
w 22 18
w 23 0
w 23 6
w 23 7
w 23 12
w 23 16
w 23 17
w 24 4
w 24 7
w 24 12
w 24 16
w 24 19
w 25 0
w 25 1
w 25 3
w 25 4
w 25 5
w 25 6
w 25 7
w 25 9
w 25 10
w 25 13
w 25 14
w 25 18
w 25 19
w 26 0
w 26 1
w 26 3
w 26 4
w 26 10
w 26 12
w 26 14
w 26 16
w 26 18
w 26 19
w 27 0
w 27 1
w 27 3
w 27 4
w 27 5
w 27 9
w 27 11
w 27 16
w 27 17
w 27 19
w 28 0
w 28 4
w 28 5
w 28 14
w 28 19
w 29 4
w 29 5
w 29 6
w 29 11
w 29 13
w 29 14
w 29 15
w 29 17
w 29 18
w 29 19
w 30 1
w 30 6
w 30 10
w 30 11
w 30 12
w 30 13
w 30 14
w 30 15
w 30 18
w 30 19
w 31 1
w 31 4
w 31 5
w 31 6
w 31 7
w 31 10
w 31 11
w 31 12
w 31 13
w 31 14
w 31 19
w 32 0
w 32 4
w 32 5
w 32 11
w 32 12
w 32 13
w 32 14
w 32 17
w 33 9
w 33 10
w 33 11
w 33 12
w 33 13
w 33 14
w 33 15
w 33 17
w 33 19
w 34 1
w 34 2
w 34 3
w 34 7
w 34 8
w 34 9
w 34 10
w 34 11
w 34 12
w 34 13
w 34 14
w 34 15
p 26 5
p 2 4
p 19 4
p 7 7
p 4 3
p 33 5
p 31 16
p 22 13
p 0 2
p 5 10
p 10 6
p 24 3
p 28 2
p 29 9
p 14 12
p 21 4
p 17 8
p 12 8
t 1400 0
m 1 19
0 33 0
1 33 0
2 33 0
t 1399 0
m 1 18
0 33 1
1 33 1
2 33 1
t 1398 0
m 2 18
0 32 1
1 32 1
2 32 1
t 1397 0
m 3 18
0 32 2
1 32 2
2 32 2
t 1396 0
m 4 18
0 31 2
1 31 2
2 31 2
t 1395 0
m 4 19
0 30 2
1 30 2
2 30 2
t 1394 0
m 5 19
0 29 2
1 29 2
2 29 2
t 1393 0
m 6 19
0 28 2
1 28 2
2 28 2
t 1392 0
m 6 18
0 27 2
1 27 2
2 27 2
t 1391 0
m 6 17
0 26 2
1 26 2
2 26 2
t 1390 0
m 6 16
0 25 2
1 25 2
2 25 2
f 1 7
t 1389 0
m 6 15
0 24 2
1 24 2
2 24 2
t 1388 0
m 7 15
0 23 2
1 23 2
2 23 2
t 1387 0
m 8 15
0 22 2
1 22 2
2 22 2
t 1386 0
m 8 16
0 21 2
1 21 2
2 21 2
t 1385 0
m 8 17
0 20 2
1 20 2
2 20 2
t 1384 0
m 8 18
0 19 2
1 19 2
2 19 2
t 1383 0
m 9 18
0 18 2
1 18 2
2 18 2
t 1382 0
m 10 18
0 17 2
1 17 2
2 17 2
t 1381 0
m 10 17
0 17 3
1 17 3
2 18 2
t 1380 0
m 11 17
0 17 4
1 17 4
2 17 2
t 1379 0
m 11 16
0 16 4
1 16 4
2 17 3
t 1378 0
m 12 16
0 16 5
1 16 5
2 17 4
t 1377 0
m 12 15
0 16 6
1 16 6
2 16 4
t 1376 0
m 12 14
0 16 7
1 16 7
2 16 5
t 1375 0
m 12 13
0 16 8
1 16 8
2 16 6
t 1374 0
m 12 12
0 15 8
1 16 7
2 16 7
t 1373 0
m 13 12
0 14 8
1 16 8
2 16 8
t 1372 0
m 14 12
0 14 9
1 15 8
2 15 8
t 1371 5
m 13 12
0 15 9
1 14 8
2 14 8
t 1370 5
m 13 11
0 14 9
1 14 9
2 14 9
t 1369 5
m 13 10
0 14 10
1 14 10
2 14 10
t 1368 5
m 13 10
0 13 10
1 13 10
2 13 10
t 1367 5
