35
20
m 0 19
0 34 0
1 34 0
2 34 0
w 1 1
w 1 2
w 1 3
w 1 4
w 1 8
w 1 9
w 1 10
w 1 15
w 1 17
w 1 18
w 2 1
w 2 6
w 2 8
w 2 9
w 2 10
w 2 14
w 2 15
w 2 16
w 2 17
w 2 18
w 3 1
w 3 2
w 3 7
w 3 8
w 3 14
w 3 15
w 3 16
w 3 17
w 3 18
w 4 1
w 4 2
w 4 6
w 4 11
w 4 12
w 4 13
w 4 14
w 4 15
w 4 16
w 4 17
w 4 18
w 5 2
w 5 3
w 5 4
w 5 6
w 5 7
w 5 9
w 5 10
w 5 11
w 5 12
w 5 13
w 5 14
w 5 15
w 5 16
w 5 17
w 5 18
w 6 1
w 6 2
w 6 3
w 6 4
w 6 6
w 6 7
w 6 9
w 6 10
w 6 11
w 6 12
w 6 13
w 6 14
w 6 15
w 6 16
w 6 17
w 6 18
w 7 2
w 7 3
w 7 4
w 7 5
w 7 6
w 7 7
w 7 9
w 7 10
w 7 11
w 7 12
w 7 13
w 7 14
w 7 15
w 7 16
w 7 17
w 8 2
w 8 3
w 8 4
w 8 5
w 8 9
w 8 10
w 8 11
w 8 12
w 8 13
w 8 14
w 8 18
w 9 2
w 9 3
w 9 5
w 9 6
w 9 7
w 9 10
w 9 11
w 9 12
w 9 16
w 10 2
w 10 3
w 10 6
w 10 7
w 10 8
w 10 9
w 10 10
w 10 11
w 10 12
w 10 14
w 10 16
w 10 17
w 10 18
w 11 1
w 11 2
w 11 4
w 11 7
w 11 8
w 11 9
w 11 10
w 11 11
w 11 12
w 11 16
w 12 1
w 12 2
w 12 9
w 12 10
w 12 11
w 12 12
w 12 13
w 12 15
w 12 18
w 13 4
w 13 6
w 13 8
w 13 9
w 13 10
w 13 11
w 13 12
w 13 13
w 13 15
w 13 16
w 14 2
w 14 3
w 14 4
w 14 5
w 14 6
w 14 7
w 14 8
w 14 9
w 14 10
w 14 11
w 14 12
w 14 13
w 14 14
w 14 15
w 14 16
w 14 18
w 15 2
w 15 3
w 15 4
w 15 5
w 15 6
w 15 7
w 15 8
w 15 9
w 15 10
w 15 11
w 15 12
w 15 13
w 15 14
w 15 15
w 15 18
w 16 2
w 16 3
w 16 4
w 16 5
w 16 6
w 16 7
w 16 8
w 16 9
w 16 10
w 16 11
w 16 12
w 16 13
w 16 14
w 17 1
w 17 2
w 17 3
w 17 4
w 17 5
w 17 6
w 17 7
w 17 8
w 17 9
w 17 10
w 17 11
w 17 12
w 17 13
w 17 18
w 18 1
w 18 5
w 18 6
w 18 7
w 18 8
w 18 9
w 18 10
w 18 11
w 18 12
w 18 13
w 18 14
w 18 15
w 18 16
w 18 17
w 19 1
w 19 4
w 19 5
w 19 6
w 19 7
w 19 8
w 19 9
w 19 10
w 19 11
w 19 12
w 19 13
w 19 14
w 19 15
w 19 16
w 19 17
w 20 3
w 20 4
w 20 5
w 20 6
w 20 7
w 20 8
w 20 9
w 20 10
w 20 11
w 20 12
w 20 13
w 20 14
w 20 15
w 20 16
w 20 17
w 20 18
w 21 1
w 21 3
w 21 4
w 21 5
w 21 6
w 21 7
w 21 8
w 21 9
w 21 10
w 21 11
w 21 12
w 21 13
w 21 14
w 21 15
w 21 16
w 21 17
w 22 4
w 22 5
w 22 6
w 22 7
w 22 8
w 22 9
w 22 10
w 22 11
w 22 12
w 22 13
w 22 15
w 22 16
w 22 18
w 23 2
w 23 3
w 23 4
w 23 5
w 23 6
w 23 7
w 23 8
w 23 9
w 23 10
w 23 11
w 23 12
w 23 13
w 24 1
w 24 2
w 24 3
w 24 4
w 24 5
w 24 6
w 24 7
w 24 8
w 24 9
w 24 10
w 24 11
w 24 17
w 24 18
w 25 2
w 25 3
w 25 4
w 25 5
w 25 6
w 25 7
w 25 8
w 25 9
w 25 10
w 25 11
w 25 12
w 25 13
w 25 14
w 25 15
w 25 16
w 25 17
w 25 18
w 26 3
w 26 4
w 26 5
w 26 6
w 26 7
w 26 8
w 26 9
w 26 10
w 26 11
w 26 12
w 26 13
w 26 14
w 26 15
w 26 16
w 26 17
w 26 18
w 27 1
w 27 2
w 27 3
w 27 4
w 27 5
w 27 6
w 27 7
w 27 8
w 27 9
w 27 10
w 27 11
w 27 12
w 27 13
w 27 14
w 27 15
w 27 16
w 27 17
w 27 18
w 28 2
w 28 3
w 28 4
w 28 5
w 28 6
w 28 7
w 28 8
w 28 9
w 28 10
w 28 11
w 28 12
w 28 13
w 28 14
w 28 15
w 28 16
w 28 17
w 29 1
w 29 4
w 29 5
w 29 6
w 29 7
w 29 8
w 29 9
w 29 10
w 29 11
w 29 12
w 29 13
w 29 14
w 29 15
w 29 16
w 30 3
w 30 4
w 30 5
w 30 6
w 30 7
w 30 8
w 30 9
w 30 10
w 30 11
w 30 12
w 30 13
w 30 14
w 30 15
w 30 16
w 30 17
w 31 1
w 31 4
w 31 6
w 31 7
w 31 8
w 31 9
w 31 10
w 31 11
w 31 12
w 31 13
w 31 14
w 31 15
w 31 16
w 31 17
w 32 4
w 32 6
w 32 7
w 32 8
w 32 9
w 32 10
w 32 11
w 32 12
w 32 13
w 32 16
w 32 17
w 32 18
w 33 1
w 33 2
w 33 4
w 33 6
w 33 7
w 33 8
w 33 10
w 33 11
w 33 12
w 33 13
w 33 16
w 33 17
w 33 18
p 23 1
p 8 17
p 1 5
p 0 0
p 11 0
p 16 0
p 5 1
p 12 19
p 3 3
p 26 19
p 31 3
p 34 2
p 19 2
t 1400 0
m 1 19
0 33 0
1 33 0
2 33 0
t 1399 0
m 2 19
0 32 0
1 32 0
2 34 0
t 1398 0
m 3 19
0 31 0
1 31 0
2 34 1
t 1397 0
m 4 19
0 30 0
1 30 0
2 34 2
t 1396 0
m 5 19
0 29 0
1 29 0
2 34 3
t 1395 0
m 6 19
0 28 0
1 28 0
2 34 4
t 1394 0
m 7 19
0 27 0
1 27 0
2 34 5
t 1393 0
m 8 19
0 26 0
1 26 0
2 34 6
t 1392 0
m 9 19
0 25 0
1 25 0
2 34 7
t 1391 0
m 9 18
0 24 0
1 24 0
2 34 8
t 1390 0
m 9 17
0 23 0
1 23 0
2 34 9
t 1389 0
m 8 17
0 22 0
1 22 0
2 33 9
t 1388 7
m 9 17
0 21 0
1 21 0
2 34 9
t 1387 7
m 9 18
0 20 0
1 20 0
2 34 10
t 1386 7
m 9 19
0 19 0
1 19 0
2 34 11
t 1385 7
m 10 19
0 18 0
1 18 0
2 34 12
t 1384 7
m 11 19
0 17 0
1 17 0
2 34 13
t 1383 7
m 12 19
0 16 0
1 16 0
2 34 14
f 28 1
t 1382 15
m 13 19
0 15 0
1 15 0
2 34 15
t 1381 15
m 14 19
0 14 0
1 14 0
2 34 16
t 1380 15
m 15 19
0 13 0
1 13 0
2 34 17
t 1379 15
m 16 19
0 12 0
1 12 0
2 34 18
t 1378 15
m 17 19
0 11 0
1 11 0
2 34 19
t 1377 15
m 18 19
0 12 0
1 10 0
2 33 19
t 1376 15
m 19 19
0 11 0
1 11 0
2 32 19
t 1375 15
m 20 19
0 10 0
1 10 0
2 31 19
t 1374 15
m 21 19
0 9 0
1 9 0
2 30 19
t 1373 15
m 22 19
0 8 0
1 8 0
2 29 19
t 1372 15
m 23 19
0 7 0
1 7 0
2 28 19
t 1371 15
m 22 19
0 6 0
1 6 0
2 27 19
t 1370 15
m 21 19
0 5 0
1 5 0
2 26 19
t 1369 15
m 20 19
0 4 0
1 4 0
2 25 19
t 1368 15
m 19 19
0 3 0
1 3 0
2 24 19
t 1367 15
m 18 19
0 2 0
1 2 0
2 23 19
t 1366 15
m 17 19
0 1 0
1 1 0
2 22 19
t 1365 15
m 16 19
0 0 0
1 0 0
2 23 19
t 1364 15
m 15 19
0 0 1
1 0 1
2 22 19
t 1363 15
m 14 19
0 0 2
1 0 2
2 21 19
t 1362 15
m 13 19
0 0 3
1 0 3
2 20 19
t 1361 15
m 12 19
0 0 4
1 0 4
2 19 19
t 1360 15
m 11 19
0 0 5
1 0 5
2 19 18
t 1359 15
m 10 19
0 0 6
1 0 6
2 18 18
t 1358 15
m 9 19
0 0 7
1 0 7
2 18 19
t 1357 15
m 8 19
0 0 8
1 0 8
2 17 19
t 1356 15
m 7 19
0 0 9
1 0 9
2 16 19
t 1355 15
m 6 19
0 0 10
1 0 10
2 15 19
t 1354 15
m 5 19
0 0 11
1 0 11
2 14 19
t 1353 15
m 4 19
0 0 12
1 0 12
2 13 19
t 1352 15
m 3 19
0 0 13
1 0 13
2 12 19
t 1351 15
m 2 19
0 0 14
1 0 14
2 11 19
t 1350 15
m 1 19
0 0 15
1 0 15
2 10 19
t 1349 15
m 1 19
0 0 16
1 0 16
2 9 19
t 1348 15
m 1 19
0 0 17
1 0 17
2 8 19
t 1347 15
m 1 19
0 0 18
1 0 18
2 7 19
t 1346 15
m 1 19
0 0 19
1 0 19
2 6 19
t 1345 15
m 1 19
0 1 19
1 1 19
2 5 19
t 1344 15
