35
20
m 0 19
0 34 0
1 34 0
2 34 0
w 0 0
w 0 1
w 1 3
w 1 4
w 1 8
w 1 12
w 1 13
w 1 15
w 1 17
w 2 0
w 2 1
w 2 6
w 2 8
w 2 9
w 2 13
w 2 14
w 2 15
w 2 17
w 2 18
w 3 3
w 3 4
w 3 5
w 3 14
w 3 15
w 3 18
w 4 0
w 4 5
w 4 7
w 4 10
w 4 12
w 4 13
w 4 17
w 4 18
w 5 0
w 5 1
w 5 3
w 5 4
w 5 5
w 5 6
w 5 7
w 5 8
w 5 9
w 5 10
w 5 11
w 5 12
w 5 13
w 5 14
w 5 16
w 5 17
w 5 18
w 6 3
w 6 4
w 6 5
w 6 6
w 6 7
w 6 8
w 6 9
w 6 10
w 6 11
w 6 12
w 6 13
w 6 14
w 6 17
w 6 18
w 7 5
w 7 6
w 7 7
w 7 8
w 7 9
w 7 10
w 7 11
w 7 12
w 7 13
w 7 14
w 7 15
w 7 18
w 8 0
w 8 3
w 8 4
w 8 5
w 8 6
w 8 7
w 8 8
w 8 9
w 8 10
w 8 11
w 8 12
w 8 13
w 8 17
w 8 18
w 9 0
w 9 1
w 9 4
w 9 5
w 9 6
w 9 7
w 9 8
w 9 9
w 9 10
w 9 11
w 9 12
w 9 13
w 9 14
w 9 16
w 9 17
w 9 18
w 10 0
w 10 1
w 10 3
w 10 4
w 10 5
w 10 6
w 10 7
w 10 8
w 10 9
w 10 10
w 10 11
w 10 12
w 10 13
w 10 14
w 10 15
w 10 18
w 11 0
w 11 1
w 11 3
w 11 4
w 11 5
w 11 6
w 11 7
w 11 8
w 11 9
w 11 10
w 11 11
w 11 12
w 11 13
w 11 14
w 11 15
w 11 16
w 12 0
w 12 1
w 12 5
w 12 6
w 12 7
w 12 8
w 12 9
w 12 10
w 12 11
w 12 12
w 12 13
w 12 14
w 12 18
w 13 0
w 13 5
w 13 6
w 13 7
w 13 8
w 13 9
w 13 10
w 13 11
w 13 12
w 13 13
w 13 14
w 13 15
w 13 16
w 14 0
w 14 1
w 14 3
w 14 4
w 14 8
w 14 10
w 14 12
w 14 13
w 14 14
w 14 15
w 14 16
w 15 0
w 15 1
w 15 5
w 15 10
w 15 13
w 15 14
w 15 15
w 15 17
w 15 18
w 16 0
w 16 1
w 16 3
w 16 5
w 16 11
w 16 13
w 16 14
w 16 15
w 16 17
w 16 18
w 17 0
w 17 3
w 17 5
w 17 9
w 17 10
w 17 14
w 17 15
w 18 0
w 18 1
w 18 3
w 18 5
w 18 8
w 18 9
w 18 10
w 18 11
w 18 13
w 18 14
w 18 15
w 18 16
w 18 17
w 18 18
w 19 0
w 19 1
w 19 4
w 19 5
w 19 9
w 19 11
w 19 13
w 19 14
w 19 15
w 19 16
w 19 18
w 20 0
w 20 1
w 20 3
w 20 5
w 20 8
w 20 11
w 20 14
w 21 0
w 21 1
w 21 5
w 21 9
w 21 13
w 22 0
w 22 1
w 22 6
w 22 11
w 22 13
w 22 15
w 22 17
w 23 0
w 23 5
w 23 8
w 23 11
w 23 12
w 23 13
w 23 14
w 23 15
w 23 16
w 23 17
w 23 18
w 24 0
w 24 1
w 24 7
w 24 8
w 24 9
w 24 11
w 24 12
w 24 13
w 24 14
w 24 15
w 24 16
w 24 17
w 25 0
w 25 3
w 25 5
w 25 6
w 25 7
w 25 8
w 25 9
w 25 11
w 25 12
w 25 13
w 25 14
w 25 15
w 25 16
w 25 17
w 25 18
w 26 0
w 26 5
w 26 6
w 26 7
w 26 8
w 26 13
w 26 14
w 26 15
w 26 16
w 26 17
w 27 4
w 27 5
w 27 6
w 27 7
w 27 9
w 27 12
w 27 13
w 27 14
w 27 15
w 27 16
w 27 17
w 27 18
w 28 3
w 28 5
w 28 6
w 28 11
w 28 12
w 28 13
w 28 14
w 28 15
w 28 16
w 28 17
w 28 18
w 29 0
w 29 1
w 29 5
w 29 6
w 29 7
w 29 8
w 29 9
w 29 10
w 29 11
w 29 12
w 29 13
w 29 14
w 29 15
w 29 16
w 29 17
w 30 0
w 30 1
w 30 4
w 30 6
w 30 7
w 30 8
w 30 9
w 30 10
w 30 11
w 30 12
w 30 13
w 30 14
w 30 18
w 31 1
w 31 6
w 31 7
w 31 8
w 31 9
w 31 10
w 31 11
w 31 12
w 31 17
w 32 1
w 32 3
w 32 6
w 32 7
w 32 8
w 32 9
w 32 10
w 32 11
w 32 12
w 32 13
w 32 16
w 33 1
w 33 4
w 33 5
w 33 6
w 33 7
w 33 11
w 33 15
w 33 17
w 33 18
p 33 10
p 1 5
p 4 9
p 21 19
p 7 16
p 11 19
p 16 9
p 20 13
p 28 9
p 3 0
p 23 9
p 31 13
p 0 2
p 18 6
p 26 9
p 34 15
p 14 11
t 1400 0
m 1 19
0 33 0
1 33 0
2 34 1
t 1399 0
m 2 19
0 32 0
1 34 0
2 34 2
t 1398 0
m 3 19
0 33 0
1 34 1
2 33 2
t 1397 0
m 4 19
0 34 0
1 34 2
2 32 2
t 1396 0
m 5 19
0 34 1
1 33 2
2 31 2
t 1395 0
m 6 19
0 34 2
1 32 2
2 30 2
t 1394 0
m 7 19
0 33 2
1 31 2
2 29 2
t 1393 0
m 8 19
0 32 2
1 30 2
2 28 2
t 1392 0
m 9 19
0 31 2
1 29 2
2 27 2
t 1391 0
m 10 19
0 30 2
1 28 2
2 26 2
t 1390 0
m 11 19
0 29 2
1 27 2
2 25 2
t 1389 5
m 12 19
0 28 2
1 26 2
2 24 2
t 1388 5
m 13 19
0 29 2
1 27 2
2 23 2
f 19 2
t 1387 5
m 14 19
0 30 2
1 28 2
2 22 2
t 1386 5
m 15 19
0 31 2
1 29 2
2 21 2
t 1385 5
m 16 19
0 32 2
1 30 2
2 20 2
t 1384 5
m 17 19
0 33 2
1 31 2
2 19 2
t 1383 5
m 18 19
0 33 3
1 32 2
2 18 2
t 1382 5
m 19 19
0 34 3
1 33 2
2 17 2
t 1381 5
m 20 19
0 34 4
1 33 3
2 16 2
t 1380 5
m 21 19
0 34 5
1 34 3
2 15 2
t 1379 11
m 22 19
0 34 6
1 34 4
2 14 2
t 1378 11
m 23 19
0 34 7
1 34 5
2 13 2
t 1377 11
m 24 19
0 34 8
1 34 6
2 12 2
t 1376 11
m 25 19
0 33 8
1 34 7
2 11 2
t 1375 11
m 26 19
0 33 9
1 34 8
2 10 2
t 1374 11
m 27 19
0 33 10
1 33 8
2 9 2
t 1373 11
m 28 19
0 34 10
1 33 9
2 8 2
t 1372 11
m 29 19
0 34 11
1 33 10
2 7 2
t 1371 11
m 30 19
0 34 12
1 34 10
2 6 2
t 1370 11
m 31 19
0 33 12
1 34 11
2 5 2
t 1369 11
m 32 19
0 33 13
1 34 12
2 4 2
t 1368 11
m 31 19
0 33 14
1 33 12
2 3 2
t 1367 11
m 30 19
0 34 14
1 33 13
2 2 2
t 1366 11
m 29 19
0 34 15
1 33 14
2 2 3
t 1365 11
m 28 19
0 34 16
1 34 14
2 2 4
t 1364 11
m 27 19
0 34 17
1 34 15
2 2 5
t 1363 11
m 26 19
0 34 18
1 34 16
2 1 5
t 1362 11
m 25 19
0 34 19
1 34 17
2 1 6
t 1361 11
m 24 19
0 33 19
1 34 18
2 1 7
t 1360 11
m 23 19
0 32 19
1 34 19
2 0 7
t 1359 11
m 22 19
0 31 19
1 33 19
2 0 8
t 1358 11
m 21 19
0 30 19
1 32 19
2 0 9
t 1357 11
m 20 19
0 29 19
1 31 19
2 0 10
t 1356 11
m 19 19
0 28 19
1 30 19
2 0 11
t 1355 11
m 18 19
0 27 19
1 29 19
2 0 12
t 1354 11
m 17 19
0 26 19
1 28 19
2 0 13
t 1353 11
m 16 19
0 25 19
1 27 19
2 0 14
t 1352 11
m 15 19
0 24 19
1 26 19
2 0 15
t 1351 11
m 14 19
0 23 19
1 25 19
2 0 16
t 1350 11
m 13 19
0 22 19
1 24 19
2 0 17
t 1349 11
m 12 19
0 21 19
1 23 19
2 0 18
t 1348 11
m 11 19
0 20 19
1 22 19
2 0 19
t 1347 11
m 10 19
0 19 19
1 21 19
2 1 19
t 1346 11
m 10 19
0 18 19
1 20 19
2 1 18
t 1345 11
m 9 19
0 17 19
1 19 19
2 1 19
t 1344 11
m 8 19
0 16 19
1 20 19
2 2 19
t 1343 11
m 7 19
0 15 19
1 19 19
2 3 19
t 1342 11
m 6 19
0 16 19
1 18 19
2 4 19
t 1341 11
m 6 19
0 15 19
1 17 19
2 5 19
t 1340 11
m 6 19
0 14 19
1 16 19
2 6 19
t 1339 11
