35
20
m 0 19
0 34 0
1 34 0
2 34 0
w 1 3
w 1 4
w 1 6
w 1 7
w 1 8
w 1 10
w 1 11
w 1 12
w 1 19
w 2 1
w 2 3
w 2 4
w 2 5
w 2 6
w 2 7
w 2 8
w 2 9
w 2 15
w 2 16
w 2 19
w 3 2
w 3 3
w 3 4
w 3 8
w 3 9
w 3 10
w 3 13
w 3 14
w 3 15
w 3 17
w 3 19
w 4 1
w 4 2
w 4 3
w 4 4
w 4 6
w 4 9
w 4 12
w 4 19
w 5 1
w 5 2
w 5 6
w 5 7
w 5 8
w 5 11
w 5 13
w 5 17
w 5 19
w 6 1
w 6 2
w 6 3
w 6 4
w 6 6
w 6 7
w 6 8
w 6 9
w 6 13
w 6 14
w 6 15
w 6 16
w 7 6
w 7 7
w 7 8
w 7 9
w 7 11
w 7 12
w 7 13
w 7 14
w 7 15
w 7 16
w 8 1
w 8 7
w 8 8
w 8 9
w 8 10
w 8 11
w 8 12
w 8 13
w 8 14
w 8 15
w 8 16
w 8 17
w 9 1
w 9 2
w 9 3
w 9 5
w 9 7
w 9 8
w 9 9
w 9 10
w 9 11
w 9 12
w 9 13
w 9 14
w 9 15
w 10 1
w 10 2
w 10 3
w 10 4
w 10 5
w 10 7
w 10 8
w 10 9
w 10 10
w 10 11
w 10 12
w 10 13
w 10 14
w 10 15
w 10 16
w 10 19
w 11 4
w 11 8
w 11 9
w 11 10
w 11 11
w 11 12
w 11 13
w 11 14
w 11 15
w 11 16
w 12 2
w 12 4
w 12 5
w 12 7
w 12 8
w 12 9
w 12 10
w 12 11
w 12 12
w 12 13
w 12 14
w 12 15
w 13 7
w 13 8
w 13 9
w 13 10
w 13 11
w 13 12
w 13 13
w 13 14
w 13 15
w 13 16
w 14 1
w 14 2
w 14 7
w 14 8
w 14 10
w 14 11
w 14 12
w 14 13
w 14 14
w 14 15
w 14 16
w 14 17
w 14 19
w 15 2
w 15 3
w 15 4
w 15 6
w 15 11
w 15 12
w 15 13
w 15 14
w 15 15
w 16 1
w 16 3
w 16 4
w 16 8
w 16 9
w 16 12
w 16 13
w 16 14
w 16 15
w 16 16
w 16 19
w 17 4
w 17 5
w 17 7
w 17 8
w 17 9
w 17 11
w 17 12
w 17 13
w 17 14
w 17 15
w 17 16
w 17 17
w 18 1
w 18 2
w 18 4
w 18 5
w 18 8
w 18 10
w 18 11
w 18 12
w 18 13
w 18 14
w 18 15
w 18 16
w 18 17
w 19 2
w 19 5
w 19 8
w 19 10
w 19 11
w 19 12
w 19 13
w 19 14
w 19 15
w 19 16
w 20 1
w 20 5
w 20 6
w 20 11
w 20 12
w 20 13
w 20 14
w 20 15
w 20 16
w 20 17
w 20 19
w 21 3
w 21 4
w 21 8
w 21 9
w 21 11
w 21 12
w 21 13
w 21 14
w 21 15
w 21 16
w 21 17
w 22 1
w 22 3
w 22 4
w 22 5
w 22 8
w 22 9
w 22 10
w 22 11
w 22 12
w 22 13
w 22 14
w 22 15
w 22 16
w 22 17
w 23 1
w 23 3
w 23 5
w 23 7
w 23 8
w 23 9
w 23 10
w 23 11
w 23 12
w 23 13
w 23 14
w 23 15
w 23 16
w 23 17
w 24 1
w 24 3
w 24 5
w 24 7
w 24 8
w 24 9
w 24 11
w 24 12
w 24 13
w 24 14
w 24 15
w 24 16
w 24 19
w 25 1
w 25 2
w 25 5
w 25 7
w 25 13
w 25 14
w 25 15
w 25 16
w 26 4
w 26 5
w 26 9
w 26 11
w 26 13
w 26 14
w 26 15
w 26 16
w 26 17
w 27 2
w 27 5
w 27 6
w 27 7
w 27 12
w 27 13
w 27 14
w 27 15
w 27 16
w 27 19
w 28 3
w 28 5
w 28 9
w 28 11
w 28 12
w 28 13
w 28 14
w 28 16
w 28 19
w 29 1
w 29 3
w 29 4
w 29 5
w 29 7
w 29 8
w 29 10
w 29 11
w 29 12
w 30 3
w 30 6
w 30 7
w 30 11
w 30 12
w 30 15
w 30 19
w 31 2
w 31 3
w 31 4
w 31 6
w 31 7
w 31 10
w 31 11
w 31 14
w 31 15
w 31 16
w 32 10
w 32 11
w 32 12
w 32 17
w 33 1
w 33 2
w 33 4
w 33 5
w 33 6
w 33 9
w 33 10
w 33 17
w 33 19
p 9 16
p 24 4
p 7 1
p 0 0
p 3 1
p 31 17
p 1 1
p 33 3
p 12 3
p 30 0
p 14 6
p 19 3
p 5 0
p 21 5
p 26 3
p 28 2
p 34 11
p 16 11
t 1400 0
m 0 18
0 33 0
1 34 1
2 33 0
t 1399 0
m 1 18
0 32 0
1 34 2
2 32 0
f 1 17
t 1398 0
m 2 18
0 31 0
1 34 3
2 31 0
t 1397 0
m 3 18
0 30 0
1 34 4
2 30 0
t 1396 0
m 4 18
0 29 0
1 34 5
2 29 0
t 1395 0
m 5 18
0 28 0
1 34 6
2 28 0
t 1394 0
m 6 18
0 27 0
1 34 7
2 27 0
t 1393 0
m 7 18
0 26 0
1 34 8
2 26 0
t 1392 0
m 8 18
0 25 0
1 34 9
2 25 0
t 1391 0
m 9 18
0 24 0
1 34 10
2 24 0
t 1390 0
m 9 17
0 23 0
1 34 11
2 23 0
t 1389 0
m 9 16
0 22 0
1 33 11
2 22 0
t 1388 5
m 9 17
0 21 0
1 33 12
2 21 0
t 1387 5
m 9 18
0 20 0
1 33 13
2 20 0
t 1386 5
m 8 18
0 19 0
1 32 13
2 19 0
t 1385 5
m 7 18
0 18 0
1 31 13
2 18 0
t 1384 5
m 6 18
0 17 0
1 30 13
2 17 0
t 1383 5
m 5 18
0 16 0
1 29 13
2 16 0
t 1382 5
m 4 18
0 15 0
1 29 14
2 15 0
t 1381 5
m 3 18
0 14 0
1 29 15
2 14 0
t 1380 5
m 2 18
0 13 0
1 29 16
2 13 0
t 1379 5
m 1 18
0 12 0
1 29 17
2 12 0
t 1378 5
m 1 17
0 11 0
1 28 17
2 11 0
t 1377 15
m 1 16
0 10 0
1 27 17
2 10 0
t 1376 15
m 1 15
0 9 0
1 27 18
2 9 0
t 1375 15
m 1 14
0 8 0
1 26 18
2 8 0
t 1374 15
m 1 13
0 7 0
1 25 18
2 7 0
t 1373 15
m 0 13
0 6 0
1 24 18
2 6 0
t 1372 15
m 0 12
0 5 0
1 23 18
2 5 0
t 1371 15
m 0 11
0 4 0
1 22 18
2 4 0
t 1370 15
m 0 10
0 3 0
1 21 18
2 3 0
t 1369 15
m 0 9
0 2 0
1 20 18
2 2 0
t 1368 15
m 0 8
0 1 0
1 19 18
2 1 0
t 1367 15
m 0 7
0 0 0
1 18 18
2 0 0
t 1366 15
m 0 6
0 0 1
1 17 18
2 0 1
t 1365 15
m 0 5
0 0 2
1 16 18
2 0 2
t 1364 15
m 0 5
0 0 1
1 15 18
2 0 3
t 1363 15
m 0 5
0 0 2
1 14 18
2 0 4
t 1362 15
m 0 5
0 0 3
1 13 18
2 0 5
t 1361 15
