35
20
m 0 19
0 34 0
1 34 0
2 34 0
w 1 3
w 1 5
w 1 6
w 1 9
w 1 10
w 1 11
w 1 16
w 1 18
w 2 0
w 2 4
w 2 5
w 2 6
w 2 7
w 2 11
w 2 13
w 2 14
w 2 15
w 2 16
w 2 17
w 3 3
w 3 4
w 3 5
w 3 6
w 3 9
w 3 11
w 3 12
w 3 13
w 3 14
w 3 15
w 3 16
w 3 17
w 3 18
w 4 2
w 4 3
w 4 4
w 4 5
w 4 6
w 4 7
w 4 8
w 4 9
w 4 10
w 4 11
w 4 12
w 4 13
w 4 14
w 4 15
w 4 16
w 4 17
w 4 18
w 5 0
w 5 2
w 5 3
w 5 4
w 5 7
w 5 8
w 5 9
w 5 10
w 5 11
w 5 12
w 5 13
w 5 14
w 5 15
w 5 16
w 5 17
w 6 0
w 6 2
w 6 3
w 6 4
w 6 8
w 6 9
w 6 10
w 6 11
w 6 12
w 6 16
w 7 0
w 7 5
w 7 8
w 7 9
w 7 10
w 7 11
w 7 12
w 7 14
w 7 16
w 8 0
w 8 4
w 8 7
w 8 12
w 8 15
w 8 17
w 9 0
w 9 3
w 9 4
w 9 8
w 9 9
w 9 14
w 9 18
w 10 0
w 10 7
w 10 8
w 10 9
w 10 10
w 10 11
w 10 12
w 10 15
w 11 3
w 11 4
w 11 5
w 11 14
w 11 16
w 11 18
w 12 3
w 12 4
w 12 6
w 12 10
w 12 11
w 12 12
w 12 13
w 12 14
w 12 16
w 12 17
w 13 0
w 13 2
w 13 3
w 13 4
w 13 8
w 13 11
w 13 12
w 13 18
w 14 2
w 14 5
w 14 7
w 14 10
w 14 11
w 14 12
w 14 13
w 14 14
w 14 16
w 14 17
w 14 18
w 15 0
w 15 4
w 15 5
w 15 6
w 15 7
w 15 8
w 15 11
w 15 12
w 15 16
w 15 17
w 15 18
w 16 0
w 16 2
w 16 4
w 16 5
w 16 6
w 16 7
w 16 8
w 16 10
w 16 11
w 16 12
w 16 13
w 16 16
w 16 17
w 17 5
w 17 6
w 17 7
w 17 8
w 17 9
w 17 10
w 17 11
w 17 12
w 17 13
w 17 17
w 18 0
w 18 2
w 18 4
w 18 5
w 18 6
w 18 7
w 18 8
w 18 9
w 18 10
w 18 11
w 18 12
w 18 14
w 18 15
w 19 0
w 19 2
w 19 3
w 19 4
w 19 5
w 19 6
w 19 7
w 19 8
w 19 9
w 19 10
w 19 11
w 19 12
w 19 15
w 19 16
w 20 4
w 20 5
w 20 6
w 20 7
w 20 8
w 20 9
w 20 10
w 20 11
w 20 12
w 20 13
w 21 0
w 21 2
w 21 4
w 21 5
w 21 6
w 21 7
w 21 8
w 21 9
w 21 10
w 21 11
w 21 12
w 21 13
w 21 14
w 21 15
w 21 16
w 21 17
w 21 18
w 22 2
w 22 3
w 22 4
w 22 5
w 22 6
w 22 7
w 22 8
w 22 9
w 22 10
w 22 11
w 22 16
w 22 17
w 22 18
w 23 3
w 23 4
w 23 5
w 23 6
w 23 7
w 23 8
w 23 9
w 23 10
w 23 12
w 23 14
w 23 17
w 23 18
w 24 0
w 24 2
w 24 3
w 24 4
w 24 5
w 24 6
w 24 7
w 24 8
w 24 10
w 24 14
w 24 15
w 24 18
w 25 0
w 25 4
w 25 5
w 25 6
w 25 7
w 25 8
w 25 12
w 25 13
w 25 14
w 25 15
w 26 0
w 26 2
w 26 3
w 26 5
w 26 6
w 26 7
w 26 11
w 26 14
w 26 17
w 27 0
w 27 3
w 27 8
w 27 15
w 27 16
w 27 17
w 27 18
w 28 0
w 28 2
w 28 5
w 28 11
w 28 12
w 28 13
w 28 15
w 28 16
w 28 17
w 29 2
w 29 3
w 29 4
w 29 7
w 29 9
w 29 10
w 29 11
w 29 12
w 29 13
w 29 15
w 29 16
w 29 17
w 29 18
w 30 0
w 30 3
w 30 4
w 30 5
w 30 6
w 30 7
w 30 8
w 30 10
w 30 11
w 30 12
w 30 13
w 30 14
w 30 17
w 31 4
w 31 5
w 31 6
w 31 7
w 31 13
w 31 14
w 31 15
w 31 17
w 31 18
w 32 0
w 32 4
w 32 6
w 32 7
w 32 8
w 32 9
w 32 10
w 32 13
w 32 14
w 32 17
w 33 3
w 33 4
w 33 7
w 33 13
w 33 15
w 33 18
p 9 16
p 23 1
p 0 0
p 1 1
p 6 14
p 15 1
p 20 1
p 29 0
p 3 0
p 31 10
p 34 12
p 8 6
p 27 6
p 25 11
p 11 8
p 33 8
p 13 5
p 17 4
t 1400 0
m 1 19
0 33 0
1 33 0
2 34 1
t 1399 0
m 2 19
0 33 1
1 33 1
2 33 1
t 1398 0
m 3 19
0 32 1
1 32 1
2 32 1
t 1397 0
m 4 19
0 31 1
1 31 1
2 31 1
t 1396 0
m 5 19
0 30 1
1 30 1
2 30 1
t 1395 0
m 6 19
0 29 1
1 29 1
2 29 1
t 1394 0
m 7 19
0 28 1
1 28 1
2 28 1
t 1393 0
m 8 19
0 27 1
1 27 1
2 27 1
f 4 0
t 1392 0
m 9 19
0 26 1
1 26 1
2 26 1
t 1391 0
m 10 19
0 25 1
1 25 1
2 25 1
t 1390 0
m 10 18
0 24 1
1 24 1
2 24 1
t 1389 0
m 10 17
0 23 1
1 23 1
2 23 1
t 1388 0
m 9 17
0 22 1
1 22 1
2 22 1
t 1387 0
m 9 16
0 21 1
1 21 1
2 21 1
t 1386 5
m 9 17
0 20 1
1 20 1
2 20 1
t 1385 5
m 10 17
0 19 1
1 19 1
2 19 1
t 1384 5
m 10 18
0 18 1
1 18 1
2 18 1
t 1383 5
m 10 19
0 17 1
1 17 1
2 17 1
t 1382 5
m 9 19
0 16 1
1 16 1
2 16 1
t 1381 5
m 8 19
0 15 1
1 15 1
2 15 1
t 1380 5
m 7 19
0 14 1
1 14 1
2 14 1
t 1379 5
m 6 19
0 13 1
1 13 1
2 13 1
t 1378 5
m 5 19
0 12 1
1 12 1
2 12 1
t 1377 5
m 4 19
0 11 1
1 11 1
2 11 1
t 1376 5
m 3 19
0 10 1
1 10 1
2 10 1
t 1375 5
m 2 19
0 9 1
1 9 1
2 9 1
t 1374 5
m 1 19
0 8 1
1 8 1
2 9 2
t 1373 5
m 0 19
0 7 1
1 7 1
2 8 2
t 1372 5
m 0 18
0 6 1
1 6 1
2 7 2
t 1371 5
m 0 17
0 5 1
1 5 1
2 7 1
t 1370 5
m 0 16
0 4 1
1 4 1
2 6 1
t 1369 5
m 0 15
0 3 1
1 3 1
2 5 1
t 1368 5
m 0 14
0 2 1
1 2 1
2 4 1
t 1367 5
m 0 13
0 1 1
1 1 1
2 3 1
t 1366 5
m 0 12
0 0 1
1 0 1
2 2 1
t 1365 5
m 0 11
0 0 2
1 0 2
2 1 1
t 1364 5
m 0 12
0 0 3
1 0 3
2 0 1
t 1363 5
m 0 13
0 0 4
1 0 4
2 0 2
t 1362 5
m 0 14
0 0 5
1 0 5
2 0 3
t 1361 5
m 0 15
0 0 6
1 0 6
2 0 4
t 1360 5
m 0 16
0 0 7
1 0 7
2 0 5
t 1359 5
m 0 17
0 0 8
1 0 8
2 0 6
t 1358 5
m 0 18
0 0 9
1 0 9
2 0 7
t 1357 5
m 0 19
0 0 10
1 0 10
2 0 8
t 1356 5
m 1 19
0 0 11
1 0 11
2 0 9
t 1355 5
m 2 19
0 0 12
1 0 12
2 0 10
t 1354 5
m 3 19
0 0 13
1 1 12
2 0 11
t 1353 5
m 4 19
0 0 12
1 1 13
2 0 12
t 1352 5
m 5 19
0 0 13
1 1 14
2 1 12
t 1351 5
m 6 19
0 0 14
1 1 15
2 1 13
t 1350 5
m 7 19
0 1 14
1 0 15
2 1 14
t 1349 5
m 8 19
0 1 15
1 0 16
2 1 15
t 1348 5
m 9 19
0 0 15
1 0 15
2 0 15
t 1347 5
m 10 19
0 0 16
1 0 16
2 0 16
t 1346 5
m 11 19
0 0 17
1 0 17
2 0 17
t 1345 5
m 12 19
0 0 18
1 0 18
2 0 18
t 1344 5
m 13 19
0 0 19
1 0 19
2 0 19
t 1343 5
m 14 19
0 1 19
1 1 19
2 1 19
t 1342 5
m 15 19
0 2 19
1 2 19
2 2 19
t 1341 5
m 16 19
0 3 19
1 3 19
2 3 19
t 1340 5
m 17 19
0 4 19
1 4 19
2 4 19
t 1339 5
m 18 19
0 5 19
1 5 19
2 5 19
t 1338 5
m 19 19
0 6 19
1 6 19
2 6 19
t 1337 5
m 20 19
0 7 19
1 7 19
2 7 19
t 1336 5
m 21 19
0 8 19
1 8 19
2 8 19
t 1335 5
m 22 19
0 9 19
1 9 19
2 9 19
t 1334 5
m 23 19
0 10 19
1 8 19
2 10 19
t 1333 5
m 24 19
0 11 19
1 9 19
2 11 19
t 1332 5
m 25 19
0 12 19
1 10 19
2 12 19
t 1331 5
m 25 18
0 11 19
1 11 19
2 13 19
t 1330 5
m 25 17
0 12 19
1 12 19
2 14 19
t 1329 5
m 25 16
0 13 19
1 13 19
2 15 19
t 1328 5
m 24 16
0 14 19
1 14 19
2 16 19
t 1327 5
m 23 16
0 15 19
1 13 19
2 17 19
t 1326 5
m 23 15
0 16 19
1 14 19
2 18 19
t 1325 5
m 22 15
0 17 19
1 15 19
2 18 18
t 1324 5
m 22 14
0 18 19
1 16 19
2 19 18
t 1323 5
m 22 13
0 19 19
1 17 19
2 20 18
t 1322 5
m 23 13
0 20 19
1 18 19
2 20 19
t 1321 5
m 24 13
0 21 19
1 19 19
2 21 19
t 1320 5
m 24 12
0 22 19
1 18 19
2 22 19
t 1319 5
m 24 11
0 23 19
1 19 19
2 23 19
t 1318 5
m 25 11
0 22 19
1 20 19
2 24 19
t 1317 11
m 25 10
0 23 19
1 21 19
2 25 19
t 1316 11
m 25 9
0 24 19
1 22 19
2 25 18
t 1315 11
m 26 9
0 25 19
1 23 19
2 25 17
t 1314 11
m 27 9
0 25 18
1 24 19
2 25 16
t 1313 11
m 28 9
0 25 17
1 25 19
2 24 16
t 1312 11
m 28 8
0 25 16
1 25 18
2 23 16
t 1311 11
m 28 7
0 24 16
1 25 17
2 23 15
t 1310 11
m 27 7
0 23 16
1 25 16
2 22 15
t 1309 11
m 27 6
0 23 15
1 24 16
2 22 14
t 1308 16
m 27 6
0 22 15
1 23 16
2 22 13
t 1307 16
m 27 6
0 22 14
1 23 15
2 23 13
t 1306 16
m 27 6
0 22 13
1 22 15
2 24 13
t 1305 16
m 27 6
0 23 13
1 22 14
2 24 12
t 1304 16
m 27 6
0 24 13
1 22 13
2 24 11
t 1303 16
m 27 6
0 24 12
1 23 13
2 25 11
t 1302 16
m 27 6
0 24 11
1 24 13
2 25 10
t 1301 16
m 27 6
0 25 11
1 24 12
2 25 9
t 1300 16
m 27 6
0 25 10
1 24 11
2 26 9
t 1299 16
m 27 6
0 25 9
1 25 11
2 27 9
t 1298 16
m 27 6
0 26 9
1 25 10
2 28 9
t 1297 16
m 27 6
0 27 9
1 25 9
2 28 8
t 1296 16
m 27 6
0 28 9
1 26 9
2 28 7
t 1295 16
m 27 6
0 28 8
1 27 9
2 27 7
t 1294 16
m 27 6
0 28 7
1 28 9
2 27 6
t 1293 16
