35
20
m 0 19
0 34 0
1 34 0
2 34 0
w 0 2
w 0 3
w 0 4
w 0 5
w 0 6
w 0 7
w 0 9
w 0 10
w 0 13
w 0 15
w 0 18
w 1 1
w 1 2
w 2 2
w 2 3
w 2 5
w 2 6
w 2 12
w 2 13
w 2 17
w 3 2
w 3 3
w 3 4
w 3 5
w 3 6
w 3 7
w 3 10
w 3 11
w 3 12
w 3 13
w 3 16
w 4 4
w 4 5
w 4 6
w 4 7
w 4 9
w 4 11
w 4 12
w 4 13
w 4 14
w 4 15
w 4 18
w 5 0
w 5 6
w 5 15
w 5 16
w 5 18
w 6 0
w 6 1
w 6 2
w 6 3
w 6 7
w 6 11
w 6 14
w 6 15
w 7 0
w 7 1
w 7 2
w 7 5
w 7 9
w 7 10
w 7 11
w 7 13
w 7 14
w 7 15
w 7 16
w 7 17
w 7 18
w 8 0
w 8 1
w 8 2
w 8 6
w 8 9
w 8 11
w 8 13
w 8 14
w 8 15
w 8 16
w 8 17
w 9 0
w 9 1
w 9 2
w 9 3
w 9 4
w 9 5
w 9 6
w 9 12
w 9 13
w 9 14
w 9 15
w 9 16
w 9 17
w 9 18
w 10 0
w 10 1
w 10 2
w 10 3
w 10 4
w 10 7
w 10 10
w 10 11
w 10 12
w 10 13
w 10 14
w 10 15
w 10 16
w 10 17
w 10 18
w 11 0
w 11 1
w 11 2
w 11 3
w 11 4
w 11 5
w 11 7
w 11 9
w 11 10
w 11 11
w 11 12
w 11 13
w 11 14
w 11 15
w 11 16
w 11 17
w 12 0
w 12 3
w 12 4
w 12 5
w 12 7
w 12 9
w 12 10
w 12 11
w 12 12
w 12 13
w 12 14
w 12 15
w 12 16
w 12 17
w 12 18
w 13 2
w 13 3
w 13 4
w 13 9
w 13 10
w 13 11
w 13 12
w 13 13
w 13 14
w 13 15
w 13 16
w 13 17
w 14 2
w 14 3
w 14 6
w 14 7
w 14 10
w 14 11
w 14 12
w 14 13
w 14 14
w 14 15
w 14 16
w 14 17
w 15 3
w 15 4
w 15 6
w 15 7
w 15 9
w 15 10
w 15 11
w 15 12
w 15 13
w 15 14
w 15 15
w 15 16
w 15 17
w 16 0
w 16 4
w 16 6
w 16 7
w 16 9
w 16 10
w 16 11
w 16 12
w 16 13
w 16 14
w 16 15
w 16 16
w 17 0
w 17 1
w 17 2
w 17 5
w 17 9
w 17 10
w 17 11
w 17 12
w 17 13
w 17 14
w 17 15
w 17 16
w 18 0
w 18 3
w 18 5
w 18 6
w 18 7
w 18 12
w 18 13
w 18 14
w 18 15
w 18 16
w 18 17
w 19 3
w 19 5
w 19 11
w 19 12
w 19 13
w 19 14
w 19 15
w 19 16
w 20 1
w 20 3
w 20 10
w 20 11
w 20 12
w 20 13
w 20 14
w 20 15
w 20 16
w 20 18
w 21 1
w 21 2
w 21 5
w 21 11
w 21 12
w 21 13
w 21 14
w 21 15
w 21 16
w 21 18
w 22 3
w 22 4
w 22 5
w 22 6
w 22 10
w 22 11
w 22 12
w 22 13
w 22 14
w 22 15
w 22 17
w 22 18
w 23 0
w 23 2
w 23 3
w 23 4
w 23 5
w 23 7
w 23 12
w 23 13
w 23 14
w 24 2
w 24 3
w 24 4
w 24 9
w 24 15
w 24 17
w 24 18
w 25 2
w 25 3
w 25 4
w 25 6
w 25 9
w 25 10
w 25 12
w 25 13
w 25 15
w 25 16
w 26 1
w 26 2
w 26 3
w 26 4
w 26 9
w 26 14
w 26 15
w 26 16
w 27 1
w 27 2
w 27 3
w 27 4
w 27 5
w 27 6
w 27 7
w 27 9
w 27 12
w 27 14
w 27 15
w 27 16
w 27 17
w 28 2
w 28 3
w 28 9
w 28 10
w 28 12
w 28 13
w 28 15
w 28 16
w 29 0
w 29 3
w 29 5
w 29 6
w 29 7
w 30 0
w 30 1
w 30 7
w 30 8
w 30 10
w 30 11
w 30 14
w 30 18
w 30 19
w 31 0
w 31 3
w 31 4
w 31 9
w 31 10
w 31 12
w 31 14
w 31 17
w 31 18
w 31 19
w 32 0
w 32 4
w 32 5
w 32 6
w 32 8
w 32 14
w 32 19
w 33 2
w 33 3
w 33 4
w 33 5
w 33 6
w 33 7
w 33 8
w 33 12
w 33 14
w 33 15
w 33 16
w 34 1
w 34 2
w 34 3
w 34 4
w 34 5
w 34 6
w 34 10
w 34 11
w 34 12
w 34 14
w 34 15
w 34 16
w 34 18
p 15 8
p 24 1
p 0 0
p 3 1
p 31 2
p 5 4
p 1 14
p 13 0
p 32 17
p 20 0
p 25 18
p 27 19
p 29 12
p 6 16
p 18 2
p 22 0
p 9 7
t 1400 0
m 1 19
0 33 0
1 33 0
2 33 0
t 1399 0
m 1 18
0 33 1
1 33 1
2 33 1
t 1398 0
m 1 17
0 32 1
1 32 1
2 32 1
t 1397 0
m 1 16
0 31 1
1 31 1
2 31 1
t 1396 0
m 1 15
0 31 2
1 31 2
2 31 2
t 1395 0
m 1 14
0 30 2
1 30 2
2 30 2
t 1394 5
m 1 15
0 30 3
1 30 3
2 30 3
t 1393 5
m 1 16
0 30 4
1 30 4
2 30 4
t 1392 5
m 1 17
0 29 4
1 29 4
2 29 4
t 1391 5
m 1 18
0 28 4
1 28 4
2 28 4
t 1390 5
m 2 18
0 28 5
1 28 5
2 28 5
t 1389 5
m 3 18
0 28 6
1 28 6
2 28 6
t 1388 5
m 3 17
0 28 7
1 28 7
2 28 7
t 1387 5
m 4 17
0 28 8
1 28 8
2 28 8
t 1386 5
m 5 17
0 27 8
1 27 8
2 27 8
t 1385 5
m 6 17
0 26 8
1 26 8
2 26 8
t 1384 5
m 6 16
0 26 7
1 27 8
2 27 8
f 4 0
t 1383 11
m 6 17
0 26 8
1 28 8
2 28 8
t 1382 11
m 5 17
0 25 8
1 29 8
2 29 8
t 1381 11
m 4 17
0 24 8
1 29 9
2 29 9
t 1380 11
m 3 17
0 23 8
1 29 10
2 29 10
t 1379 11
m 3 18
0 22 8
1 29 11
2 29 11
t 1378 11
m 2 18
0 21 8
1 29 12
2 29 12
t 1377 11
m 1 18
0 20 8
1 29 13
2 29 13
t 1376 11
m 1 17
0 19 8
1 29 14
2 29 14
t 1375 11
m 1 16
0 18 8
1 29 15
2 29 15
t 1374 11
m 1 15
0 17 8
1 29 16
2 29 16
t 1373 11
m 1 14
0 16 8
1 29 17
2 29 17
t 1372 11
m 1 13
0 15 8
1 28 17
2 28 17
t 1371 11
m 1 12
0 14 8
1 28 18
2 28 18
t 1370 11
m 1 11
0 13 8
1 27 18
2 27 18
t 1369 11
m 1 10
0 12 8
1 26 18
2 26 18
t 1368 11
m 1 9
0 11 8
1 25 18
2 25 18
t 1367 11
m 1 8
0 10 8
1 25 19
2 25 19
t 1366 11
m 2 8
0 9 8
1 24 19
2 24 19
t 1365 11
m 3 8
0 8 8
1 23 19
2 23 19
t 1364 11
m 4 8
0 7 8
1 22 19
2 22 19
t 1363 11
m 4 8
0 6 8
1 21 19
2 21 19
t 1362 11
m 4 8
0 5 8
1 20 19
2 20 19
t 1361 11
m 4 8
0 4 8
1 19 19
2 19 19
t 1360 11
