35
20
m 0 19
0 34 0
1 34 0
2 34 0
w 1 3
w 1 9
w 1 11
w 1 12
w 1 13
w 1 14
w 1 16
w 1 17
w 1 18
w 2 2
w 2 3
w 2 4
w 2 7
w 2 10
w 2 11
w 2 12
w 2 15
w 2 16
w 2 17
w 2 18
w 3 1
w 3 2
w 3 3
w 3 4
w 3 5
w 3 8
w 3 16
w 3 17
w 3 18
w 4 2
w 4 3
w 4 4
w 4 5
w 4 6
w 4 7
w 4 8
w 4 10
w 4 13
w 4 15
w 4 16
w 4 17
w 4 18
w 5 3
w 5 4
w 5 5
w 5 6
w 5 7
w 5 8
w 5 10
w 5 13
w 5 14
w 5 15
w 5 16
w 5 17
w 5 18
w 6 1
w 6 3
w 6 4
w 6 5
w 6 6
w 6 7
w 6 11
w 6 12
w 6 13
w 6 14
w 6 15
w 6 16
w 6 17
w 6 18
w 7 5
w 7 6
w 7 7
w 7 8
w 7 9
w 7 11
w 7 12
w 7 13
w 7 14
w 7 15
w 7 16
w 7 17
w 7 18
w 8 2
w 8 5
w 8 6
w 8 7
w 8 8
w 8 9
w 8 10
w 8 11
w 8 12
w 8 13
w 8 14
w 8 15
w 8 16
w 8 17
w 8 18
w 9 3
w 9 4
w 9 5
w 9 6
w 9 7
w 9 8
w 9 9
w 9 10
w 9 11
w 9 12
w 9 13
w 9 14
w 9 15
w 9 16
w 9 17
w 10 1
w 10 3
w 10 4
w 10 5
w 10 6
w 10 7
w 10 8
w 10 9
w 10 10
w 10 11
w 10 12
w 10 13
w 10 14
w 10 15
w 10 16
w 11 1
w 11 5
w 11 6
w 11 7
w 11 8
w 11 9
w 11 10
w 11 11
w 11 12
w 11 13
w 11 14
w 11 15
w 11 16
w 11 18
w 12 1
w 12 2
w 12 3
w 12 4
w 12 5
w 12 6
w 12 7
w 12 8
w 12 9
w 12 10
w 12 11
w 12 12
w 12 13
w 13 1
w 13 2
w 13 3
w 13 4
w 13 5
w 13 6
w 13 7
w 13 8
w 13 9
w 13 10
w 13 11
w 13 13
w 13 17
w 13 18
w 14 2
w 14 3
w 14 4
w 14 5
w 14 6
w 14 7
w 14 8
w 14 9
w 14 10
w 14 11
w 14 16
w 14 17
w 14 18
w 15 1
w 15 2
w 15 3
w 15 4
w 15 5
w 15 6
w 15 7
w 15 8
w 15 9
w 15 10
w 15 11
w 15 13
w 15 16
w 15 17
w 16 1
w 16 2
w 16 3
w 16 4
w 16 5
w 16 6
w 16 7
w 16 8
w 16 9
w 16 10
w 16 11
w 16 13
w 16 15
w 16 16
w 16 17
w 16 18
w 17 1
w 17 2
w 17 3
w 17 4
w 17 5
w 17 6
w 17 9
w 17 10
w 17 11
w 17 15
w 17 16
w 17 17
w 17 18
w 18 1
w 18 2
w 18 3
w 18 4
w 18 6
w 18 8
w 18 9
w 18 15
w 18 16
w 18 17
w 18 18
w 19 3
w 19 9
w 19 10
w 19 11
w 19 13
w 19 14
w 19 15
w 19 16
w 19 17
w 20 3
w 20 4
w 20 6
w 20 8
w 20 9
w 20 10
w 20 11
w 20 12
w 20 14
w 20 15
w 20 16
w 20 17
w 20 18
w 21 1
w 21 6
w 21 8
w 21 11
w 21 14
w 21 15
w 21 16
w 22 1
w 22 2
w 22 3
w 22 7
w 22 8
w 22 14
w 22 15
w 22 17
w 23 1
w 23 2
w 23 3
w 23 5
w 23 8
w 23 9
w 23 13
w 23 17
w 24 5
w 24 8
w 24 17
w 24 18
w 25 1
w 25 5
w 25 6
w 25 7
w 25 8
w 25 9
w 25 10
w 25 11
w 25 12
w 25 14
w 25 16
w 25 17
w 26 3
w 26 8
w 26 9
w 26 14
w 26 18
w 27 1
w 27 2
w 27 3
w 27 4
w 27 5
w 27 7
w 27 13
w 27 14
w 27 16
w 28 3
w 28 4
w 28 5
w 28 7
w 28 10
w 28 11
w 28 12
w 28 14
w 28 15
w 28 16
w 28 17
w 28 18
w 29 1
w 29 3
w 29 4
w 29 5
w 29 6
w 29 7
w 29 8
w 29 12
w 29 18
w 30 1
w 30 4
w 30 5
w 30 6
w 30 7
w 30 8
w 30 9
w 30 14
w 30 15
w 30 16
w 30 17
w 30 18
w 31 1
w 31 3
w 31 5
w 31 6
w 31 7
w 31 8
w 31 9
w 31 10
w 31 13
w 31 14
w 31 15
w 31 16
w 32 1
w 32 2
w 32 5
w 32 6
w 32 8
w 32 9
w 32 11
w 32 14
w 32 15
w 32 16
w 33 1
w 33 3
w 33 5
w 33 6
w 33 8
w 33 11
w 33 13
w 33 14
w 33 15
w 33 17
w 33 18
p 27 8
p 8 4
p 15 14
p 0 0
p 24 1
p 12 15
p 1 1
p 29 10
p 20 13
p 25 15
p 33 12
p 18 12
p 22 10
p 34 18
p 3 6
p 5 9
p 31 12
t 1400 0
m 0 18
0 33 0
1 33 0
2 33 0
f 27 6
t 1399 0
m 0 17
0 32 0
1 32 0
2 32 0
t 1398 0
m 0 16
0 31 0
1 31 0
2 31 0
t 1397 0
m 0 15
0 30 0
1 30 0
2 30 0
t 1396 0
m 0 14
0 29 0
1 29 0
2 29 0
t 1395 0
m 0 13
0 28 0
1 28 0
2 28 0
t 1394 0
m 0 12
0 27 0
1 27 0
2 27 0
t 1393 0
m 0 11
0 26 0
1 26 0
2 26 0
t 1392 0
m 0 10
0 25 0
1 25 0
2 25 0
t 1391 0
m 0 9
0 24 0
1 24 0
2 24 0
t 1390 0
m 0 8
0 23 0
1 23 0
2 24 1
t 1389 0
m 0 7
0 22 0
1 22 0
2 24 2
t 1388 0
m 0 6
0 21 0
1 21 0
2 24 1
t 1387 0
m 1 6
0 20 0
1 20 0
2 24 0
t 1386 0
m 2 6
0 19 0
1 19 0
2 23 0
t 1385 0
m 3 6
0 18 0
1 18 0
2 22 0
t 1384 5
m 2 6
0 17 0
1 17 0
2 21 0
t 1383 5
m 1 6
0 16 0
1 16 0
2 20 0
t 1382 5
m 1 5
0 15 0
1 15 0
2 19 0
t 1381 5
m 1 4
0 14 0
1 14 0
2 18 0
t 1380 5
m 0 4
0 13 0
1 13 0
2 17 0
t 1379 5
m 0 3
0 12 0
1 12 0
2 16 0
t 1378 5
m 0 2
0 13 0
1 11 0
2 15 0
t 1377 5
m 0 1
0 12 0
1 10 0
2 14 0
t 1376 5
m 1 1
0 11 0
1 9 0
2 13 0
t 1375 11
m 0 1
0 10 0
1 8 0
2 12 0
t 1374 11
m 0 0
0 9 0
1 7 0
2 11 0
t 1373 17
m 0 1
0 8 0
1 6 0
2 10 0
t 1372 17
m 0 2
0 7 0
1 5 0
2 9 0
t 1371 17
m 0 3
0 6 0
1 4 0
2 8 0
t 1370 17
m 0 4
0 5 0
1 3 0
2 7 0
t 1369 17
m 0 5
0 4 0
1 2 0
2 7 1
t 1368 17
m 0 6
0 3 0
1 1 0
2 7 2
t 1367 17
m 0 7
0 2 0
1 0 0
2 6 2
t 1366 17
m 0 8
0 1 0
1 0 1
2 5 2
t 1365 17
m 1 8
0 0 0
1 0 0
2 5 1
t 1364 17
m 2 8
0 0 1
1 0 1
2 4 1
t 1363 17
m 2 9
0 0 2
1 0 2
2 4 0
t 1362 17
m 3 9
0 0 3
1 1 2
2 3 0
t 1361 17
m 4 9
0 0 4
1 1 1
2 2 0
t 1360 17
m 5 9
0 0 5
1 1 2
2 2 1
t 1359 23
m 4 9
0 0 6
1 0 2
2 1 1
t 1358 23
m 3 9
0 0 7
1 0 3
2 1 2
t 1357 23
m 2 9
0 0 8
1 0 4
2 0 2
t 1356 23
m 2 9
0 1 8
1 0 5
2 0 3
t 1355 23
m 2 9
0 2 8
1 0 6
2 0 4
t 1354 23
m 2 9
0 2 9
1 0 7
2 0 5
t 1353 23
