35
20
m 0 19
0 34 0
1 34 0
2 34 0
w 1 1
w 1 2
w 1 3
w 1 4
w 1 5
w 1 9
w 1 11
w 1 13
w 1 14
w 1 16
w 1 17
w 2 1
w 2 2
w 2 5
w 2 7
w 2 8
w 2 9
w 2 11
w 2 12
w 2 13
w 2 17
w 2 18
w 3 1
w 3 5
w 3 10
w 3 16
w 4 1
w 4 5
w 4 6
w 4 8
w 4 10
w 4 13
w 4 17
w 5 1
w 5 2
w 5 8
w 5 9
w 5 11
w 5 12
w 5 13
w 5 14
w 5 16
w 5 18
w 6 1
w 6 2
w 6 3
w 6 5
w 6 13
w 6 14
w 6 16
w 7 1
w 7 2
w 7 3
w 7 5
w 7 6
w 7 8
w 7 9
w 7 10
w 7 14
w 7 16
w 7 17
w 7 18
w 8 2
w 8 3
w 8 4
w 8 5
w 8 9
w 8 10
w 8 12
w 8 13
w 8 14
w 8 15
w 8 17
w 8 18
w 9 2
w 9 3
w 9 4
w 9 5
w 9 6
w 9 8
w 9 9
w 9 10
w 9 11
w 9 12
w 9 13
w 9 14
w 10 1
w 10 2
w 10 3
w 10 4
w 10 5
w 10 6
w 10 7
w 10 8
w 10 9
w 10 10
w 10 11
w 10 15
w 10 16
w 10 18
w 11 1
w 11 4
w 11 5
w 11 6
w 11 7
w 11 8
w 11 9
w 11 10
w 11 13
w 11 14
w 11 18
w 12 1
w 12 3
w 12 4
w 12 5
w 12 6
w 12 7
w 12 8
w 12 9
w 12 10
w 12 11
w 12 14
w 12 16
w 13 4
w 13 5
w 13 6
w 13 7
w 13 8
w 13 9
w 13 13
w 13 14
w 13 15
w 13 16
w 13 17
w 13 18
w 14 1
w 14 2
w 14 3
w 14 4
w 14 5
w 14 6
w 14 7
w 14 8
w 14 9
w 14 13
w 14 14
w 14 17
w 15 1
w 15 2
w 15 3
w 15 4
w 15 5
w 15 6
w 15 7
w 15 8
w 15 9
w 15 11
w 15 14
w 15 17
w 15 18
w 16 2
w 16 3
w 16 4
w 16 5
w 16 6
w 16 7
w 16 8
w 16 9
w 16 10
w 16 11
w 16 13
w 16 14
w 17 3
w 17 4
w 17 5
w 17 6
w 17 7
w 17 8
w 17 10
w 17 11
w 17 16
w 17 17
w 18 2
w 18 3
w 18 4
w 18 5
w 18 6
w 18 7
w 18 17
w 19 3
w 19 4
w 19 5
w 19 6
w 19 9
w 19 12
w 19 16
w 20 1
w 20 2
w 20 3
w 20 4
w 20 5
w 20 6
w 20 8
w 20 14
w 20 16
w 20 17
w 20 18
w 21 3
w 21 4
w 21 5
w 21 6
w 21 7
w 21 8
w 21 10
w 21 11
w 21 13
w 21 14
w 21 18
w 22 1
w 22 5
w 22 10
w 22 11
w 22 12
w 22 13
w 23 1
w 23 2
w 23 4
w 23 8
w 23 10
w 23 11
w 23 13
w 24 1
w 24 2
w 24 3
w 24 4
w 24 8
w 24 14
w 24 15
w 24 18
w 25 1
w 25 2
w 25 3
w 25 4
w 25 6
w 25 9
w 25 10
w 25 14
w 25 15
w 25 16
w 25 17
w 26 2
w 26 3
w 26 4
w 26 8
w 26 9
w 26 11
w 26 12
w 26 14
w 26 15
w 26 16
w 26 17
w 27 4
w 27 6
w 27 8
w 27 11
w 27 14
w 27 15
w 27 16
w 27 17
w 27 18
w 28 2
w 28 3
w 28 4
w 28 5
w 28 8
w 28 9
w 28 12
w 28 13
w 28 14
w 28 15
w 28 16
w 28 17
w 28 18
w 29 3
w 29 4
w 29 6
w 29 9
w 29 10
w 29 12
w 29 16
w 29 17
w 29 18
w 30 1
w 30 7
w 30 8
w 30 12
w 30 14
w 30 16
w 30 17
w 30 18
w 31 3
w 31 4
w 31 5
w 31 6
w 31 14
w 31 15
w 31 16
w 31 18
w 32 1
w 32 2
w 32 3
w 32 4
w 32 10
w 32 13
w 32 15
w 33 1
w 33 3
w 33 5
w 33 6
w 33 7
w 33 8
w 33 10
w 33 11
w 33 12
w 33 13
w 33 16
w 33 18
p 3 4
p 21 19
p 4 12
p 11 2
p 1 6
p 16 1
p 29 7
p 6 8
p 31 1
p 23 9
p 34 9
p 25 0
p 19 17
p 13 10
p 18 9
p 27 2
p 0 0
p 8 7
p 32 16
t 1400 0
m 0 18
0 34 1
1 33 0
2 33 0
t 1399 0
m 0 17
0 34 2
1 32 0
2 32 0
t 1398 0
m 0 16
0 34 3
1 31 0
2 31 0
t 1397 0
m 0 15
0 34 4
1 30 0
2 30 0
t 1396 0
m 1 15
0 34 5
1 29 0
2 29 0
t 1395 0
m 2 15
0 34 6
1 28 0
2 28 0
t 1394 0
m 2 14
0 34 7
1 27 0
2 27 0
t 1393 0
m 3 14
0 34 8
1 26 0
2 26 0
t 1392 0
m 3 13
0 34 9
1 25 0
2 25 0
t 1391 0
m 3 12
0 34 10
1 24 0
2 24 0
t 1390 0
m 4 12
0 34 11
1 23 0
2 23 0
t 1389 5
m 3 12
0 34 12
1 22 0
2 22 0
t 1388 5
m 3 13
0 34 13
1 21 0
2 21 0
t 1387 5
m 3 14
0 34 14
1 20 0
2 20 0
t 1386 5
m 2 14
0 34 15
1 19 0
2 19 0
t 1385 5
m 2 15
0 34 16
1 18 0
2 18 0
t 1384 5
m 1 15
0 34 17
1 17 0
2 17 0
t 1383 5
m 0 15
0 33 17
1 16 0
2 16 0
f 7 13
t 1382 5
m 0 14
0 32 17
1 15 0
2 15 0
t 1381 5
m 0 13
0 32 18
1 14 0
2 14 0
t 1380 5
m 0 12
0 32 19
1 13 0
2 13 0
t 1379 5
m 0 11
0 31 19
1 12 0
2 12 0
t 1378 5
m 0 10
0 30 19
1 11 0
2 11 0
t 1377 5
m 0 9
0 29 19
1 10 0
2 10 0
t 1376 5
m 0 8
0 28 19
1 9 0
2 9 0
t 1375 5
m 1 8
0 27 19
1 8 0
2 8 0
t 1374 5
m 1 7
0 26 19
1 7 0
2 7 0
t 1373 5
m 1 6
0 25 19
1 6 0
2 6 0
t 1372 10
m 2 6
0 24 19
1 5 0
2 5 0
t 1371 10
m 3 6
0 23 19
1 4 0
2 4 0
t 1370 10
m 3 7
0 22 19
1 3 0
2 3 0
t 1369 10
m 4 7
0 21 19
1 2 0
2 2 0
t 1368 10
m 5 7
0 20 19
1 1 0
2 3 0
t 1367 10
m 6 7
0 19 19
1 0 0
2 2 0
t 1366 10
m 6 8
0 18 19
1 0 1
2 1 0
t 1365 15
m 6 9
0 17 19
1 0 2
2 0 0
t 1364 15
m 6 10
0 16 19
1 0 3
2 0 1
t 1363 15
m 6 11
0 15 19
1 0 4
2 0 2
t 1362 15
m 6 12
0 14 19
1 0 5
2 0 3
t 1361 15
m 7 12
0 13 19
1 0 6
2 0 4
t 1360 15
m 7 13
0 12 19
1 1 6
2 0 5
t 1359 25
m 7 12
0 11 19
1 2 6
2 0 6
t 1358 25
m 7 11
0 10 19
1 3 6
2 1 6
t 1357 25
m 6 11
0 9 19
1 3 7
2 2 6
t 1356 25
m 6 10
0 8 19
1 4 7
2 3 6
t 1355 25
m 6 9
0 7 19
1 5 7
2 3 7
t 1354 25
m 6 8
0 6 19
1 6 7
2 4 7
t 1353 25
m 6 8
0 5 19
1 6 8
2 5 7
t 1352 25
