35
20
m 0 19
0 34 0
1 34 0
2 34 0
w 0 0
w 1 0
w 1 3
w 1 4
w 1 6
w 1 7
w 1 8
w 1 9
w 1 12
w 1 13
w 1 14
w 1 15
w 1 16
w 2 0
w 2 3
w 2 4
w 2 5
w 2 6
w 2 7
w 2 8
w 2 9
w 2 10
w 2 11
w 2 12
w 2 13
w 2 14
w 2 16
w 3 0
w 3 4
w 3 5
w 3 6
w 3 7
w 3 8
w 3 9
w 3 10
w 3 11
w 3 12
w 3 13
w 3 14
w 3 16
w 3 19
w 4 2
w 4 3
w 4 5
w 4 6
w 4 7
w 4 8
w 4 9
w 4 10
w 4 18
w 4 19
w 5 0
w 5 5
w 5 6
w 5 7
w 5 8
w 5 9
w 5 12
w 5 13
w 5 14
w 5 16
w 5 19
w 6 3
w 6 4
w 6 5
w 6 6
w 6 7
w 6 13
w 6 14
w 7 4
w 7 5
w 7 6
w 7 7
w 7 8
w 7 10
w 7 12
w 7 13
w 7 14
w 7 15
w 8 0
w 8 2
w 8 3
w 8 5
w 8 6
w 8 7
w 8 8
w 8 12
w 8 13
w 8 14
w 8 15
w 8 16
w 8 18
w 8 19
w 9 6
w 9 7
w 9 8
w 9 12
w 9 13
w 9 14
w 9 15
w 9 16
w 9 18
w 9 19
w 10 4
w 10 6
w 10 10
w 10 11
w 10 12
w 10 13
w 10 14
w 10 19
w 11 0
w 11 2
w 11 9
w 11 10
w 11 11
w 11 12
w 11 13
w 11 14
w 11 15
w 11 16
w 12 0
w 12 5
w 12 6
w 12 8
w 12 9
w 12 10
w 12 11
w 12 12
w 12 13
w 12 14
w 12 15
w 12 19
w 13 2
w 13 9
w 13 10
w 13 11
w 13 12
w 13 13
w 13 14
w 13 15
w 13 16
w 13 18
w 13 19
w 14 5
w 14 6
w 14 7
w 14 8
w 14 9
w 14 10
w 14 11
w 14 12
w 14 13
w 14 14
w 14 15
w 14 16
w 14 18
w 15 2
w 15 5
w 15 6
w 15 7
w 15 8
w 15 9
w 15 10
w 15 11
w 15 12
w 15 13
w 15 14
w 15 15
w 16 2
w 16 3
w 16 5
w 16 6
w 16 7
w 16 8
w 16 9
w 16 10
w 16 11
w 16 12
w 16 13
w 16 14
w 16 18
w 17 0
w 17 3
w 17 5
w 17 6
w 17 7
w 17 8
w 17 9
w 17 11
w 17 13
w 17 14
w 17 19
w 18 3
w 18 7
w 18 8
w 18 9
w 19 0
w 19 7
w 19 8
w 19 9
w 19 10
w 19 11
w 19 13
w 19 15
w 19 16
w 19 18
w 19 19
w 20 3
w 20 6
w 20 7
w 20 8
w 20 9
w 20 10
w 20 11
w 20 12
w 20 13
w 20 16
w 20 19
w 21 0
w 21 4
w 21 5
w 21 6
w 21 7
w 21 8
w 21 9
w 21 10
w 21 15
w 22 0
w 22 2
w 22 3
w 22 4
w 22 5
w 22 6
w 22 7
w 22 8
w 22 9
w 22 10
w 22 11
w 22 14
w 22 15
w 22 19
w 23 4
w 23 5
w 23 6
w 23 7
w 23 8
w 23 9
w 23 10
w 23 11
w 23 12
w 23 13
w 23 18
w 23 19
w 24 2
w 24 3
w 24 4
w 24 5
w 24 6
w 24 7
w 24 8
w 24 9
w 24 10
w 24 11
w 24 12
w 24 13
w 24 15
w 24 18
w 24 19
w 25 3
w 25 4
w 25 5
w 25 6
w 25 7
w 25 8
w 25 9
w 25 10
w 25 11
w 25 12
w 25 13
w 25 14
w 25 19
w 26 3
w 26 4
w 26 5
w 26 6
w 26 7
w 26 8
w 26 9
w 26 10
w 26 11
w 26 12
w 26 13
w 26 14
w 26 15
w 26 19
w 27 0
w 27 3
w 27 4
w 27 5
w 27 6
w 27 7
w 27 8
w 27 9
w 27 10
w 27 11
w 27 13
w 27 14
w 27 15
w 27 16
w 27 18
w 27 19
w 28 3
w 28 4
w 28 5
w 28 6
w 28 7
w 28 8
w 28 9
w 28 10
w 28 11
w 28 13
w 28 14
w 28 15
w 28 18
w 28 19
w 29 0
w 29 2
w 29 3
w 29 4
w 29 5
w 29 6
w 29 7
w 29 8
w 29 9
w 29 10
w 29 13
w 29 14
w 29 15
w 29 18
w 29 19
w 30 3
w 30 4
w 30 5
w 30 6
w 30 7
w 30 8
w 30 9
w 30 11
w 30 14
w 30 19
w 31 0
w 31 2
w 31 3
w 31 4
w 31 5
w 31 6
w 31 7
w 31 8
w 31 9
w 31 14
w 31 18
w 31 19
w 32 2
w 32 4
w 32 5
w 32 6
w 32 7
w 32 10
w 32 14
w 32 15
w 32 16
w 32 19
w 33 0
w 33 6
w 33 10
w 33 13
w 33 18
p 0 1
p 4 4
p 10 5
p 8 1
p 1 5
p 14 17
p 6 8
p 17 10
p 33 19
p 12 3
p 23 3
p 26 16
p 32 9
p 18 18
p 30 2
p 21 1
t 1400 0
m 0 18
0 34 1
1 34 1
2 34 1
t 1399 0
m 0 17
0 33 1
1 33 1
2 34 2
t 1398 0
m 0 16
0 32 1
1 32 1
2 33 2
f 6 0
t 1397 0
m 0 15
0 31 1
1 31 1
2 33 1
t 1396 0
m 0 14
0 30 1
1 30 1
2 32 1
t 1395 0
m 0 13
0 29 1
1 29 1
2 31 1
t 1394 0
m 0 12
0 28 1
1 28 1
2 30 1
t 1393 0
m 0 11
0 27 1
1 27 1
2 29 1
t 1392 0
m 0 10
0 26 1
1 26 1
2 28 1
t 1391 0
m 0 9
0 25 1
1 26 0
2 27 1
t 1390 0
m 0 8
0 24 1
1 26 1
2 26 1
t 1389 0
m 0 7
0 23 1
1 25 1
2 25 1
t 1388 0
m 0 6
0 22 1
1 24 1
2 24 1
t 1387 0
m 0 5
0 21 1
1 23 1
2 23 1
t 1386 0
m 0 4
0 20 1
1 22 1
2 22 1
t 1385 0
m 0 3
0 19 1
1 21 1
2 21 1
t 1384 0
m 0 2
0 20 1
1 20 1
2 20 1
t 1383 0
m 0 1
0 19 1
1 19 1
2 19 1
t 1382 6
m 1 1
0 18 1
1 18 1
2 18 1
t 1381 6
m 2 1
0 17 1
1 17 1
2 17 1
t 1380 6
m 3 1
0 16 1
1 16 1
2 16 1
t 1379 6
m 4 1
0 15 1
1 15 1
2 15 1
t 1378 6
m 5 1
0 14 1
1 14 1
2 14 1
t 1377 6
m 6 1
0 13 1
1 13 1
2 13 1
t 1376 6
m 6 0
0 12 1
1 12 1
2 12 1
t 1375 16
m 6 1
0 11 1
1 11 1
2 11 1
t 1374 16
m 5 1
0 10 1
1 10 1
2 10 1
t 1373 16
m 5 2
0 9 1
1 9 1
2 9 1
f 6 18
t 1372 16
m 5 3
0 8 1
1 8 1
2 8 1
t 1371 16
m 5 4
0 7 1
1 7 1
2 7 1
t 1370 16
m 4 4
0 6 1
1 6 1
2 6 1
t 1369 22
m 5 4
0 5 1
1 6 2
2 5 1
t 1368 22
m 5 4
0 4 1
1 7 2
2 5 2
t 1367 22
m 5 4
0 4 0
1 6 2
2 5 3
t 1366 22
m 5 4
0 4 1
1 5 2
2 5 4
t 1365 22
