35
20
m 0 19
0 34 0
1 34 0
2 34 0
w 0 0
w 0 1
w 0 2
w 0 3
w 0 4
w 0 5
w 0 6
w 0 7
w 0 8
w 0 9
w 0 13
w 0 14
w 0 15
w 0 16
w 0 17
w 0 18
w 1 0
w 1 1
w 1 2
w 1 3
w 1 4
w 1 5
w 1 6
w 1 7
w 1 8
w 1 9
w 1 14
w 1 15
w 1 16
w 2 0
w 2 1
w 2 2
w 2 3
w 2 4
w 2 5
w 2 6
w 2 7
w 2 8
w 2 9
w 2 10
w 2 13
w 2 17
w 2 18
w 3 0
w 3 1
w 3 2
w 3 3
w 3 4
w 3 5
w 3 6
w 3 7
w 3 8
w 3 9
w 3 10
w 3 12
w 3 13
w 3 16
w 3 17
w 4 0
w 4 1
w 4 2
w 4 3
w 4 4
w 4 5
w 4 6
w 4 7
w 4 8
w 4 9
w 4 10
w 4 16
w 4 17
w 4 19
w 5 0
w 5 3
w 5 4
w 5 5
w 5 6
w 5 7
w 5 8
w 5 12
w 6 3
w 6 5
w 6 6
w 6 7
w 6 8
w 6 9
w 6 12
w 6 13
w 6 14
w 6 15
w 6 17
w 6 18
w 6 19
w 7 2
w 7 5
w 7 6
w 7 7
w 7 8
w 7 12
w 7 13
w 7 14
w 7 15
w 7 16
w 7 17
w 7 18
w 7 19
w 8 6
w 8 9
w 8 11
w 8 12
w 8 13
w 8 14
w 8 15
w 8 16
w 8 17
w 8 18
w 8 19
w 9 0
w 9 1
w 9 2
w 9 8
w 9 12
w 9 13
w 9 14
w 9 15
w 9 16
w 9 17
w 9 18
w 9 19
w 10 6
w 10 7
w 10 8
w 10 9
w 10 11
w 10 12
w 10 13
w 10 14
w 10 15
w 10 16
w 10 17
w 10 18
w 10 19
w 11 0
w 11 2
w 11 3
w 11 7
w 11 8
w 11 13
w 11 14
w 11 15
w 11 16
w 11 17
w 11 18
w 11 19
w 12 0
w 12 1
w 12 7
w 12 8
w 12 9
w 12 12
w 12 13
w 12 14
w 12 15
w 12 16
w 12 17
w 12 18
w 12 19
w 13 0
w 13 3
w 13 4
w 13 8
w 13 11
w 13 12
w 13 13
w 13 14
w 13 15
w 13 16
w 13 17
w 13 18
w 13 19
w 14 0
w 14 1
w 14 3
w 14 8
w 14 11
w 14 12
w 14 13
w 14 14
w 14 15
w 14 16
w 14 17
w 14 18
w 14 19
w 15 0
w 15 3
w 15 4
w 15 5
w 15 8
w 15 12
w 15 13
w 15 14
w 15 15
w 15 16
w 15 17
w 15 18
w 15 19
w 16 13
w 16 14
w 16 15
w 16 16
w 16 17
w 16 18
w 16 19
w 17 1
w 17 3
w 17 4
w 17 5
w 17 6
w 17 7
w 17 8
w 17 12
w 17 13
w 17 15
w 17 17
w 17 18
w 17 19
w 18 6
w 18 7
w 18 8
w 18 9
w 18 12
w 18 13
w 18 15
w 18 17
w 18 18
w 18 19
w 19 0
w 19 7
w 19 8
w 19 9
w 19 18
w 19 19
w 20 0
w 20 1
w 20 3
w 20 4
w 20 5
w 20 6
w 20 7
w 20 8
w 20 9
w 20 12
w 20 16
w 20 17
w 20 18
w 20 19
w 21 0
w 21 4
w 21 5
w 21 6
w 21 7
w 21 8
w 21 9
w 21 12
w 21 13
w 21 14
w 21 17
w 21 18
w 21 19
w 22 4
w 22 5
w 22 6
w 22 7
w 22 8
w 22 10
w 22 12
w 22 16
w 22 17
w 22 18
w 22 19
w 23 3
w 23 4
w 23 6
w 23 7
w 23 8
w 23 12
w 23 14
w 23 15
w 23 16
w 23 17
w 23 18
w 23 19
w 24 1
w 24 3
w 24 4
w 24 9
w 24 13
w 24 14
w 24 16
w 24 17
w 24 18
w 24 19
w 25 0
w 25 1
w 25 6
w 25 9
w 25 12
w 25 13
w 25 14
w 25 16
w 25 17
w 25 18
w 25 19
w 26 0
w 26 1
w 26 3
w 26 5
w 26 6
w 26 8
w 26 9
w 26 10
w 26 12
w 26 13
w 26 14
w 26 17
w 26 18
w 26 19
w 27 5
w 27 8
w 27 9
w 27 12
w 27 17
w 27 18
w 27 19
w 28 0
w 28 1
w 28 5
w 28 7
w 28 9
w 28 14
w 28 15
w 28 18
w 29 0
w 29 1
w 29 10
w 29 12
w 29 13
w 29 14
w 29 15
w 30 1
w 30 3
w 30 4
w 30 5
w 30 9
w 30 10
w 30 12
w 30 13
w 30 14
w 30 15
w 30 16
w 31 3
w 31 5
w 31 6
w 31 9
w 31 13
w 31 14
w 31 15
w 31 16
w 31 18
w 32 13
w 32 15
w 32 18
w 32 19
w 33 0
w 33 1
w 33 5
w 33 6
w 33 9
w 33 10
w 33 12
w 33 13
w 33 19
w 34 4
w 34 5
w 34 6
w 34 7
w 34 11
p 16 7
p 8 8
p 23 1
p 0 10
p 14 4
p 27 11
p 6 1
p 31 1
p 20 13
p 11 6
p 25 5
p 3 19
p 29 5
p 32 10
p 18 11
p 34 8
t 1400 0
m 1 19
0 34 1
1 34 1
2 34 1
t 1399 0
m 2 19
0 34 2
1 34 2
2 34 2
t 1398 0
m 3 19
0 33 2
1 33 2
2 33 2
t 1397 6
m 3 18
0 32 2
1 32 2
2 32 2
t 1396 6
m 4 18
0 31 2
1 31 2
2 31 2
t 1395 6
m 5 18
0 30 2
1 30 2
2 30 2
t 1394 6
m 5 17
0 29 2
1 29 2
2 29 2
t 1393 6
m 5 16
0 28 2
1 28 2
2 28 2
t 1392 6
m 5 15
0 27 2
1 27 2
2 27 2
t 1391 6
m 4 15
0 26 2
1 26 2
2 26 2
t 1390 6
m 4 14
0 25 2
1 25 2
2 25 2
t 1389 6
m 4 13
0 24 2
1 24 2
2 24 2
t 1388 6
m 4 12
0 23 2
1 23 2
2 23 2
t 1387 6
m 4 11
0 22 2
1 22 2
2 22 2
f 33 3
t 1386 6
m 3 11
0 21 2
1 21 2
2 21 2
t 1385 6
m 2 11
0 20 2
1 20 2
2 20 2
t 1384 6
m 1 11
0 19 2
1 19 2
2 19 2
t 1383 6
m 0 11
0 18 2
1 18 2
2 19 3
t 1382 6
m 0 10
0 17 2
1 17 2
2 18 3
t 1381 12
m 1 10
0 16 2
1 16 2
2 18 2
t 1380 12
m 1 11
0 16 3
1 16 3
2 17 2
t 1379 12
m 2 11
0 16 4
1 16 4
2 16 2
t 1378 12
m 3 11
0 16 5
1 16 5
2 16 3
t 1377 12
m 4 11
0 16 6
1 16 6
2 16 4
t 1376 12
m 5 11
0 16 7
1 16 7
2 16 5
t 1375 12
m 5 10
0 16 8
1 16 8
2 16 6
t 1374 12
m 6 10
0 16 9
1 16 9
2 16 7
t 1373 12
m 7 10
0 15 9
1 15 9
2 16 8
t 1372 12
m 8 10
0 14 9
1 15 10
2 16 9
t 1371 12
m 9 10
0 13 9
1 14 10
2 15 9
t 1370 12
m 9 10
0 13 10
1 13 10
2 16 9
t 1369 12
m 9 10
0 12 10
1 12 10
2 15 9
t 1368 12
m 9 10
0 11 10
1 11 10
2 14 9
t 1367 12
m 9 10
0 10 10
1 10 10
2 13 9
t 1366 12
m 9 10
0 9 10
1 9 10
2 13 10
t 1365 12
