35
20
m 0 19
0 34 0
1 34 0
2 34 0
w 0 0
w 0 9
w 1 0
w 1 1
w 1 2
w 1 3
w 1 4
w 1 6
w 1 12
w 1 14
w 1 15
w 1 16
w 1 18
w 2 0
w 2 1
w 2 2
w 2 3
w 2 4
w 2 7
w 2 8
w 2 9
w 2 11
w 2 12
w 2 15
w 2 16
w 2 17
w 2 18
w 3 0
w 3 1
w 3 2
w 3 3
w 3 4
w 3 5
w 3 12
w 3 15
w 3 16
w 3 17
w 3 18
w 4 0
w 4 1
w 4 2
w 4 3
w 4 4
w 4 5
w 4 6
w 4 8
w 4 9
w 4 11
w 4 12
w 4 13
w 4 15
w 4 16
w 4 17
w 4 18
w 4 19
w 5 0
w 5 1
w 5 2
w 5 3
w 5 4
w 5 5
w 5 9
w 5 11
w 5 12
w 5 13
w 5 14
w 5 15
w 5 16
w 5 17
w 5 18
w 5 19
w 6 0
w 6 1
w 6 2
w 6 3
w 6 4
w 6 7
w 6 8
w 6 9
w 6 10
w 6 11
w 6 12
w 6 13
w 6 14
w 6 15
w 6 16
w 6 17
w 6 18
w 6 19
w 7 0
w 7 1
w 7 2
w 7 3
w 7 4
w 7 5
w 7 8
w 7 9
w 7 10
w 7 11
w 7 12
w 7 13
w 7 14
w 7 15
w 7 16
w 7 17
w 7 18
w 7 19
w 8 1
w 8 2
w 8 3
w 8 7
w 8 8
w 8 9
w 8 10
w 8 11
w 8 12
w 8 13
w 8 14
w 8 15
w 8 16
w 8 17
w 8 18
w 8 19
w 9 2
w 9 7
w 9 8
w 9 14
w 9 15
w 9 16
w 9 17
w 9 18
w 9 19
w 10 0
w 10 3
w 10 7
w 10 9
w 10 10
w 10 11
w 10 12
w 10 15
w 10 16
w 10 17
w 10 18
w 10 19
w 11 14
w 11 15
w 12 3
w 12 14
w 12 17
w 13 0
w 13 5
w 13 6
w 13 8
w 13 9
w 13 10
w 13 13
w 13 14
w 13 16
w 13 17
w 13 18
w 14 6
w 14 7
w 14 8
w 14 9
w 14 10
w 14 11
w 14 13
w 14 14
w 14 17
w 14 18
w 15 0
w 15 3
w 15 4
w 15 8
w 15 9
w 15 10
w 15 11
w 15 13
w 15 14
w 15 18
w 15 19
w 16 4
w 16 6
w 16 7
w 16 8
w 16 9
w 16 10
w 16 14
w 16 15
w 17 0
w 17 1
w 17 5
w 17 6
w 17 9
w 17 10
w 17 11
w 17 15
w 17 18
w 18 0
w 18 8
w 18 13
w 18 17
w 18 18
w 18 19
w 19 0
w 19 1
w 19 3
w 19 4
w 19 5
w 19 6
w 19 14
w 19 17
w 19 18
w 19 19
w 20 0
w 20 1
w 20 8
w 20 10
w 20 14
w 20 15
w 20 16
w 20 17
w 20 18
w 20 19
w 21 0
w 21 1
w 21 3
w 21 5
w 21 7
w 21 8
w 21 9
w 21 10
w 21 11
w 21 15
w 21 16
w 21 17
w 21 18
w 22 0
w 22 1
w 22 3
w 22 6
w 22 7
w 22 8
w 22 9
w 22 10
w 22 11
w 22 13
w 22 14
w 22 15
w 22 16
w 22 17
w 22 18
w 23 0
w 23 1
w 23 4
w 23 6
w 23 7
w 23 8
w 23 9
w 23 10
w 23 11
w 23 15
w 23 16
w 23 17
w 23 18
w 24 0
w 24 3
w 24 7
w 24 9
w 24 10
w 25 0
w 25 3
w 25 5
w 25 10
w 25 11
w 25 13
w 25 15
w 26 0
w 26 1
w 26 3
w 26 4
w 26 5
w 26 6
w 26 7
w 26 8
w 26 9
w 26 10
w 26 11
w 26 16
w 26 17
w 26 18
w 27 3
w 27 4
w 27 5
w 27 6
w 27 7
w 27 10
w 27 11
w 27 14
w 27 15
w 27 16
w 28 0
w 28 5
w 28 6
w 28 14
w 28 15
w 28 16
w 28 17
w 28 19
w 29 3
w 29 5
w 29 6
w 29 8
w 29 9
w 29 10
w 29 11
w 29 14
w 29 15
w 29 16
w 29 17
w 29 19
w 30 0
w 30 4
w 30 5
w 30 7
w 30 10
w 30 11
w 30 13
w 30 14
w 30 15
w 30 16
w 30 17
w 30 18
w 30 19
w 31 0
w 31 13
w 31 14
w 31 15
w 31 16
w 31 17
w 31 18
w 31 19
w 32 2
w 32 3
w 32 5
w 32 8
w 32 9
w 32 10
w 32 13
w 32 14
w 32 15
w 32 16
w 32 17
w 32 18
w 32 19
w 33 0
w 33 4
w 33 5
w 33 8
w 33 9
w 33 10
w 33 11
w 33 13
w 33 14
w 33 15
w 33 16
w 33 17
w 33 18
w 33 19
w 34 2
w 34 3
w 34 4
w 34 5
w 34 6
w 34 7
w 34 8
w 34 9
w 34 10
w 34 11
w 34 13
w 34 14
w 34 15
w 34 16
w 34 17
w 34 18
w 34 19
p 0 1
p 12 8
p 14 1
p 24 11
p 17 19
p 28 3
p 9 5
p 3 19
p 16 2
p 25 18
p 30 3
p 11 5
p 32 6
p 21 14
p 1 9
p 19 11
t 1400 0
m 1 19
0 34 1
1 34 1
2 34 1
t 1399 0
m 2 19
0 33 1
1 33 1
2 33 1
t 1398 0
m 3 19
0 32 1
1 32 1
2 32 1
t 1397 6
m 2 19
0 31 1
1 31 1
2 31 1
t 1396 6
m 1 19
0 30 1
1 30 1
2 30 1
t 1395 6
m 0 19
0 29 1
1 29 1
2 29 1
t 1394 6
m 0 18
0 28 1
1 28 1
2 28 1
t 1393 6
m 0 17
0 27 1
1 27 1
2 27 1
t 1392 6
m 0 16
0 27 2
1 27 2
2 27 2
t 1391 6
m 0 15
0 26 2
1 26 2
2 26 2
t 1390 6
m 0 14
0 25 2
1 25 2
2 25 2
t 1389 6
m 0 13
0 24 2
1 24 2
2 24 2
f 28 18
t 1388 6
m 0 12
0 23 2
1 23 2
2 23 2
t 1387 6
m 0 11
0 22 2
1 22 2
2 22 2
t 1386 6
m 0 10
0 21 2
1 21 2
2 21 2
t 1385 6
m 1 10
0 20 2
1 20 2
2 20 2
t 1384 6
m 1 9
0 19 2
1 19 2
2 19 2
t 1383 12
m 1 8
0 18 2
1 18 2
2 18 2
t 1382 12
m 0 8
0 17 2
1 17 2
2 17 2
t 1381 12
m 0 7
0 16 2
1 16 2
2 16 2
t 1380 12
m 0 6
0 15 2
1 15 2
2 15 2
t 1379 12
m 0 5
0 14 2
1 14 2
2 14 2
t 1378 12
m 0 4
0 13 2
1 13 2
2 13 2
t 1377 12
m 0 3
0 12 2
1 12 2
2 12 2
t 1376 12
m 0 2
0 11 2
1 11 2
2 11 2
t 1375 12
m 0 1
0 11 3
1 11 3
2 11 3
t 1374 18
m 0 2
0 11 4
1 11 4
2 11 4
t 1373 18
m 0 3
0 10 4
1 10 4
2 10 4
t 1372 18
m 0 4
0 9 4
1 9 4
2 9 4
t 1371 18
m 0 5
0 8 4
1 8 4
2 8 4
t 1370 18
m 1 5
0 8 5
1 8 5
2 8 5
t 1369 18
m 2 5
0 8 6
1 8 6
2 8 6
t 1368 18
m 2 6
0 7 6
1 7 6
2 7 6
t 1367 18
m 3 6
0 6 6
1 6 6
2 6 6
t 1366 18
m 3 6
0 5 6
1 5 6
2 5 6
t 1365 18
m 3 6
0 6 6
1 5 7
2 5 7
t 1364 18
m 3 6
0 5 6
1 4 7
2 4 7
t 1363 18
m 3 6
0 5 7
1 3 7
2 3 7
t 1362 18
m 3 6
0 4 7
1 3 6
2 3 6
t 1361 18
