35
20
m 0 19
0 34 0
1 34 0
2 34 0
w 0 0
w 0 1
w 0 2
w 0 3
w 0 4
w 0 5
w 0 6
w 0 7
w 0 8
w 0 9
w 0 10
w 0 11
w 0 12
w 0 14
w 0 16
w 1 0
w 1 1
w 1 2
w 1 3
w 1 4
w 1 5
w 1 6
w 1 7
w 1 8
w 1 9
w 1 10
w 1 18
w 1 19
w 2 0
w 2 1
w 2 2
w 2 3
w 2 4
w 2 5
w 2 6
w 2 7
w 2 8
w 2 9
w 2 10
w 2 11
w 2 15
w 2 16
w 2 17
w 2 18
w 2 19
w 3 0
w 3 1
w 3 2
w 3 3
w 3 4
w 3 5
w 3 6
w 3 7
w 3 8
w 3 9
w 3 10
w 3 15
w 3 16
w 3 17
w 3 18
w 3 19
w 4 0
w 4 1
w 4 2
w 4 3
w 4 4
w 4 5
w 4 6
w 4 7
w 4 8
w 4 9
w 4 10
w 4 15
w 4 16
w 4 17
w 4 18
w 4 19
w 5 0
w 5 1
w 5 2
w 5 3
w 5 4
w 5 5
w 5 6
w 5 7
w 5 8
w 5 12
w 5 13
w 5 15
w 5 16
w 5 17
w 5 18
w 5 19
w 6 0
w 6 1
w 6 2
w 6 3
w 6 4
w 6 5
w 6 6
w 6 7
w 6 8
w 6 9
w 6 13
w 6 14
w 6 15
w 6 16
w 6 17
w 6 18
w 6 19
w 7 0
w 7 1
w 7 2
w 7 3
w 7 4
w 7 5
w 7 6
w 7 7
w 7 8
w 7 9
w 7 10
w 7 11
w 7 13
w 7 14
w 7 15
w 7 16
w 7 17
w 7 18
w 7 19
w 8 0
w 8 1
w 8 2
w 8 3
w 8 6
w 8 7
w 8 8
w 8 9
w 8 10
w 8 11
w 8 14
w 8 15
w 8 16
w 8 17
w 8 18
w 8 19
w 9 0
w 9 1
w 9 2
w 9 5
w 9 6
w 9 7
w 9 8
w 9 13
w 9 14
w 9 15
w 9 16
w 9 17
w 9 18
w 9 19
w 10 0
w 10 7
w 10 8
w 10 9
w 10 15
w 10 16
w 10 17
w 10 18
w 10 19
w 11 0
w 11 1
w 11 3
w 11 4
w 11 6
w 11 7
w 11 8
w 11 11
w 11 14
w 11 15
w 11 16
w 11 17
w 11 18
w 11 19
w 12 0
w 12 1
w 12 2
w 12 7
w 12 9
w 12 14
w 12 15
w 12 16
w 12 17
w 12 18
w 12 19
w 13 0
w 13 1
w 13 4
w 13 5
w 13 6
w 13 11
w 13 16
w 13 17
w 13 18
w 13 19
w 14 3
w 14 4
w 14 5
w 14 6
w 14 8
w 14 9
w 14 10
w 14 11
w 14 12
w 14 14
w 14 15
w 14 17
w 14 18
w 14 19
w 15 1
w 15 2
w 15 3
w 15 4
w 15 5
w 15 6
w 15 12
w 15 17
w 15 18
w 15 19
w 16 1
w 16 2
w 16 3
w 16 4
w 16 5
w 16 6
w 16 7
w 16 8
w 16 9
w 16 10
w 16 12
w 16 15
w 16 17
w 16 18
w 16 19
w 17 1
w 17 2
w 17 3
w 17 5
w 17 8
w 17 12
w 17 13
w 17 14
w 17 16
w 17 17
w 17 18
w 17 19
w 18 12
w 18 17
w 18 18
w 18 19
w 19 1
w 19 4
w 19 6
w 19 10
w 19 15
w 19 17
w 19 18
w 19 19
w 20 1
w 20 3
w 20 4
w 20 5
w 20 6
w 20 7
w 20 18
w 20 19
w 21 1
w 21 3
w 21 4
w 21 5
w 21 6
w 21 7
w 21 12
w 21 14
w 21 18
w 21 19
w 22 0
w 22 4
w 22 5
w 22 6
w 22 9
w 22 17
w 22 18
w 22 19
w 23 0
w 23 1
w 23 3
w 23 4
w 23 5
w 23 9
w 23 10
w 23 12
w 23 14
w 23 16
w 23 17
w 23 18
w 23 19
w 24 0
w 24 3
w 24 5
w 24 6
w 24 9
w 24 11
w 24 13
w 24 14
w 24 15
w 24 16
w 24 17
w 24 18
w 24 19
w 25 0
w 25 5
w 25 6
w 25 9
w 25 13
w 25 14
w 25 15
w 25 16
w 25 17
w 25 18
w 25 19
w 26 0
w 26 1
w 26 3
w 26 9
w 26 11
w 26 14
w 26 15
w 26 16
w 26 17
w 26 18
w 26 19
w 27 0
w 27 5
w 27 6
w 27 10
w 27 13
w 27 15
w 27 16
w 27 17
w 27 18
w 27 19
w 28 0
w 28 1
w 28 3
w 28 5
w 28 15
w 28 16
w 28 17
w 28 18
w 28 19
w 29 0
w 29 3
w 29 4
w 29 11
w 29 13
w 29 16
w 29 17
w 29 18
w 29 19
w 30 0
w 30 9
w 30 12
w 30 13
w 30 14
w 30 17
w 30 18
w 30 19
w 31 1
w 31 3
w 31 6
w 31 10
w 31 13
w 31 14
w 31 16
w 31 17
w 31 18
w 31 19
w 32 9
w 32 15
w 32 16
w 32 17
w 32 18
w 32 19
w 33 1
w 33 3
w 33 4
w 33 5
w 33 8
w 33 9
w 33 10
w 33 12
w 33 15
w 33 16
w 33 17
w 33 18
w 33 19
w 34 1
w 34 3
w 34 4
w 34 5
w 34 6
w 34 7
w 34 8
w 34 9
w 34 12
w 34 13
w 34 16
w 34 17
w 34 18
w 34 19
p 27 2
p 17 7
p 4 13
p 29 1
p 0 13
p 18 16
p 10 1
p 20 13
p 32 7
p 14 13
p 12 6
p 22 10
p 24 12
p 30 11
t 1400 0
m 0 18
0 33 0
1 33 0
2 33 0
t 1399 0
m 0 17
0 32 0
1 32 0
2 32 0
t 1398 0
m 1 17
0 32 1
1 32 1
2 32 1
t 1397 0
m 1 16
0 32 2
1 32 2
2 32 2
t 1396 0
m 1 15
0 31 2
1 31 2
2 31 2
t 1395 0
m 1 14
0 30 2
1 30 2
2 30 2
t 1394 0
m 1 13
0 29 2
1 29 2
2 29 2
t 1393 0
m 0 13
0 28 2
1 28 2
2 28 2
t 1392 7
m 1 13
0 27 2
1 27 2
2 27 2
t 1391 7
m 2 13
0 26 2
1 26 2
2 26 2
t 1390 7
m 3 13
0 25 2
1 25 2
2 25 2
t 1389 7
m 4 13
0 24 2
1 24 2
2 24 2
f 21 11
t 1388 14
m 4 12
0 23 2
1 23 2
2 23 2
t 1387 14
m 4 11
0 22 2
1 22 2
2 22 2
t 1386 14
m 5 11
0 21 2
1 21 2
2 21 2
t 1385 14
m 6 11
0 20 2
1 20 2
2 20 2
t 1384 14
m 6 12
0 19 2
1 19 2
2 19 2
t 1383 14
m 7 12
0 18 2
1 18 2
2 18 2
t 1382 14
m 8 12
0 18 3
1 18 3
2 18 3
t 1381 14
m 9 12
0 18 4
1 18 4
2 18 4
t 1380 14
m 10 12
0 18 5
1 18 5
2 18 5
t 1379 14
m 11 12
0 18 6
1 18 6
2 18 6
t 1378 14
m 12 12
0 18 7
1 18 7
2 18 7
t 1377 14
m 12 13
0 18 8
1 18 8
2 18 8
t 1376 14
m 13 13
0 18 9
1 18 9
2 18 9
t 1375 14
m 14 13
0 17 9
1 17 9
2 17 9
t 1374 21
m 13 13
0 17 10
1 17 10
2 17 10
t 1373 21
m 12 13
0 17 11
1 17 11
2 17 11
t 1372 21
m 12 12
0 16 11
1 16 11
2 16 11
t 1371 21
m 12 11
0 15 11
1 15 11
2 15 11
t 1370 21
m 12 11
0 15 10
1 15 10
2 15 10
t 1369 21
m 12 11
0 15 9
1 15 9
2 15 11
t 1368 21
m 12 11
0 15 8
1 15 8
2 15 10
t 1367 21
m 12 11
0 15 7
1 15 7
2 15 9
t 1366 21
m 12 11
0 14 7
1 14 7
2 15 8
t 1365 21
m 12 11
0 13 7
1 13 7
2 15 7
t 1364 21
m 12 11
0 13 8
1 13 8
2 14 7
t 1363 21
m 12 11
0 13 9
1 13 9
2 13 7
t 1362 21
m 12 11
0 13 10
1 13 10
2 13 8
t 1361 21
m 12 11
0 12 10
1 12 10
2 13 9
t 1360 21
m 12 11
0 12 11
1 12 11
2 13 10
t 1359 21
