35
20
m 0 19
0 34 0
1 34 0
2 34 0
w 0 0
w 0 1
w 0 2
w 0 3
w 0 6
w 0 8
w 0 9
w 0 10
w 0 11
w 0 12
w 0 13
w 0 14
w 1 0
w 1 1
w 1 2
w 1 3
w 1 5
w 1 8
w 1 11
w 1 12
w 1 13
w 1 14
w 1 15
w 1 16
w 2 0
w 2 1
w 2 2
w 2 3
w 2 8
w 2 12
w 2 19
w 3 0
w 3 1
w 3 2
w 3 13
w 3 14
w 3 15
w 3 17
w 3 18
w 3 19
w 4 0
w 4 1
w 4 2
w 4 4
w 4 11
w 4 14
w 4 15
w 4 19
w 5 0
w 5 1
w 5 2
w 5 6
w 5 7
w 5 11
w 5 14
w 5 15
w 5 16
w 6 0
w 6 7
w 6 10
w 6 11
w 6 14
w 6 18
w 7 3
w 7 5
w 7 6
w 7 7
w 7 8
w 7 9
w 7 10
w 7 14
w 7 15
w 7 16
w 8 1
w 8 3
w 8 4
w 8 5
w 8 6
w 8 7
w 8 8
w 8 9
w 8 10
w 8 11
w 8 16
w 8 17
w 8 19
w 9 5
w 9 6
w 9 7
w 9 8
w 9 9
w 9 10
w 9 11
w 9 13
w 9 15
w 9 16
w 9 17
w 10 1
w 10 2
w 10 3
w 10 4
w 10 5
w 10 6
w 10 7
w 10 8
w 10 9
w 10 10
w 10 11
w 10 12
w 10 13
w 10 16
w 11 2
w 11 3
w 11 4
w 11 5
w 11 6
w 11 7
w 11 8
w 11 9
w 11 10
w 11 15
w 11 16
w 11 18
w 11 19
w 12 2
w 12 3
w 12 4
w 12 5
w 12 6
w 12 7
w 12 8
w 12 9
w 12 13
w 12 15
w 12 16
w 12 18
w 12 19
w 13 0
w 13 1
w 13 2
w 13 3
w 13 4
w 13 5
w 13 6
w 13 7
w 13 8
w 13 12
w 13 13
w 13 14
w 13 15
w 13 18
w 13 19
w 14 0
w 14 1
w 14 2
w 14 3
w 14 4
w 14 5
w 14 6
w 14 7
w 14 8
w 14 9
w 14 10
w 14 13
w 14 15
w 14 17
w 14 18
w 14 19
w 15 0
w 15 1
w 15 2
w 15 3
w 15 4
w 15 5
w 15 6
w 15 7
w 15 8
w 15 12
w 15 17
w 15 18
w 15 19
w 16 0
w 16 1
w 16 2
w 16 3
w 16 4
w 16 5
w 16 6
w 16 7
w 16 10
w 16 11
w 16 13
w 16 16
w 16 17
w 16 18
w 16 19
w 17 0
w 17 1
w 17 2
w 17 3
w 17 4
w 17 5
w 17 6
w 17 7
w 17 8
w 17 10
w 17 11
w 17 15
w 17 16
w 17 17
w 17 18
w 17 19
w 18 0
w 18 1
w 18 2
w 18 3
w 18 4
w 18 5
w 18 6
w 18 7
w 18 8
w 18 13
w 18 15
w 18 16
w 18 17
w 18 18
w 18 19
w 19 0
w 19 1
w 19 2
w 19 3
w 19 4
w 19 5
w 19 6
w 19 7
w 19 8
w 19 11
w 19 12
w 19 13
w 19 15
w 19 16
w 19 17
w 19 18
w 19 19
w 20 0
w 20 1
w 20 2
w 20 3
w 20 4
w 20 5
w 20 6
w 20 7
w 20 8
w 20 9
w 20 11
w 20 12
w 20 13
w 20 17
w 20 18
w 20 19
w 21 0
w 21 2
w 21 3
w 21 4
w 21 5
w 21 6
w 21 7
w 21 8
w 21 9
w 21 12
w 21 13
w 21 14
w 21 19
w 22 2
w 22 3
w 22 4
w 22 5
w 22 6
w 22 7
w 22 8
w 22 9
w 22 10
w 22 12
w 22 13
w 22 15
w 23 0
w 23 2
w 23 3
w 23 4
w 23 5
w 23 6
w 23 7
w 23 8
w 23 9
w 23 10
w 23 13
w 23 16
w 23 18
w 23 19
w 24 0
w 24 2
w 24 3
w 24 4
w 24 5
w 24 9
w 24 10
w 24 11
w 24 15
w 24 18
w 24 19
w 25 0
w 25 3
w 25 4
w 25 5
w 25 6
w 25 14
w 25 15
w 25 16
w 25 17
w 25 18
w 25 19
w 26 4
w 26 5
w 26 6
w 26 9
w 26 11
w 26 15
w 26 16
w 26 18
w 26 19
w 27 1
w 27 2
w 27 3
w 27 4
w 27 5
w 27 7
w 27 8
w 27 9
w 27 10
w 27 15
w 27 16
w 27 18
w 27 19
w 28 1
w 28 4
w 28 9
w 28 13
w 28 18
w 28 19
w 29 15
w 29 19
w 30 3
w 30 5
w 30 7
w 30 9
w 30 16
w 31 2
w 31 3
w 31 4
w 31 12
w 31 14
w 31 19
w 32 2
w 32 3
w 32 8
w 32 10
w 32 14
w 32 15
w 33 0
w 33 3
w 33 4
w 33 5
w 33 7
w 33 8
w 33 9
w 33 13
w 33 16
w 33 18
w 34 16
w 34 17
w 34 18
p 21 10
p 0 4
p 32 5
p 24 1
p 30 17
p 2 10
p 29 10
p 33 19
p 16 12
p 12 14
p 4 5
p 9 18
p 28 6
p 7 11
p 26 2
p 5 18
t 1400 0
m 0 18
0 34 1
1 34 1
2 34 1
t 1399 0
m 1 18
0 34 2
1 34 2
2 34 2
t 1398 0
m 2 18
0 34 3
1 34 3
2 34 3
t 1397 0
m 2 17
0 34 4
1 34 4
2 34 4
t 1396 0
m 2 16
0 34 5
1 34 5
2 34 5
t 1395 0
m 3 16
0 34 6
1 34 6
2 34 6
t 1394 0
m 4 16
0 33 6
1 33 6
2 33 6
t 1393 0
m 4 17
0 32 6
1 32 6
2 32 6
t 1392 0
m 4 18
0 31 6
1 31 6
2 31 6
t 1391 0
m 5 18
0 31 7
1 31 7
2 31 7
t 1390 6
m 5 17
0 31 8
1 31 8
2 31 8
t 1389 6
m 6 17
0 31 9
1 31 9
2 31 9
t 1388 6
m 7 17
0 31 10
1 31 10
2 31 10
t 1387 6
m 7 18
0 30 10
1 30 10
2 30 10
t 1386 6
m 8 18
0 29 10
1 29 10
2 29 10
f 5 3
t 1385 6
m 9 18
0 28 10
1 28 10
2 28 10
t 1384 12
m 10 18
0 28 11
1 28 11
2 28 11
t 1383 12
m 10 17
0 27 11
1 27 11
2 27 11
t 1382 12
m 11 17
0 27 12
1 27 12
2 27 12
t 1381 12
m 12 17
0 26 12
1 26 12
2 26 12
t 1380 12
m 13 17
0 25 12
1 25 12
2 25 12
t 1379 12
m 13 16
0 24 12
1 24 12
2 24 12
t 1378 12
m 14 16
0 25 12
1 25 12
2 23 12
t 1377 12
m 15 16
0 24 12
1 24 12
2 23 11
t 1376 12
m 15 15
0 23 12
1 23 12
2 22 11
t 1375 12
m 15 14
0 23 11
1 23 11
2 21 11
t 1374 12
m 16 14
0 22 11
1 22 11
2 21 10
t 1373 12
m 17 14
0 21 11
1 21 11
2 20 10
t 1372 12
m 17 13
0 21 10
1 21 10
2 19 10
t 1371 12
m 17 12
0 20 10
1 20 10
2 18 10
t 1370 12
m 16 12
0 19 10
1 19 10
2 18 11
t 1369 18
m 16 12
0 18 10
1 18 10
2 18 12
t 1368 18
m 16 12
0 18 11
1 18 11
2 17 12
t 1367 18
m 16 12
0 18 12
1 18 12
2 16 12
t 1366 18
