35
20
m 0 19
0 34 0
1 34 0
2 34 0
w 1 0
w 1 3
w 1 4
w 1 6
w 1 7
w 1 8
w 1 9
w 1 10
w 1 13
w 1 14
w 1 15
w 1 18
w 2 4
w 2 6
w 2 7
w 2 9
w 2 12
w 2 13
w 2 14
w 2 15
w 3 3
w 3 4
w 3 6
w 3 10
w 3 13
w 3 14
w 3 15
w 3 19
w 4 2
w 4 3
w 4 6
w 4 7
w 4 8
w 4 12
w 4 13
w 4 14
w 4 15
w 4 18
w 4 19
w 5 2
w 5 3
w 5 4
w 5 5
w 5 6
w 5 7
w 5 8
w 5 11
w 5 12
w 5 13
w 5 14
w 5 15
w 5 16
w 5 18
w 5 19
w 6 0
w 6 3
w 6 4
w 6 5
w 6 6
w 6 7
w 6 8
w 6 9
w 6 10
w 6 11
w 6 12
w 6 13
w 6 14
w 6 15
w 6 18
w 6 19
w 7 0
w 7 2
w 7 3
w 7 4
w 7 5
w 7 6
w 7 7
w 7 8
w 7 9
w 7 10
w 7 11
w 7 12
w 7 13
w 7 14
w 7 15
w 7 16
w 7 18
w 7 19
w 8 0
w 8 3
w 8 4
w 8 5
w 8 6
w 8 7
w 8 8
w 8 9
w 8 10
w 8 11
w 8 12
w 8 13
w 8 14
w 8 15
w 8 18
w 8 19
w 9 2
w 9 3
w 9 4
w 9 5
w 9 6
w 9 7
w 9 8
w 9 9
w 9 10
w 9 11
w 9 12
w 9 13
w 9 14
w 9 15
w 9 19
w 10 0
w 10 3
w 10 4
w 10 5
w 10 6
w 10 7
w 10 8
w 10 9
w 10 10
w 10 11
w 10 12
w 10 13
w 10 14
w 10 15
w 10 16
w 10 18
w 10 19
w 11 2
w 11 3
w 11 4
w 11 5
w 11 6
w 11 7
w 11 8
w 11 9
w 11 10
w 11 11
w 11 12
w 11 13
w 11 14
w 11 15
w 11 19
w 12 0
w 12 2
w 12 3
w 12 4
w 12 5
w 12 6
w 12 7
w 12 8
w 12 9
w 12 10
w 12 11
w 12 12
w 12 13
w 12 14
w 12 15
w 12 16
w 12 18
w 12 19
w 13 2
w 13 3
w 13 4
w 13 5
w 13 6
w 13 7
w 13 8
w 13 9
w 13 10
w 13 11
w 13 12
w 13 13
w 13 18
w 13 19
w 14 2
w 14 3
w 14 4
w 14 5
w 14 7
w 14 8
w 14 9
w 14 10
w 14 11
w 14 12
w 14 13
w 14 14
w 14 15
w 14 16
w 14 19
w 15 0
w 15 8
w 15 9
w 15 10
w 15 11
w 15 12
w 15 13
w 15 14
w 15 19
w 16 0
w 16 2
w 16 3
w 16 5
w 16 6
w 16 8
w 16 9
w 16 10
w 16 11
w 16 12
w 16 13
w 16 14
w 16 15
w 16 16
w 16 18
w 16 19
w 17 2
w 17 7
w 17 8
w 17 9
w 17 10
w 17 11
w 17 12
w 17 13
w 17 14
w 17 15
w 17 16
w 17 18
w 17 19
w 18 2
w 18 3
w 18 5
w 18 8
w 18 9
w 18 10
w 18 11
w 18 12
w 18 13
w 18 14
w 18 15
w 18 16
w 18 19
w 19 0
w 19 2
w 19 3
w 19 5
w 19 7
w 19 9
w 19 10
w 19 11
w 19 12
w 19 13
w 19 14
w 19 15
w 19 16
w 19 18
w 19 19
w 20 0
w 20 6
w 20 9
w 20 10
w 20 11
w 20 12
w 20 13
w 20 14
w 21 0
w 21 2
w 21 3
w 21 6
w 21 7
w 21 9
w 21 10
w 21 11
w 21 12
w 21 13
w 21 14
w 21 15
w 22 2
w 22 3
w 22 9
w 22 10
w 22 11
w 22 12
w 22 13
w 22 14
w 22 15
w 23 0
w 23 2
w 23 6
w 23 9
w 23 10
w 23 11
w 23 12
w 23 13
w 23 14
w 23 16
w 23 18
w 23 19
w 24 5
w 24 6
w 24 8
w 24 9
w 24 10
w 24 11
w 24 12
w 24 13
w 24 16
w 24 18
w 25 0
w 25 5
w 25 6
w 25 7
w 25 8
w 25 9
w 25 10
w 25 11
w 25 12
w 25 13
w 25 14
w 26 0
w 26 3
w 26 5
w 26 6
w 26 7
w 26 8
w 26 9
w 26 10
w 26 11
w 26 12
w 26 13
w 26 14
w 26 16
w 26 19
w 27 3
w 27 4
w 27 5
w 27 6
w 27 7
w 27 8
w 27 9
w 27 10
w 27 11
w 27 12
w 27 13
w 27 14
w 27 16
w 27 19
w 28 0
w 28 3
w 28 4
w 28 5
w 28 6
w 28 7
w 28 8
w 28 9
w 28 10
w 28 11
w 28 12
w 28 13
w 28 14
w 28 16
w 28 18
w 29 0
w 29 2
w 29 4
w 29 5
w 29 6
w 29 7
w 29 8
w 29 9
w 29 10
w 29 11
w 29 12
w 29 13
w 29 14
w 29 15
w 29 16
w 29 18
w 30 0
w 30 4
w 30 5
w 30 6
w 30 7
w 30 8
w 30 9
w 30 10
w 30 11
w 30 12
w 30 13
w 30 14
w 30 16
w 30 18
w 31 0
w 31 2
w 31 4
w 31 5
w 31 6
w 31 7
w 31 8
w 31 9
w 31 10
w 31 11
w 31 12
w 31 13
w 31 16
w 32 0
w 32 3
w 32 4
w 32 5
w 32 6
w 32 7
w 32 8
w 32 9
w 32 10
w 32 11
w 32 12
w 32 13
w 33 2
w 33 4
w 33 5
w 33 6
w 33 7
w 33 9
w 33 10
w 33 11
w 33 12
w 33 14
w 34 18
p 24 14
p 1 2
p 0 0
p 3 1
p 27 1
p 31 1
p 20 7
p 10 1
p 34 16
p 22 7
p 5 0
p 33 15
p 17 5
p 14 18
t 1400 0
m 1 19
0 33 0
1 33 0
2 33 0
t 1399 0
m 2 19
0 33 1
1 33 1
2 33 1
t 1398 0
m 2 18
0 32 1
1 32 1
2 32 1
t 1397 0
m 3 18
0 31 1
1 31 1
2 31 1
t 1396 0
m 3 17
0 30 1
1 30 1
2 30 1
t 1395 0
m 4 17
0 29 1
1 29 1
2 29 1
t 1394 0
m 5 17
0 28 1
1 28 1
2 28 1
t 1393 0
m 6 17
0 27 1
1 27 1
2 27 1
t 1392 0
m 7 17
0 26 1
1 26 1
2 26 1
t 1391 0
m 8 17
0 25 1
1 25 1
2 25 1
t 1390 0
m 9 17
0 24 1
1 26 1
2 24 1
t 1389 0
m 10 17
0 23 1
1 26 2
2 23 1
t 1388 0
m 11 17
0 22 1
1 26 1
2 22 1
t 1387 0
m 12 17
0 21 1
1 27 1
2 21 1
t 1386 0
m 13 17
0 20 1
1 28 1
2 20 1
f 29 3
t 1385 0
m 14 17
0 19 1
1 29 1
2 19 1
t 1384 0
m 14 18
0 18 1
1 30 1
2 18 1
t 1383 7
m 14 17
0 17 1
1 31 1
2 17 1
t 1382 7
m 15 17
0 16 1
1 32 1
2 16 1
t 1381 7
m 16 17
0 15 1
1 33 1
2 15 1
t 1380 7
m 17 17
0 15 2
1 34 1
2 14 1
t 1379 7
m 18 17
0 15 1
1 34 2
2 13 1
t 1378 7
m 19 17
0 14 1
1 34 3
2 12 1
t 1377 7
m 20 17
0 13 1
1 34 4
2 11 1
t 1376 7
m 21 17
0 12 1
1 34 5
2 10 1
t 1375 7
m 22 17
0 11 1
1 34 6
2 9 1
t 1374 7
m 23 17
0 10 1
1 34 7
2 8 1
t 1373 7
m 24 17
0 9 1
1 34 8
2 7 1
t 1372 7
m 25 17
0 8 1
1 34 9
2 6 1
t 1371 7
m 25 16
0 7 1
1 34 10
2 5 1
t 1370 7
m 25 15
0 6 1
1 34 11
2 4 1
t 1369 7
m 24 15
0 5 1
1 34 12
2 3 1
t 1368 7
m 24 14
0 4 1
1 34 13
2 3 2
t 1367 14
m 24 15
0 3 1
1 34 14
2 2 2
t 1366 14
m 25 15
0 3 2
1 34 15
2 1 2
t 1365 14
m 25 16
0 2 2
1 33 15
2 0 2
t 1364 14
m 25 17
0 1 2
1 32 15
2 0 3
t 1363 14
m 26 17
0 0 2
1 32 16
2 0 4
t 1362 14
m 27 17
0 0 3
1 32 17
2 0 5
t 1361 14
m 28 17
0 0 4
1 31 17
2 0 6
t 1360 14
m 28 17
0 0 5
1 30 17
2 0 7
t 1359 14
m 28 17
0 0 6
1 29 17
2 0 8
t 1358 14
m 28 17
0 0 7
1 28 17
2 0 9
t 1357 14
