35
20
m 0 19
0 34 0
1 34 0
2 34 0
w 0 0
w 0 1
w 0 2
w 0 7
w 0 9
w 0 14
w 0 15
w 0 16
w 0 17
w 0 18
w 2 0
w 2 3
w 2 5
w 2 6
w 2 7
w 2 9
w 2 10
w 2 13
w 2 14
w 2 16
w 2 17
w 3 4
w 3 5
w 3 6
w 3 7
w 3 9
w 3 10
w 3 11
w 3 12
w 3 16
w 4 4
w 4 5
w 4 6
w 4 7
w 4 8
w 4 9
w 4 10
w 4 11
w 4 12
w 4 13
w 4 14
w 4 17
w 5 0
w 5 2
w 5 3
w 5 4
w 5 5
w 5 6
w 5 7
w 5 8
w 5 9
w 5 10
w 5 11
w 5 12
w 5 13
w 5 14
w 5 15
w 5 17
w 6 0
w 6 6
w 6 7
w 6 8
w 6 9
w 6 10
w 6 11
w 6 12
w 6 13
w 6 14
w 6 18
w 7 2
w 7 4
w 7 5
w 7 7
w 7 8
w 7 11
w 7 12
w 7 13
w 7 14
w 7 15
w 7 18
w 8 3
w 8 4
w 8 10
w 8 11
w 8 12
w 8 13
w 8 14
w 8 15
w 8 16
w 8 17
w 9 2
w 9 8
w 9 11
w 9 12
w 9 13
w 9 14
w 9 15
w 9 16
w 9 17
w 9 18
w 10 0
w 10 4
w 10 5
w 10 6
w 10 7
w 10 8
w 10 10
w 10 11
w 10 12
w 10 13
w 10 14
w 10 15
w 10 16
w 10 17
w 10 18
w 11 8
w 11 10
w 11 11
w 11 12
w 11 13
w 11 14
w 11 15
w 11 16
w 11 17
w 11 18
w 12 2
w 12 3
w 12 4
w 12 6
w 12 8
w 12 9
w 12 10
w 12 11
w 12 12
w 12 13
w 12 14
w 12 15
w 12 16
w 12 17
w 13 4
w 13 5
w 13 6
w 13 7
w 13 8
w 13 9
w 13 10
w 13 11
w 13 12
w 13 13
w 13 14
w 13 15
w 13 16
w 14 2
w 14 4
w 14 5
w 14 6
w 14 7
w 14 8
w 14 9
w 14 10
w 14 11
w 14 12
w 14 13
w 14 14
w 14 15
w 14 16
w 15 5
w 15 6
w 15 7
w 15 8
w 15 9
w 15 10
w 15 11
w 15 12
w 15 13
w 15 14
w 15 15
w 16 0
w 16 2
w 16 3
w 16 5
w 16 6
w 16 7
w 16 8
w 16 9
w 16 10
w 16 11
w 16 12
w 16 13
w 16 17
w 16 18
w 17 0
w 17 2
w 17 8
w 17 10
w 17 11
w 17 12
w 17 13
w 17 14
w 18 0
w 18 2
w 18 5
w 18 7
w 18 11
w 18 15
w 18 16
w 18 18
w 19 0
w 19 2
w 19 3
w 19 8
w 19 9
w 19 13
w 19 15
w 19 18
w 20 0
w 20 2
w 20 3
w 20 12
w 20 13
w 20 14
w 20 15
w 20 17
w 20 18
w 21 0
w 21 5
w 21 7
w 21 8
w 21 9
w 21 11
w 21 12
w 21 13
w 21 15
w 21 17
w 21 18
w 22 0
w 22 2
w 22 4
w 22 5
w 22 6
w 22 7
w 22 8
w 22 9
w 22 12
w 22 13
w 22 17
w 23 2
w 23 3
w 23 4
w 23 5
w 23 6
w 23 7
w 23 8
w 23 11
w 23 12
w 23 13
w 23 14
w 23 15
w 23 16
w 23 17
w 24 0
w 24 6
w 24 7
w 24 8
w 24 10
w 24 11
w 24 12
w 24 13
w 24 14
w 24 15
w 24 16
w 24 17
w 24 18
w 25 2
w 25 3
w 25 5
w 25 6
w 25 7
w 25 8
w 25 12
w 25 13
w 25 14
w 25 15
w 25 18
w 26 2
w 26 3
w 26 4
w 26 5
w 26 6
w 26 7
w 26 8
w 26 9
w 26 10
w 26 12
w 26 13
w 26 14
w 26 15
w 26 16
w 27 2
w 27 5
w 27 6
w 27 7
w 27 8
w 27 9
w 27 11
w 27 12
w 27 13
w 27 14
w 27 15
w 27 16
w 27 17
w 28 4
w 28 5
w 28 6
w 28 7
w 28 8
w 28 9
w 28 15
w 28 16
w 28 17
w 29 2
w 29 3
w 29 4
w 29 5
w 29 6
w 29 7
w 29 8
w 29 9
w 29 10
w 29 11
w 29 14
w 29 15
w 29 16
w 29 17
w 30 3
w 30 4
w 30 5
w 30 7
w 30 11
w 30 13
w 30 14
w 30 15
w 30 16
w 30 17
w 31 3
w 31 4
w 31 5
w 31 7
w 31 8
w 31 13
w 31 14
w 31 15
w 31 16
w 31 17
w 31 18
w 32 0
w 32 2
w 32 7
w 32 8
w 32 9
w 32 12
w 32 13
w 32 14
w 32 15
w 32 16
w 32 17
w 33 2
w 33 5
w 33 6
w 33 7
w 33 9
w 33 10
w 33 12
w 33 13
w 33 15
p 19 14
p 21 10
p 18 1
p 29 1
p 34 17
p 8 1
p 1 11
p 33 16
p 0 3
p 13 0
p 31 10
p 26 19
p 5 19
p 24 2
p 3 2
p 15 18
p 10 2
t 1400 0
m 1 19
0 34 1
1 34 1
2 34 1
t 1399 0
m 2 19
0 34 2
1 33 1
2 34 2
f 27 0
t 1398 0
m 3 19
0 34 3
1 34 1
2 34 3
t 1397 0
m 4 19
0 34 4
1 34 2
2 34 4
t 1396 0
m 5 19
0 34 5
1 34 3
2 34 5
t 1395 5
m 6 19
0 34 6
1 34 4
2 34 6
t 1394 5
m 7 19
0 34 7
1 34 5
2 34 7
t 1393 5
m 8 19
0 34 8
1 34 6
2 34 8
t 1392 5
m 9 19
0 34 9
1 34 7
2 34 9
t 1391 5
m 10 19
0 34 10
1 34 8
2 34 10
t 1390 5
m 11 19
0 34 11
1 34 9
2 34 11
t 1389 5
m 12 19
0 34 12
1 34 10
2 34 12
t 1388 5
m 12 18
0 34 13
1 34 11
2 34 13
t 1387 5
m 13 18
0 34 14
1 34 12
2 34 14
t 1386 5
m 14 18
0 34 15
1 34 13
2 34 15
t 1385 5
m 15 18
0 34 16
1 34 14
2 34 16
t 1384 11
m 15 19
0 33 16
1 34 15
2 34 17
t 1383 11
m 16 19
0 33 17
1 34 16
2 33 17
t 1382 11
m 17 19
0 33 18
1 33 16
2 33 18
t 1381 11
m 18 19
0 32 18
1 33 17
2 32 18
t 1380 11
m 19 19
0 32 19
1 33 18
2 32 19
t 1379 11
m 20 19
0 31 19
1 32 18
2 31 19
t 1378 11
m 21 19
0 30 19
1 32 19
2 30 19
t 1377 11
m 22 19
0 29 19
1 32 18
2 29 19
t 1376 11
m 23 19
0 28 19
1 32 19
2 30 19
t 1375 11
m 24 19
0 27 19
1 31 19
2 29 19
t 1374 11
m 25 19
0 26 19
1 30 19
2 28 19
t 1373 11
m 26 19
0 25 19
1 29 19
2 27 19
t 1372 11
