35
20
m 0 19
0 34 0
1 34 0
2 34 0
w 0 0
w 0 1
w 0 2
w 0 3
w 0 4
w 0 5
w 0 6
w 0 7
w 0 8
w 0 9
w 0 10
w 0 12
w 0 13
w 1 0
w 1 1
w 1 2
w 1 3
w 1 4
w 1 5
w 1 6
w 1 10
w 1 13
w 1 15
w 1 18
w 2 0
w 2 1
w 2 2
w 2 3
w 2 4
w 2 5
w 2 6
w 2 8
w 2 12
w 2 15
w 2 16
w 2 17
w 3 0
w 3 1
w 3 2
w 3 3
w 3 4
w 3 5
w 3 6
w 3 7
w 3 8
w 3 9
w 3 11
w 3 12
w 3 13
w 3 14
w 3 15
w 3 16
w 3 17
w 3 19
w 4 0
w 4 1
w 4 2
w 4 8
w 4 16
w 4 17
w 4 19
w 5 0
w 5 1
w 5 6
w 5 7
w 5 8
w 5 9
w 5 10
w 5 13
w 6 0
w 6 3
w 6 8
w 6 9
w 6 10
w 6 11
w 6 13
w 6 15
w 6 18
w 6 19
w 7 0
w 7 2
w 7 3
w 7 4
w 7 6
w 7 7
w 7 8
w 7 9
w 7 10
w 7 11
w 7 13
w 7 14
w 7 18
w 7 19
w 8 0
w 8 2
w 8 6
w 8 7
w 8 8
w 8 9
w 8 13
w 8 15
w 8 19
w 9 0
w 9 1
w 9 5
w 9 8
w 9 9
w 9 11
w 9 15
w 9 16
w 9 17
w 10 0
w 10 1
w 10 4
w 10 9
w 10 14
w 10 15
w 10 16
w 10 17
w 11 0
w 11 1
w 11 9
w 11 11
w 11 14
w 11 15
w 11 16
w 11 17
w 11 18
w 11 19
w 12 0
w 12 1
w 12 2
w 12 3
w 12 4
w 12 6
w 12 9
w 12 10
w 12 11
w 12 12
w 12 15
w 12 16
w 12 17
w 12 18
w 12 19
w 13 0
w 13 1
w 13 2
w 13 3
w 13 5
w 13 6
w 13 7
w 13 11
w 13 12
w 13 14
w 13 16
w 13 17
w 13 18
w 13 19
w 14 0
w 14 1
w 14 2
w 14 3
w 14 5
w 14 9
w 14 11
w 14 18
w 14 19
w 15 0
w 15 1
w 15 2
w 15 5
w 15 8
w 15 9
w 15 10
w 15 13
w 15 14
w 15 16
w 15 18
w 15 19
w 16 13
w 16 14
w 16 15
w 16 16
w 16 17
w 16 18
w 16 19
w 17 1
w 17 5
w 17 6
w 17 7
w 17 9
w 17 12
w 17 13
w 17 14
w 17 15
w 17 16
w 17 17
w 17 18
w 17 19
w 18 0
w 18 3
w 18 7
w 18 8
w 18 9
w 18 13
w 18 14
w 18 15
w 18 16
w 18 17
w 18 18
w 18 19
w 19 0
w 19 3
w 19 4
w 19 7
w 19 8
w 19 9
w 19 12
w 19 13
w 19 14
w 19 15
w 19 16
w 19 17
w 19 18
w 19 19
w 20 0
w 20 1
w 20 4
w 20 5
w 20 6
w 20 8
w 20 10
w 20 12
w 20 13
w 20 14
w 20 15
w 20 16
w 20 17
w 20 18
w 20 19
w 21 1
w 21 12
w 21 13
w 21 14
w 21 15
w 21 16
w 21 17
w 21 18
w 21 19
w 22 8
w 22 10
w 22 12
w 22 13
w 22 14
w 22 15
w 22 16
w 22 17
w 22 18
w 22 19
w 23 0
w 23 1
w 23 3
w 23 4
w 23 5
w 23 7
w 23 8
w 23 10
w 23 12
w 23 13
w 23 14
w 23 15
w 23 16
w 23 17
w 23 18
w 23 19
w 24 0
w 24 1
w 24 6
w 24 9
w 24 10
w 24 12
w 24 13
w 24 14
w 24 15
w 24 16
w 24 17
w 24 18
w 24 19
w 25 0
w 25 1
w 25 4
w 25 8
w 25 9
w 25 10
w 25 14
w 25 15
w 25 16
w 25 17
w 25 18
w 25 19
w 26 1
w 26 7
w 26 8
w 26 9
w 26 10
w 26 12
w 26 15
w 26 16
w 26 17
w 26 19
w 27 3
w 27 4
w 27 5
w 27 6
w 27 7
w 27 8
w 27 9
w 27 10
w 27 19
w 28 7
w 28 8
w 28 9
w 28 10
w 28 13
w 28 15
w 28 16
w 28 18
w 28 19
w 29 1
w 29 5
w 29 6
w 29 7
w 29 8
w 29 9
w 29 10
w 29 15
w 29 16
w 29 17
w 29 18
w 29 19
w 30 0
w 30 3
w 30 4
w 30 6
w 30 7
w 30 8
w 30 9
w 30 13
w 30 15
w 30 16
w 30 17
w 30 18
w 30 19
w 31 12
w 31 17
w 31 18
w 31 19
w 32 1
w 32 2
w 32 3
w 32 4
w 32 7
w 32 8
w 32 13
w 32 14
w 32 15
w 32 17
w 32 18
w 32 19
w 33 2
w 33 3
w 33 4
w 33 5
w 33 9
w 33 10
w 33 12
w 33 17
w 33 18
w 33 19
w 34 4
w 34 5
w 34 6
w 34 9
w 34 10
w 34 12
w 34 14
w 34 16
w 34 17
w 34 18
w 34 19
p 2 14
p 7 1
p 18 1
p 16 0
p 34 1
p 28 0
p 5 4
p 9 6
p 31 15
p 21 2
p 11 2
p 23 2
p 30 2
p 13 15
p 26 2
p 0 11
t 1400 0
m 0 18
0 33 0
1 33 0
2 33 0
t 1399 0
m 0 17
0 32 0
1 32 0
2 32 0
t 1398 0
m 0 16
0 31 0
1 31 0
2 33 0
t 1397 0
m 0 15
0 31 1
1 31 1
2 32 0
t 1396 0
m 0 14
0 30 1
1 30 1
2 31 0
t 1395 0
m 1 14
0 30 2
1 30 2
2 31 1
t 1394 0
m 2 14
0 29 2
1 29 2
2 30 1
t 1393 6
m 1 14
0 28 2
1 28 2
2 30 2
t 1392 6
m 0 14
0 27 2
1 27 2
2 29 2
t 1391 6
m 0 15
0 26 2
1 26 2
2 28 2
t 1390 6
m 0 16
0 25 2
1 25 2
2 27 2
t 1389 6
m 0 17
0 24 2
1 24 2
2 26 2
t 1388 6
m 0 18
0 23 2
1 23 2
2 25 2
t 1387 6
m 0 19
0 22 2
1 22 2
2 24 2
t 1386 6
m 1 19
0 21 2
1 21 2
2 23 2
t 1385 6
m 2 19
0 20 2
1 20 2
2 22 2
t 1384 6
m 2 18
0 19 2
1 19 2
2 21 2
t 1383 6
m 3 18
0 18 2
1 18 2
2 20 2
t 1382 6
m 4 18
0 17 2
1 17 2
2 19 2
t 1381 6
m 5 18
0 16 2
1 16 2
2 18 2
t 1380 6
m 5 17
0 16 3
1 16 3
2 17 2
t 1379 6
m 5 16
0 16 4
1 16 4
2 16 2
t 1378 6
m 5 15
0 16 5
1 16 5
2 16 3
t 1377 6
m 4 15
0 16 6
1 16 6
2 16 4
t 1376 6
m 4 14
0 16 7
1 16 7
2 16 5
t 1375 6
m 4 13
0 16 8
1 16 8
2 16 6
t 1374 6
m 4 12
0 16 9
1 16 9
2 16 7
t 1373 6
m 4 11
0 16 10
1 16 10
2 16 8
f 22 2
t 1372 6
m 4 10
0 16 11
1 16 11
2 16 9
t 1371 6
m 3 10
0 15 11
1 15 11
2 16 10
t 1370 6
m 2 10
0 15 12
1 15 12
2 16 11
t 1369 6
m 2 11
0 14 12
1 14 12
2 15 11
t 1368 6
m 1 11
0 14 13
1 14 13
2 15 12
t 1367 6
m 0 11
0 13 13
1 13 13
2 14 12
t 1366 12
m 0 11
0 12 13
1 12 13
2 14 13
t 1365 12
m 0 11
0 11 13
1 11 13
2 13 13
t 1364 12
m 0 11
0 10 13
1 10 13
2 12 13
t 1363 12
m 0 11
0 9 13
1 9 13
2 11 13
t 1362 12
m 0 11
0 9 12
1 9 12
2 10 13
t 1361 12
m 1 11
0 8 12
1 8 12
2 9 13
t 1360 12
m 2 11
0 7 12
1 7 12
2 9 12
t 1359 12
m 2 10
0 6 12
1 6 12
2 8 12
t 1358 12
m 3 10
0 5 12
1 5 12
2 8 11
t 1357 12
m 4 10
0 6 12
1 4 12
2 8 12
t 1356 12
m 4 10
0 5 12
1 4 11
2 7 12
t 1355 12
m 4 10
0 4 12
1 4 10
2 6 12
t 1354 12
