35
20
m 0 19
0 34 0
1 34 0
2 34 0
w 0 0
w 0 1
w 0 2
w 0 3
w 0 4
w 0 5
w 0 6
w 0 7
w 0 8
w 0 9
w 0 10
w 0 11
w 0 12
w 0 13
w 0 14
w 0 15
w 0 16
w 0 17
w 0 18
w 1 0
w 1 1
w 1 2
w 1 3
w 1 4
w 1 5
w 1 6
w 1 7
w 1 8
w 1 9
w 1 10
w 1 11
w 1 13
w 1 14
w 1 15
w 1 16
w 1 17
w 1 18
w 2 0
w 2 1
w 2 2
w 2 3
w 2 4
w 2 5
w 2 6
w 2 7
w 2 8
w 2 9
w 2 10
w 2 11
w 2 13
w 2 14
w 2 15
w 2 16
w 3 0
w 3 1
w 3 2
w 3 3
w 3 4
w 3 5
w 3 6
w 3 7
w 3 8
w 3 9
w 3 13
w 3 14
w 3 15
w 3 17
w 3 19
w 4 0
w 4 1
w 4 2
w 4 3
w 4 4
w 4 5
w 4 6
w 4 7
w 4 8
w 4 9
w 5 0
w 5 1
w 5 2
w 5 3
w 5 4
w 5 5
w 5 6
w 5 7
w 5 8
w 5 15
w 5 17
w 6 0
w 6 1
w 6 3
w 6 4
w 6 5
w 6 6
w 6 7
w 6 8
w 6 9
w 6 10
w 6 12
w 6 17
w 6 18
w 7 4
w 7 5
w 7 6
w 7 7
w 7 8
w 7 9
w 7 10
w 7 12
w 7 13
w 7 14
w 7 15
w 7 17
w 8 0
w 8 2
w 8 4
w 8 5
w 8 6
w 8 7
w 8 8
w 8 9
w 8 12
w 8 13
w 8 14
w 8 15
w 8 17
w 9 0
w 9 2
w 9 4
w 9 5
w 9 6
w 9 7
w 9 8
w 9 9
w 9 11
w 9 13
w 9 14
w 9 15
w 9 16
w 9 17
w 10 5
w 10 6
w 10 7
w 10 8
w 10 9
w 10 11
w 10 14
w 10 15
w 10 16
w 10 17
w 10 19
w 11 4
w 11 5
w 11 6
w 11 7
w 11 8
w 11 9
w 11 10
w 11 13
w 11 14
w 11 15
w 11 16
w 11 17
w 12 2
w 12 4
w 12 5
w 12 6
w 12 7
w 12 8
w 12 9
w 12 10
w 12 12
w 12 14
w 12 15
w 12 17
w 12 18
w 13 1
w 13 5
w 13 6
w 13 7
w 13 8
w 13 9
w 13 14
w 14 0
w 14 1
w 14 3
w 14 6
w 14 7
w 14 11
w 14 12
w 14 17
w 14 18
w 15 1
w 15 3
w 15 5
w 15 6
w 15 12
w 15 13
w 15 14
w 15 16
w 15 17
w 16 14
w 16 16
w 16 19
w 17 7
w 17 12
w 17 15
w 17 16
w 17 17
w 17 18
w 17 19
w 18 1
w 18 3
w 18 4
w 18 5
w 18 8
w 18 9
w 18 10
w 18 12
w 18 13
w 18 15
w 18 18
w 18 19
w 19 1
w 19 4
w 19 5
w 19 6
w 19 7
w 19 9
w 19 19
w 20 2
w 20 6
w 20 9
w 20 14
w 20 15
w 20 17
w 20 19
w 21 1
w 21 2
w 21 5
w 21 6
w 21 7
w 21 9
w 21 10
w 21 12
w 21 19
w 22 1
w 22 3
w 22 4
w 22 5
w 22 6
w 22 7
w 22 10
w 22 14
w 22 16
w 23 4
w 23 5
w 23 6
w 23 7
w 23 8
w 23 10
w 23 14
w 23 17
w 23 19
w 24 1
w 24 3
w 24 4
w 24 5
w 24 7
w 24 15
w 24 16
w 24 17
w 24 18
w 24 19
w 25 3
w 25 4
w 25 5
w 25 9
w 25 12
w 25 15
w 25 16
w 25 17
w 25 18
w 25 19
w 26 3
w 26 4
w 26 5
w 26 7
w 26 8
w 26 9
w 26 10
w 26 12
w 26 14
w 26 15
w 26 16
w 26 17
w 26 18
w 26 19
w 27 1
w 27 3
w 27 4
w 27 5
w 27 6
w 27 7
w 27 10
w 27 13
w 27 14
w 27 15
w 27 16
w 27 17
w 27 18
w 27 19
w 28 1
w 28 2
w 28 3
w 28 4
w 28 5
w 28 6
w 28 13
w 28 14
w 28 15
w 28 16
w 28 17
w 28 18
w 28 19
w 29 1
w 29 2
w 29 3
w 29 4
w 29 5
w 29 9
w 29 12
w 29 13
w 29 16
w 29 17
w 29 18
w 29 19
w 30 2
w 30 3
w 30 4
w 30 5
w 30 6
w 30 7
w 30 8
w 30 9
w 30 15
w 30 16
w 30 17
w 30 18
w 30 19
w 31 1
w 31 2
w 31 3
w 31 4
w 31 5
w 31 6
w 31 7
w 31 9
w 31 10
w 31 13
w 31 16
w 31 17
w 31 18
w 31 19
w 32 1
w 32 2
w 32 3
w 32 4
w 32 5
w 32 6
w 32 9
w 32 12
w 32 13
w 32 14
w 32 16
w 32 17
w 32 18
w 32 19
w 33 1
w 33 2
w 33 3
w 33 4
w 33 7
w 33 9
w 33 10
w 33 12
w 33 13
w 33 14
w 33 15
w 33 16
w 33 17
w 33 18
w 33 19
w 34 13
w 34 14
w 34 15
w 34 16
w 34 17
w 34 18
w 34 19
p 1 12
p 4 19
p 33 0
p 12 16
p 16 3
p 14 10
p 22 17
p 7 3
p 17 6
p 27 0
p 19 11
p 29 15
p 20 18
p 24 11
p 10 2
t 1400 0
m 1 19
0 33 0
1 33 0
2 33 0
t 1399 0
m 2 19
0 32 0
1 32 0
2 32 0
t 1398 0
m 2 18
0 31 0
1 31 0
2 31 0
t 1397 0
m 3 18
0 30 0
1 30 0
2 30 0
t 1396 0
m 4 18
0 29 0
1 29 0
2 29 0
t 1395 0
m 4 19
0 28 0
1 28 0
2 28 0
t 1394 6
m 4 18
0 27 0
1 27 0
2 27 0
f 18 14
t 1393 6
m 4 17
0 26 0
1 26 0
2 26 0
t 1392 6
m 4 16
0 25 0
1 25 0
2 25 0
t 1391 6
m 4 15
0 24 0
1 24 0
2 24 0
t 1390 6
m 4 14
0 23 0
1 23 0
2 23 0
t 1389 6
m 4 13
0 22 0
1 22 0
2 22 0
t 1388 6
m 4 12
0 21 0
1 21 0
2 23 0
t 1387 6
m 3 12
0 20 0
1 20 0
2 22 0
t 1386 6
m 2 12
0 19 0
1 19 0
2 21 0
t 1385 6
m 1 12
0 18 0
1 18 0
2 20 0
t 1384 13
m 2 12
0 17 0
1 17 0
2 19 0
t 1383 13
m 3 12
0 16 0
1 16 0
2 18 0
t 1382 13
m 4 12
0 16 1
1 16 1
2 17 0
t 1381 13
m 4 13
0 16 2
1 16 2
2 16 0
t 1380 13
m 4 14
0 16 3
1 16 3
2 16 1
t 1379 13
m 4 15
0 16 4
1 16 4
2 16 2
t 1378 13
m 4 16
0 16 5
1 16 5
2 16 3
t 1377 13
m 4 17
0 16 6
1 16 6
2 16 4
t 1376 13
m 4 18
0 16 7
1 16 7
2 16 5
t 1375 13
m 5 18
0 15 7
1 15 7
2 16 6
t 1374 13
m 5 19
0 15 8
1 15 8
2 16 7
t 1373 13
m 6 19
0 14 8
1 14 8
2 15 7
t 1372 13
m 7 19
0 14 9
1 14 9
2 15 8
t 1371 13
m 7 18
0 14 10
1 14 10
2 14 8
t 1370 13
m 8 18
0 13 10
1 13 10
2 14 9
t 1369 13
m 9 18
0 13 11
1 13 11
2 14 10
t 1368 13
m 10 18
0 13 10
1 13 12
2 13 10
t 1367 13
m 11 18
0 13 11
1 13 13
2 13 11
t 1366 13
m 11 19
0 13 12
1 14 13
2 13 12
t 1365 13
m 12 19
0 13 13
1 14 14
2 13 13
t 1364 13
m 13 19
0 14 13
1 14 15
2 14 13
t 1363 13
m 13 18
0 14 14
1 13 15
2 14 14
t 1362 13
m 13 17
0 14 15
1 13 16
2 14 15
t 1361 13
m 13 17
0 13 15
1 13 17
2 13 15
t 1360 13
