35
20
m 0 19
0 34 0
1 34 0
2 34 0
w 0 0
w 0 1
w 0 3
w 0 4
w 0 5
w 0 6
w 0 7
w 0 8
w 0 9
w 0 14
w 0 15
w 1 0
w 1 1
w 1 3
w 1 4
w 1 5
w 1 6
w 1 7
w 1 8
w 1 12
w 1 17
w 1 18
w 2 0
w 2 4
w 2 12
w 2 13
w 2 16
w 2 17
w 2 18
w 2 19
w 3 0
w 3 3
w 3 6
w 3 8
w 3 9
w 3 10
w 3 16
w 3 17
w 3 18
w 3 19
w 4 3
w 4 4
w 4 5
w 4 6
w 4 7
w 4 9
w 4 12
w 4 14
w 4 15
w 4 16
w 4 17
w 4 19
w 5 1
w 5 11
w 5 12
w 5 14
w 6 0
w 6 2
w 6 5
w 6 7
w 6 8
w 6 9
w 6 12
w 6 16
w 6 17
w 6 18
w 6 19
w 7 9
w 7 11
w 7 12
w 7 13
w 7 14
w 7 16
w 7 17
w 7 18
w 7 19
w 8 0
w 8 3
w 8 4
w 8 5
w 8 9
w 8 10
w 8 11
w 8 12
w 8 14
w 8 15
w 8 16
w 8 17
w 8 18
w 8 19
w 9 0
w 9 6
w 9 9
w 9 10
w 9 11
w 9 12
w 9 14
w 9 15
w 9 16
w 9 17
w 10 4
w 10 6
w 10 9
w 10 10
w 10 11
w 10 14
w 10 15
w 10 16
w 11 7
w 11 9
w 11 15
w 11 16
w 12 2
w 12 3
w 12 4
w 12 5
w 12 7
w 12 11
w 12 13
w 12 17
w 13 2
w 13 3
w 13 5
w 13 6
w 13 7
w 13 9
w 13 11
w 13 12
w 13 13
w 14 5
w 14 6
w 14 7
w 14 12
w 14 13
w 14 14
w 15 6
w 15 9
w 15 10
w 15 11
w 15 12
w 15 13
w 15 16
w 15 19
w 16 0
w 16 2
w 16 3
w 16 4
w 16 5
w 16 6
w 16 7
w 16 9
w 16 10
w 16 11
w 16 12
w 16 13
w 16 16
w 16 18
w 16 19
w 17 2
w 17 3
w 17 4
w 17 5
w 17 6
w 17 9
w 17 10
w 17 11
w 17 12
w 17 13
w 17 18
w 17 19
w 18 2
w 18 3
w 18 4
w 18 5
w 18 6
w 18 9
w 18 10
w 18 11
w 18 12
w 18 14
w 18 15
w 18 17
w 18 18
w 18 19
w 19 3
w 19 4
w 19 5
w 19 10
w 19 11
w 19 15
w 19 17
w 19 18
w 19 19
w 20 0
w 20 3
w 20 4
w 20 5
w 20 6
w 20 7
w 20 9
w 20 10
w 20 11
w 20 18
w 20 19
w 21 0
w 21 2
w 21 3
w 21 6
w 21 7
w 21 11
w 21 12
w 21 13
w 21 14
w 21 16
w 21 19
w 22 4
w 22 6
w 22 7
w 22 10
w 22 11
w 22 12
w 22 13
w 22 15
w 22 16
w 23 3
w 23 7
w 23 10
w 23 11
w 23 12
w 23 18
w 23 19
w 24 0
w 24 7
w 24 11
w 24 12
w 24 14
w 24 15
w 24 19
w 25 4
w 25 5
w 25 7
w 25 9
w 25 10
w 25 11
w 25 12
w 25 13
w 25 14
w 25 19
w 26 2
w 26 4
w 26 5
w 26 10
w 26 13
w 26 14
w 26 15
w 26 18
w 27 3
w 27 5
w 27 6
w 27 7
w 27 12
w 27 13
w 28 0
w 28 7
w 28 11
w 28 15
w 28 17
w 28 18
w 28 19
w 29 0
w 29 3
w 29 7
w 29 10
w 29 11
w 29 14
w 29 17
w 29 18
w 29 19
w 30 0
w 30 3
w 30 6
w 30 9
w 30 15
w 30 16
w 30 17
w 30 18
w 30 19
w 31 2
w 31 3
w 31 5
w 31 6
w 31 9
w 31 10
w 31 12
w 31 13
w 31 18
w 31 19
w 32 0
w 32 3
w 32 5
w 32 6
w 32 7
w 32 13
w 32 14
w 32 15
w 32 17
w 32 18
w 32 19
w 33 2
w 33 3
w 33 4
w 33 5
w 33 6
w 33 7
w 33 9
w 33 11
w 33 12
w 33 13
w 33 14
w 33 15
w 33 18
w 33 19
w 34 10
w 34 11
w 34 12
w 34 13
w 34 14
w 34 15
w 34 16
w 34 17
w 34 18
w 34 19
p 34 4
p 21 10
p 14 16
p 0 2
p 2 5
p 11 11
p 29 16
p 31 16
p 23 6
p 19 8
p 13 1
p 26 16
p 4 1
p 28 4
p 5 17
p 10 1
p 7 8
p 24 18
p 16 17
t 1400 0
m 0 18
0 33 0
1 33 0
2 33 0
t 1399 0
m 0 17
0 33 1
1 33 1
2 33 1
t 1398 0
m 0 16
0 32 1
1 32 1
2 32 1
f 27 4
t 1397 0
m 1 16
0 31 1
1 31 1
2 31 1
t 1396 0
m 1 15
0 30 1
1 30 1
2 30 1
t 1395 0
m 2 15
0 29 1
1 29 1
2 29 1
t 1394 0
m 3 15
0 28 1
1 28 1
2 28 1
t 1393 0
m 3 14
0 27 1
1 27 1
2 27 1
t 1392 0
m 3 13
0 26 1
1 26 1
2 26 1
t 1391 0
m 4 13
0 25 1
1 25 1
2 26 0
t 1390 0
m 5 13
0 24 1
1 24 1
2 25 0
t 1389 0
m 6 13
0 23 1
1 23 1
2 25 1
t 1388 0
m 6 14
0 22 1
1 22 1
2 24 1
t 1387 0
m 6 15
0 21 1
1 21 1
2 23 1
t 1386 0
m 5 15
0 20 1
1 20 1
2 22 1
t 1385 0
m 5 16
0 19 1
1 19 1
2 21 1
t 1384 0
m 5 17
0 18 1
1 18 1
2 20 1
t 1383 5
m 5 16
0 17 1
1 17 1
2 19 1
t 1382 5
m 5 15
0 16 1
1 16 1
2 18 1
t 1381 5
m 6 15
0 15 1
1 15 1
2 17 1
t 1380 5
m 6 14
0 14 1
1 14 1
2 16 1
t 1379 5
m 6 13
0 13 1
1 13 1
2 15 1
t 1378 5
m 5 13
0 12 1
1 12 1
2 14 1
t 1377 5
m 4 13
0 11 1
1 11 1
2 13 1
t 1376 5
m 3 13
0 10 1
1 10 1
2 12 1
t 1375 5
m 3 12
0 10 2
1 9 1
2 11 1
t 1374 5
m 3 11
0 9 2
1 8 1
2 10 1
t 1373 5
m 2 11
0 8 2
1 7 1
2 9 1
t 1372 5
m 2 10
0 7 2
1 7 2
2 9 2
t 1371 5
m 2 9
0 7 3
1 7 3
2 9 3
t 1370 5
m 2 8
0 6 3
1 6 3
2 9 2
t 1369 5
m 2 7
0 5 3
1 5 3
2 8 2
t 1368 5
m 2 6
0 5 4
1 5 4
2 7 2
t 1367 5
m 2 5
0 5 5
1 5 5
2 7 3
t 1366 10
m 2 6
0 5 6
1 5 6
2 6 3
t 1365 10
m 2 6
0 5 7
1 5 7
2 5 3
t 1364 10
m 2 6
0 5 8
1 5 8
2 5 4
t 1363 10
m 2 6
0 5 9
1 5 9
2 5 5
t 1362 10
m 2 6
0 5 10
1 5 10
2 5 6
t 1361 10
m 2 6
0 4 10
1 4 10
2 5 7
t 1360 10
m 2 6
0 4 11
1 4 11
2 5 8
t 1359 10
m 2 6
0 3 11
1 3 11
2 5 9
t 1358 10
m 2 6
0 2 11
1 3 12
2 5 10
t 1357 10
m 2 6
0 2 10
1 3 13
2 4 10
t 1356 10
m 2 6
0 2 9
1 3 12
2 4 11
t 1355 10
m 2 6
0 2 8
1 3 11
2 3 11
t 1354 10
m 2 6
0 2 7
1 2 11
2 2 11
t 1353 10
m 2 6
0 2 6
1 2 10
2 2 10
t 1352 10
