35
20
m 0 19
0 34 0
1 34 0
2 34 0
w 0 0
w 0 2
w 0 3
w 0 7
w 0 8
w 0 10
w 0 13
w 0 14
w 0 17
w 0 18
w 2 2
w 2 4
w 2 7
w 2 8
w 2 9
w 2 11
w 2 14
w 2 16
w 3 3
w 3 4
w 3 5
w 3 7
w 3 9
w 3 13
w 3 14
w 3 16
w 3 17
w 3 18
w 4 1
w 4 3
w 4 4
w 4 5
w 4 9
w 4 12
w 4 13
w 4 14
w 4 15
w 4 16
w 4 17
w 4 18
w 5 4
w 5 5
w 5 7
w 5 8
w 5 10
w 5 11
w 5 12
w 5 13
w 5 14
w 5 15
w 5 16
w 5 17
w 5 18
w 6 4
w 6 5
w 6 6
w 6 10
w 6 11
w 6 12
w 6 13
w 6 14
w 6 15
w 6 16
w 6 17
w 6 18
w 7 1
w 7 7
w 7 8
w 7 10
w 7 11
w 7 12
w 7 13
w 7 14
w 7 15
w 7 16
w 7 17
w 8 3
w 8 4
w 8 6
w 8 7
w 8 10
w 8 11
w 8 12
w 8 13
w 8 14
w 8 15
w 8 16
w 8 17
w 8 18
w 9 3
w 9 5
w 9 6
w 9 7
w 9 8
w 9 10
w 9 11
w 9 12
w 9 13
w 9 14
w 9 15
w 9 16
w 9 17
w 9 18
w 10 1
w 10 5
w 10 6
w 10 7
w 10 8
w 10 10
w 10 11
w 10 12
w 10 13
w 10 14
w 10 15
w 10 16
w 10 17
w 10 18
w 11 1
w 11 3
w 11 4
w 11 5
w 11 6
w 11 7
w 11 13
w 11 14
w 11 15
w 11 16
w 11 17
w 12 1
w 12 4
w 12 5
w 12 6
w 12 7
w 12 9
w 12 12
w 12 14
w 12 15
w 12 16
w 12 17
w 12 18
w 13 1
w 13 2
w 13 3
w 13 4
w 13 5
w 13 6
w 13 7
w 13 10
w 13 15
w 13 16
w 14 3
w 14 5
w 14 6
w 14 7
w 14 9
w 14 12
w 14 13
w 14 17
w 15 1
w 15 3
w 15 6
w 15 8
w 15 9
w 15 10
w 15 13
w 15 15
w 15 17
w 15 18
w 16 5
w 16 6
w 16 8
w 16 9
w 16 10
w 16 11
w 16 13
w 16 14
w 16 15
w 16 18
w 17 2
w 17 8
w 17 9
w 17 10
w 17 12
w 17 13
w 17 15
w 18 1
w 18 2
w 18 6
w 18 10
w 18 17
w 19 6
w 19 11
w 19 12
w 19 13
w 19 18
w 20 3
w 20 4
w 20 8
w 20 10
w 20 12
w 20 13
w 20 14
w 20 17
w 20 18
w 21 1
w 21 5
w 21 7
w 21 8
w 21 10
w 21 13
w 21 14
w 21 16
w 22 3
w 22 7
w 22 11
w 22 13
w 22 14
w 22 15
w 22 16
w 22 18
w 23 1
w 23 3
w 23 4
w 23 5
w 23 6
w 23 7
w 23 8
w 23 9
w 23 13
w 23 14
w 23 15
w 23 16
w 23 18
w 24 1
w 24 2
w 24 4
w 24 5
w 24 6
w 24 7
w 24 8
w 24 9
w 24 10
w 24 11
w 24 12
w 24 13
w 24 14
w 24 15
w 24 16
w 24 17
w 25 1
w 25 4
w 25 5
w 25 6
w 25 7
w 25 8
w 25 9
w 25 10
w 25 11
w 25 12
w 25 13
w 25 14
w 25 15
w 25 16
w 25 18
w 26 5
w 26 6
w 26 7
w 26 8
w 26 9
w 26 10
w 26 11
w 26 12
w 26 13
w 26 14
w 26 15
w 26 16
w 26 18
w 27 2
w 27 3
w 27 4
w 27 5
w 27 6
w 27 7
w 27 8
w 27 9
w 27 10
w 27 11
w 27 12
w 27 13
w 27 14
w 27 15
w 28 2
w 28 10
w 28 11
w 28 13
w 28 14
w 28 15
w 28 17
w 29 1
w 29 5
w 29 9
w 29 10
w 29 11
w 29 14
w 29 18
w 30 2
w 30 4
w 30 7
w 30 10
w 30 14
w 30 15
w 30 16
w 31 1
w 31 6
w 31 7
w 31 13
w 31 14
w 31 15
w 31 17
w 32 1
w 32 3
w 32 4
w 32 6
w 32 7
w 32 8
w 32 12
w 32 13
w 32 14
w 32 15
w 32 17
w 33 1
w 33 2
w 33 3
w 33 5
w 33 6
w 33 10
w 33 12
w 33 13
w 33 18
p 0 1
p 13 8
p 34 1
p 1 11
p 16 19
p 21 9
p 26 17
p 28 19
p 5 1
p 2 19
p 7 9
p 18 9
p 14 19
p 30 9
p 32 0
p 23 2
p 10 9
p 19 15
t 1400 0
m 1 19
0 33 0
1 33 0
2 33 0
t 1399 0
m 2 19
0 32 0
1 32 0
2 32 0
t 1398 5
m 1 19
0 31 0
1 31 0
2 31 0
t 1397 5
m 1 18
0 30 0
1 30 0
2 30 0
f 11 2
t 1396 5
m 1 17
0 29 0
1 29 0
2 29 0
t 1395 5
m 1 16
0 28 0
1 28 0
2 28 0
t 1394 5
m 1 15
0 27 0
1 27 0
2 27 0
t 1393 5
m 1 14
0 26 0
1 26 0
2 26 0
t 1392 5
m 1 13
0 25 0
1 25 0
2 25 0
t 1391 5
m 1 12
0 24 0
1 24 0
2 24 0
t 1390 5
m 1 11
0 23 0
1 23 0
2 23 0
t 1389 11
m 1 10
0 22 0
1 22 0
2 22 0
t 1388 11
m 1 9
0 21 0
1 21 0
2 21 0
t 1387 11
m 1 8
0 20 0
1 20 0
2 20 0
t 1386 11
m 1 7
0 19 0
1 19 0
2 19 0
t 1385 11
m 1 6
0 18 0
1 18 0
2 18 0
t 1384 11
m 1 5
0 17 0
1 17 0
2 17 0
t 1383 11
m 1 4
0 16 0
1 16 0
2 16 0
t 1382 11
m 1 3
0 15 0
1 15 0
2 15 0
t 1381 11
m 1 2
0 14 0
1 14 0
2 14 0
t 1380 11
m 1 1
0 13 0
1 13 0
2 13 0
t 1379 11
m 2 1
0 12 0
1 12 0
2 12 0
t 1378 11
m 1 1
0 11 0
1 11 0
2 11 0
t 1377 11
m 0 1
0 10 0
1 10 0
2 10 0
t 1376 16
m 1 1
0 9 0
1 9 0
2 9 0
t 1375 16
m 2 1
0 8 0
1 8 0
2 8 0
t 1374 16
m 3 1
0 9 0
1 7 0
2 7 0
t 1373 16
m 3 2
0 8 0
1 6 0
2 6 0
t 1372 16
m 4 2
0 7 0
1 5 0
2 5 0
t 1371 16
m 5 2
0 8 0
1 6 0
2 5 1
t 1370 16
m 5 1
0 7 0
1 5 0
2 5 2
t 1369 16
