35
20
m 0 19
0 34 0
1 34 0
2 34 0
w 0 0
w 0 1
w 1 0
w 1 3
w 1 5
w 1 7
w 1 8
w 1 10
w 1 11
w 1 12
w 1 15
w 1 16
w 1 17
w 2 0
w 2 3
w 2 9
w 2 10
w 2 11
w 2 12
w 2 13
w 2 14
w 2 17
w 3 0
w 3 1
w 3 4
w 3 5
w 3 6
w 3 8
w 3 9
w 3 10
w 3 11
w 3 12
w 3 16
w 3 17
w 4 0
w 4 4
w 4 5
w 4 6
w 4 7
w 4 8
w 4 9
w 4 10
w 4 12
w 4 15
w 4 16
w 5 0
w 5 3
w 5 4
w 5 5
w 5 6
w 5 7
w 5 8
w 5 9
w 5 10
w 5 15
w 5 17
w 5 18
w 6 0
w 6 1
w 6 3
w 6 4
w 6 5
w 6 6
w 6 7
w 6 8
w 6 9
w 6 10
w 6 13
w 6 17
w 7 0
w 7 1
w 7 5
w 7 6
w 7 7
w 7 8
w 7 9
w 7 10
w 7 11
w 7 16
w 7 17
w 8 0
w 8 1
w 8 3
w 8 7
w 8 8
w 8 9
w 8 10
w 8 11
w 8 12
w 8 13
w 8 14
w 8 17
w 8 18
w 9 0
w 9 1
w 9 4
w 9 6
w 9 7
w 9 8
w 9 9
w 9 10
w 9 11
w 10 0
w 10 1
w 10 5
w 10 6
w 10 7
w 10 8
w 10 9
w 10 10
w 10 16
w 10 18
w 11 1
w 11 6
w 11 7
w 11 8
w 11 9
w 11 11
w 11 13
w 11 16
w 11 18
w 12 1
w 12 3
w 12 5
w 12 9
w 12 11
w 12 12
w 12 17
w 13 3
w 13 5
w 13 13
w 13 15
w 13 18
w 14 3
w 14 4
w 14 9
w 14 10
w 14 11
w 14 12
w 14 13
w 14 15
w 14 16
w 14 18
w 15 3
w 15 4
w 15 8
w 15 9
w 15 12
w 15 13
w 15 14
w 15 15
w 15 17
w 15 18
w 16 0
w 16 3
w 16 4
w 16 12
w 16 13
w 16 14
w 16 15
w 17 1
w 17 4
w 17 5
w 17 6
w 17 7
w 17 9
w 17 12
w 17 13
w 17 15
w 17 16
w 17 17
w 18 3
w 18 4
w 18 5
w 18 6
w 18 9
w 18 13
w 18 16
w 19 3
w 19 4
w 19 5
w 19 11
w 19 12
w 19 13
w 19 15
w 20 1
w 20 4
w 20 5
w 20 6
w 20 9
w 20 10
w 20 15
w 20 16
w 21 0
w 21 5
w 21 6
w 21 10
w 21 12
w 21 13
w 21 15
w 21 16
w 21 17
w 21 18
w 22 0
w 22 1
w 22 3
w 22 4
w 22 5
w 22 6
w 22 9
w 22 10
w 22 11
w 22 12
w 22 13
w 22 15
w 23 0
w 23 3
w 23 4
w 23 5
w 23 9
w 23 10
w 23 11
w 23 12
w 23 13
w 24 0
w 24 3
w 24 4
w 24 8
w 24 9
w 24 10
w 24 11
w 24 12
w 24 13
w 24 14
w 24 15
w 24 17
w 24 18
w 25 1
w 25 3
w 25 4
w 25 5
w 25 9
w 25 10
w 25 11
w 25 12
w 25 13
w 25 14
w 25 15
w 25 18
w 26 9
w 26 10
w 26 11
w 26 12
w 26 13
w 26 14
w 26 15
w 26 16
w 26 17
w 26 18
w 27 8
w 27 9
w 27 10
w 27 11
w 27 12
w 27 13
w 27 14
w 27 15
w 27 16
w 27 17
w 27 18
w 28 0
w 28 1
w 28 5
w 28 9
w 28 10
w 28 11
w 28 12
w 28 13
w 28 14
w 28 15
w 28 17
w 29 0
w 29 1
w 29 5
w 29 6
w 29 7
w 29 8
w 29 9
w 29 10
w 29 13
w 29 14
w 29 17
w 30 0
w 30 1
w 30 7
w 30 8
w 30 9
w 30 10
w 30 11
w 30 13
w 30 16
w 30 17
w 30 18
w 31 0
w 31 1
w 31 3
w 31 4
w 31 5
w 31 7
w 31 8
w 31 9
w 31 10
w 31 11
w 31 17
w 31 18
w 33 2
w 33 3
w 33 4
w 33 5
w 33 6
w 33 7
w 33 8
w 33 9
w 33 12
w 33 13
w 33 14
w 33 16
w 33 18
w 34 3
w 34 4
w 34 5
w 34 6
w 34 7
w 34 8
w 34 9
w 34 10
w 34 14
p 12 4
p 31 14
p 34 19
p 3 13
p 0 2
p 5 16
p 1 6
p 13 11
p 29 4
p 18 19
p 17 2
p 22 16
p 27 0
p 10 11
p 24 16
p 20 12
p 8 4
p 15 6
p 32 16
t 1400 0
m 0 18
0 33 0
1 33 0
2 33 0
t 1399 0
m 0 17
0 32 0
1 32 0
2 32 0
t 1398 0
m 0 16
0 32 1
1 32 1
2 32 1
t 1397 0
m 0 15
0 32 2
1 32 2
2 32 2
t 1396 0
m 0 14
0 31 2
1 31 2
2 31 2
t 1395 0
m 0 13
0 30 2
1 30 2
2 30 2
t 1394 0
m 0 12
0 29 2
1 29 2
2 29 2
f 15 1
t 1393 0
m 0 11
0 28 2
1 28 2
2 28 2
t 1392 0
m 0 10
0 27 2
1 27 2
2 27 2
t 1391 0
m 0 9
0 26 2
1 26 2
2 26 2
t 1390 0
m 0 8
0 25 2
1 25 2
2 25 2
t 1389 0
m 0 7
0 24 2
1 24 2
2 24 2
t 1388 0
m 0 6
0 23 2
1 23 2
2 23 2
t 1387 0
m 1 6
0 22 2
1 22 2
2 22 2
t 1386 5
m 0 6
0 21 2
1 21 2
2 21 2
t 1385 5
m 0 5
0 20 2
1 20 2
2 20 2
t 1384 5
m 0 4
0 19 2
1 19 2
2 19 2
t 1383 5
m 0 3
0 18 2
1 18 2
2 18 2
t 1382 5
m 0 2
0 17 2
1 17 2
2 17 2
t 1381 10
m 1 2
0 16 2
1 16 2
2 16 2
t 1380 10
m 2 2
0 15 2
1 15 2
2 15 2
t 1379 10
m 3 2
0 14 2
1 14 2
2 14 2
t 1378 10
m 4 2
0 13 2
1 13 2
2 15 2
t 1377 10
m 5 2
0 12 2
1 12 2
2 14 2
t 1376 10
m 6 2
0 13 2
1 11 2
2 13 2
t 1375 10
m 7 2
0 12 2
1 10 2
2 12 2
t 1374 10
m 7 3
0 11 2
1 9 2
2 11 2
t 1373 10
m 7 4
0 10 2
1 10 2
2 10 2
t 1372 10
m 8 4
0 9 2
1 9 2
2 9 2
t 1371 15
m 7 4
0 8 2
1 8 2
2 9 3
t 1370 15
m 7 3
0 7 2
1 7 2
2 9 2
t 1369 15
m 7 3
0 7 3
1 7 3
2 8 2
t 1368 15
