35
20
m 0 19
0 34 0
1 34 0
2 34 0
w 0 0
w 0 1
w 0 2
w 0 3
w 0 4
w 0 5
w 0 6
w 0 7
w 0 8
w 0 9
w 0 11
w 0 16
w 1 0
w 1 1
w 1 2
w 1 3
w 1 4
w 1 5
w 1 6
w 1 7
w 1 8
w 1 16
w 2 0
w 2 1
w 2 2
w 2 3
w 2 4
w 2 5
w 2 6
w 2 7
w 2 8
w 2 9
w 2 10
w 2 11
w 2 18
w 2 19
w 3 0
w 3 1
w 3 2
w 3 3
w 3 4
w 3 5
w 3 6
w 3 7
w 3 8
w 3 9
w 3 10
w 3 11
w 3 15
w 3 16
w 4 0
w 4 1
w 4 2
w 4 3
w 4 4
w 4 5
w 4 6
w 4 7
w 4 8
w 4 9
w 4 10
w 4 12
w 4 14
w 4 15
w 4 16
w 5 0
w 5 1
w 5 2
w 5 3
w 5 4
w 5 5
w 5 6
w 5 7
w 5 8
w 5 9
w 5 10
w 5 14
w 5 15
w 6 0
w 6 1
w 6 2
w 6 3
w 6 4
w 6 5
w 6 6
w 6 7
w 6 8
w 6 9
w 6 10
w 6 11
w 6 13
w 6 15
w 6 17
w 6 18
w 6 19
w 7 0
w 7 1
w 7 2
w 7 3
w 7 4
w 7 5
w 7 6
w 7 7
w 7 8
w 7 10
w 7 15
w 7 19
w 8 0
w 8 1
w 8 2
w 8 3
w 8 4
w 8 5
w 8 6
w 8 7
w 8 8
w 8 13
w 8 16
w 8 18
w 8 19
w 9 0
w 9 1
w 9 2
w 9 3
w 9 4
w 9 5
w 9 6
w 9 7
w 9 8
w 9 9
w 9 12
w 9 13
w 9 14
w 9 16
w 9 18
w 9 19
w 10 0
w 10 1
w 10 2
w 10 3
w 10 4
w 10 5
w 10 7
w 10 8
w 10 9
w 10 11
w 10 12
w 10 13
w 10 16
w 10 18
w 10 19
w 11 0
w 11 2
w 11 3
w 11 4
w 11 7
w 11 8
w 11 9
w 11 14
w 11 19
w 12 0
w 12 2
w 12 3
w 12 4
w 12 9
w 12 10
w 12 13
w 12 15
w 12 17
w 12 18
w 12 19
w 13 16
w 13 17
w 13 18
w 13 19
w 14 0
w 14 5
w 14 7
w 14 9
w 14 18
w 14 19
w 15 4
w 15 5
w 15 8
w 15 10
w 15 12
w 15 13
w 15 18
w 15 19
w 16 0
w 16 2
w 16 3
w 16 11
w 16 12
w 16 13
w 16 14
w 16 18
w 16 19
w 17 3
w 17 7
w 17 8
w 17 10
w 17 11
w 17 16
w 17 17
w 17 18
w 17 19
w 18 0
w 18 4
w 18 6
w 18 7
w 18 8
w 18 9
w 18 10
w 18 14
w 18 16
w 18 18
w 18 19
w 19 2
w 19 3
w 19 4
w 19 5
w 19 6
w 19 7
w 19 8
w 19 9
w 19 14
w 20 2
w 20 3
w 20 4
w 20 5
w 20 6
w 20 7
w 20 8
w 20 9
w 20 10
w 20 13
w 20 17
w 20 18
w 20 19
w 21 2
w 21 3
w 21 4
w 21 5
w 21 6
w 21 7
w 21 8
w 21 9
w 21 10
w 21 11
w 21 12
w 21 13
w 21 14
w 21 16
w 21 18
w 21 19
w 22 2
w 22 3
w 22 4
w 22 5
w 22 6
w 22 7
w 22 8
w 22 9
w 22 10
w 22 11
w 22 12
w 22 13
w 22 18
w 22 19
w 23 0
w 23 3
w 23 4
w 23 5
w 23 6
w 23 7
w 23 9
w 23 12
w 24 0
w 24 3
w 24 4
w 24 5
w 24 16
w 24 17
w 24 18
w 25 0
w 25 2
w 25 3
w 25 7
w 25 9
w 25 12
w 25 13
w 26 2
w 26 3
w 26 5
w 26 6
w 26 9
w 26 12
w 26 13
w 26 17
w 26 18
w 27 0
w 27 2
w 27 3
w 27 10
w 27 11
w 27 13
w 27 17
w 27 19
w 28 0
w 28 4
w 28 5
w 28 6
w 28 7
w 28 13
w 28 14
w 29 0
w 29 3
w 29 5
w 29 6
w 29 11
w 29 14
w 29 16
w 30 0
w 30 2
w 30 5
w 30 6
w 30 7
w 30 9
w 30 10
w 30 11
w 30 12
w 30 18
w 31 0
w 31 2
w 31 6
w 31 7
w 31 10
w 31 14
w 31 18
w 32 0
w 32 8
w 32 9
w 32 10
w 32 13
w 32 14
w 32 17
w 32 18
w 33 0
w 33 3
w 33 7
w 33 9
w 33 12
w 33 17
w 33 18
w 33 19
w 34 16
w 34 17
w 34 18
w 34 19
p 28 17
p 21 1
p 18 17
p 27 5
p 2 15
p 0 10
p 30 13
p 9 11
p 23 19
p 13 12
p 5 19
p 25 11
p 12 5
p 33 14
p 15 2
p 16 17
p 32 2
t 1400 0
m 0 18
0 34 1
1 34 1
2 34 1
t 1399 0
m 0 17
0 33 1
1 33 1
2 33 1
t 1398 0
m 1 17
0 32 1
1 32 1
2 32 1
t 1397 0
m 2 17
0 31 1
1 31 1
2 31 1
t 1396 0
m 2 16
0 30 1
1 30 1
2 30 1
t 1395 0
m 2 15
0 29 1
1 29 1
2 29 1
t 1394 5
m 2 16
0 28 1
1 28 1
2 28 1
t 1393 5
m 2 17
0 27 1
1 27 1
2 27 1
t 1392 5
m 3 17
0 26 1
1 26 1
2 26 1
t 1391 5
m 3 18
0 25 1
1 25 1
2 25 1
t 1390 5
m 3 19
0 24 1
1 24 1
2 24 1
t 1389 5
m 4 19
0 23 1
1 23 1
2 23 1
t 1388 5
m 5 19
0 22 1
1 22 1
2 22 1
t 1387 11
m 5 18
0 21 1
1 21 1
2 21 1
t 1386 11
m 5 17
0 20 1
1 20 1
2 20 1
t 1385 11
m 4 17
0 19 1
1 19 1
2 19 1
t 1384 11
m 3 17
0 18 1
1 18 1
2 18 1
t 1383 11
m 2 17
0 17 1
1 17 1
2 17 1
t 1382 11
m 2 16
0 16 1
1 16 1
2 16 1
t 1381 11
m 2 15
0 15 1
1 15 1
2 15 1
t 1380 11
m 1 15
0 14 1
1 14 1
2 14 1
t 1379 11
m 0 15
0 13 1
1 13 1
2 13 1
t 1378 11
m 0 14
0 13 2
1 13 2
2 13 2
t 1377 11
m 0 13
0 13 3
1 13 3
2 13 3
t 1376 11
m 0 12
0 13 4
1 13 4
2 13 4
t 1375 11
m 1 12
0 13 5
1 13 5
2 13 5
t 1374 11
m 1 11
0 12 5
1 12 5
2 12 5
t 1373 11
m 1 10
0 12 6
1 12 6
2 12 6
t 1372 11
m 0 10
0 12 7
1 12 7
2 12 7
t 1371 17
m 1 10
0 12 8
1 12 8
2 12 8
t 1370 17
m 1 11
0 13 8
1 13 8
2 13 8
t 1369 17
m 1 12
0 13 9
1 13 9
2 13 9
f 20 12
t 1368 17
m 2 12
0 13 10
1 13 10
2 13 10
t 1367 17
m 3 12
0 13 11
1 13 11
2 13 11
t 1366 17
m 3 13
0 12 11
1 12 11
2 12 11
t 1365 17
m 4 13
0 13 11
1 11 11
2 11 11
t 1364 17
m 5 13
0 12 11
1 11 10
2 11 12
t 1363 17
m 5 12
0 11 11
1 10 10
2 11 11
t 1362 17
m 6 12
0 11 10
1 9 10
2 11 10
t 1361 17
m 7 12
0 10 10
1 8 10
2 10 10
t 1360 17
m 7 11
0 9 10
1 8 11
2 9 10
t 1359 17
m 7 11
0 8 10
1 7 11
2 8 10
t 1358 17
