35
20
m 0 19
0 34 0
1 34 0
2 34 0
w 1 1
w 1 2
w 1 3
w 1 7
w 1 13
w 1 16
w 1 17
w 2 1
w 2 2
w 2 3
w 2 4
w 2 7
w 2 11
w 2 12
w 2 13
w 2 14
w 2 15
w 2 18
w 3 3
w 3 4
w 3 5
w 3 8
w 3 9
w 3 10
w 3 11
w 3 12
w 3 13
w 3 14
w 3 15
w 3 16
w 4 3
w 4 4
w 4 5
w 4 9
w 4 10
w 4 11
w 4 12
w 4 13
w 4 14
w 4 15
w 4 16
w 4 17
w 5 3
w 5 4
w 5 5
w 5 6
w 5 7
w 5 11
w 5 12
w 5 13
w 5 14
w 5 15
w 5 16
w 5 17
w 5 18
w 6 2
w 6 3
w 6 4
w 6 5
w 6 6
w 6 7
w 6 10
w 6 11
w 6 12
w 6 13
w 6 14
w 6 15
w 6 16
w 6 17
w 6 18
w 7 1
w 7 3
w 7 4
w 7 5
w 7 6
w 7 7
w 7 8
w 7 9
w 7 10
w 7 11
w 7 12
w 7 13
w 7 14
w 7 15
w 7 16
w 7 17
w 7 18
w 8 1
w 8 4
w 8 5
w 8 6
w 8 7
w 8 8
w 8 9
w 8 10
w 8 11
w 8 12
w 8 13
w 8 14
w 8 15
w 9 4
w 9 7
w 9 8
w 9 9
w 9 10
w 9 11
w 9 12
w 9 13
w 9 14
w 10 4
w 10 5
w 10 8
w 10 9
w 10 10
w 10 11
w 10 12
w 10 13
w 10 14
w 10 15
w 10 16
w 10 17
w 10 18
w 11 9
w 11 10
w 11 11
w 11 12
w 11 13
w 11 16
w 11 17
w 12 4
w 12 6
w 12 10
w 12 11
w 12 12
w 12 13
w 13 1
w 13 2
w 13 5
w 13 11
w 13 12
w 13 13
w 13 14
w 13 15
w 13 18
w 14 3
w 14 4
w 14 8
w 14 13
w 14 14
w 14 15
w 14 16
w 14 17
w 14 18
w 15 2
w 15 3
w 15 4
w 15 8
w 15 9
w 15 11
w 15 12
w 15 13
w 15 14
w 15 15
w 15 16
w 15 17
w 16 1
w 16 2
w 16 3
w 16 6
w 16 9
w 16 10
w 16 11
w 16 12
w 16 13
w 16 14
w 16 15
w 16 16
w 16 17
w 16 18
w 17 2
w 17 3
w 17 4
w 17 5
w 17 6
w 17 7
w 17 8
w 17 9
w 17 10
w 17 11
w 17 12
w 17 13
w 17 14
w 17 15
w 17 16
w 17 17
w 18 2
w 18 3
w 18 4
w 18 5
w 18 6
w 18 7
w 18 8
w 18 9
w 18 10
w 18 11
w 18 12
w 18 13
w 18 14
w 18 15
w 18 16
w 18 17
w 18 18
w 19 1
w 19 2
w 19 3
w 19 4
w 19 5
w 19 6
w 19 7
w 19 8
w 19 9
w 19 10
w 19 11
w 19 12
w 19 13
w 19 14
w 19 15
w 19 16
w 19 17
w 19 18
w 20 1
w 20 2
w 20 3
w 20 4
w 20 5
w 20 6
w 20 7
w 20 8
w 20 9
w 20 10
w 20 11
w 20 12
w 20 13
w 20 14
w 20 15
w 20 16
w 20 17
w 21 1
w 21 2
w 21 3
w 21 4
w 21 5
w 21 6
w 21 7
w 21 8
w 21 9
w 21 10
w 21 11
w 21 12
w 21 13
w 21 14
w 21 15
w 21 16
w 21 17
w 21 18
w 22 1
w 22 2
w 22 3
w 22 4
w 22 5
w 22 6
w 22 7
w 22 8
w 22 9
w 22 10
w 22 11
w 22 12
w 22 13
w 22 14
w 22 15
w 22 16
w 22 17
w 23 1
w 23 2
w 23 3
w 23 4
w 23 5
w 23 6
w 23 7
w 23 8
w 23 9
w 23 10
w 23 11
w 23 12
w 23 13
w 23 14
w 23 15
w 23 16
w 23 17
w 23 18
w 24 1
w 24 2
w 24 3
w 24 4
w 24 5
w 24 6
w 24 7
w 24 8
w 24 9
w 24 10
w 24 11
w 24 12
w 24 13
w 24 14
w 24 15
w 24 16
w 24 17
w 24 18
w 25 1
w 25 2
w 25 3
w 25 4
w 25 5
w 25 6
w 25 7
w 25 8
w 25 9
w 25 10
w 25 11
w 25 12
w 25 13
w 25 14
w 25 15
w 25 16
w 25 17
w 26 3
w 26 4
w 26 5
w 26 6
w 26 7
w 26 8
w 26 9
w 26 10
w 26 11
w 26 12
w 26 13
w 26 14
w 26 15
w 26 16
w 26 17
w 26 18
w 27 1
w 27 4
w 27 5
w 27 6
w 27 7
w 27 8
w 27 9
w 27 10
w 27 11
w 27 12
w 27 13
w 27 14
w 27 15
w 27 16
w 27 17
w 27 18
w 28 1
w 28 2
w 28 3
w 28 4
w 28 5
w 28 6
w 28 7
w 28 8
w 28 9
w 28 10
w 28 11
w 28 12
w 28 13
w 28 15
w 28 16
w 28 17
w 29 2
w 29 3
w 29 4
w 29 5
w 29 6
w 29 7
w 29 8
w 29 9
w 29 10
w 29 11
w 29 15
w 29 16
w 29 17
w 30 1
w 30 2
w 30 3
w 30 4
w 30 5
w 30 6
w 30 7
w 30 8
w 30 10
w 30 11
w 30 14
w 30 15
w 31 2
w 31 3
w 31 4
w 31 5
w 31 6
w 31 7
w 31 8
w 31 10
w 31 11
w 31 12
w 31 14
w 31 15
w 31 17
w 31 18
w 32 1
w 32 2
w 32 3
w 32 4
w 32 5
w 32 6
w 32 7
w 32 8
w 32 10
w 32 11
w 32 12
w 32 15
w 32 17
w 32 18
w 33 1
w 33 4
w 33 5
w 33 6
w 33 7
w 33 10
w 33 11
w 33 13
w 33 15
w 33 18
p 29 14
p 5 8
p 0 0
p 12 16
p 14 7
p 11 3
p 17 0
p 32 14
p 1 4
p 2 19
p 24 19
p 9 1
p 34 8
t 1400 0
m 1 19
0 33 0
1 33 0
2 33 0
t 1399 0
m 2 19
0 32 0
1 32 0
2 32 0
t 1398 7
m 3 19
0 31 0
1 31 0
2 31 0
t 1397 7
m 4 19
0 30 0
1 30 0
2 30 0
t 1396 7
m 5 19
0 29 0
1 29 0
2 29 0
t 1395 7
m 6 19
0 28 0
1 28 0
2 28 0
t 1394 7
m 7 19
0 27 0
1 27 0
2 27 0
f 15 0
t 1393 7
m 8 19
0 26 0
1 26 0
2 26 0
t 1392 7
m 9 19
0 25 0
1 25 0
2 25 0
t 1391 7
m 10 19
0 24 0
1 26 0
2 24 0
t 1390 7
m 11 19
0 23 0
1 27 0
2 23 0
t 1389 7
m 11 18
0 22 0
1 28 0
2 22 0
t 1388 7
m 12 18
0 21 0
1 29 0
2 21 0
t 1387 7
m 12 17
0 20 0
1 30 0
2 20 0
t 1386 7
m 12 16
0 19 0
1 31 0
2 19 0
t 1385 15
m 12 17
0 18 0
1 32 0
2 18 0
t 1384 15
m 12 18
0 17 0
1 33 0
2 17 0
t 1383 15
m 11 18
0 16 0
1 34 0
2 16 0
t 1382 15
m 11 19
0 15 0
1 34 1
2 15 0
t 1381 15
m 10 19
0 14 0
1 34 2
2 14 0
t 1380 15
m 9 19
0 13 0
1 34 3
2 13 0
t 1379 15
m 8 19
0 12 0
1 34 4
2 12 0
t 1378 15
m 7 19
0 11 0
1 34 5
2 11 0
t 1377 15
m 6 19
0 10 0
1 34 6
2 10 0
t 1376 15
m 5 19
0 9 0
1 34 7
2 9 0
t 1375 15
m 4 19
0 8 0
1 34 8
2 8 0
t 1374 15
m 3 19
0 7 0
1 34 9
2 7 0
t 1373 15
m 2 19
0 6 0
1 34 10
2 6 0
t 1372 15
m 1 19
0 5 0
1 34 11
2 5 0
t 1371 15
m 1 18
0 4 0
1 34 12
2 4 0
t 1370 15
m 0 18
0 3 0
1 34 13
2 3 0
t 1369 15
m 0 17
0 2 0
1 34 14
2 2 0
t 1368 15
m 0 16
0 1 0
1 34 15
2 1 0
t 1367 15
m 0 15
0 0 0
1 34 16
2 0 0
t 1366 15
m 0 14
0 0 1
1 33 16
2 0 1
t 1365 15
m 0 13
0 0 2
1 32 16
2 0 2
t 1364 15
m 0 12
0 0 3
1 31 16
2 0 3
t 1363 15
m 0 13
0 0 4
1 30 16
2 0 4
t 1362 15
m 0 14
0 0 5
1 30 17
2 0 5
t 1361 15
m 0 15
0 0 6
1 30 18
2 0 6
t 1360 15
m 0 16
0 0 7
1 29 18
2 0 7
t 1359 15
m 0 17
0 0 8
1 28 18
2 0 8
t 1358 15
m 0 18
0 0 9
1 28 19
2 0 9
t 1357 15
m 1 18
0 0 10
1 27 19
2 0 10
t 1356 15
m 1 19
0 0 11
1 26 19
2 0 9
t 1355 15
m 2 19
0 0 12
1 25 19
2 0 10
t 1354 15
m 3 19
0 0 13
1 24 19
2 0 11
t 1353 15
m 4 19
0 0 14
1 23 19
2 0 12
t 1352 15
m 4 19
0 0 15
1 22 19
2 0 13
t 1351 15
m 4 19
0 0 16
1 21 19
2 0 14
t 1350 15
m 4 19
0 0 17
1 20 19
2 0 15
t 1349 15
m 4 19
0 0 18
1 19 19
2 0 16
t 1348 15
m 4 19
0 0 19
1 18 19
2 0 17
t 1347 15
m 4 19
0 1 19
1 17 19
2 0 18
t 1346 15
m 4 19
0 2 19
1 16 19
2 0 19
t 1345 15
m 4 19
0 3 19
1 15 19
2 1 19
t 1344 15
m 4 19
0 4 19
1 14 19
2 2 19
t 1343 15
