35
20
m 0 19
0 34 0
1 34 0
2 34 0
w 0 0
w 1 0
w 1 1
w 1 3
w 1 4
w 1 8
w 1 9
w 1 10
w 1 12
w 1 14
w 1 15
w 1 18
w 2 0
w 2 1
w 2 3
w 2 4
w 2 5
w 2 7
w 2 12
w 2 13
w 2 14
w 2 15
w 2 16
w 2 17
w 3 1
w 3 5
w 3 7
w 3 8
w 3 9
w 3 10
w 3 13
w 3 14
w 3 15
w 3 16
w 3 17
w 3 18
w 4 3
w 4 4
w 4 5
w 4 6
w 4 7
w 4 8
w 4 9
w 4 10
w 4 11
w 4 12
w 4 13
w 4 14
w 4 15
w 4 16
w 4 17
w 4 18
w 5 1
w 5 5
w 5 6
w 5 7
w 5 8
w 5 9
w 5 10
w 5 11
w 5 12
w 5 13
w 5 14
w 5 15
w 5 16
w 5 17
w 5 18
w 6 0
w 6 3
w 6 5
w 6 6
w 6 7
w 6 8
w 6 9
w 6 10
w 6 11
w 6 12
w 6 13
w 6 14
w 6 15
w 6 16
w 6 17
w 6 18
w 7 0
w 7 1
w 7 3
w 7 6
w 7 7
w 7 8
w 7 9
w 7 10
w 7 11
w 7 12
w 7 13
w 7 14
w 7 15
w 7 16
w 7 17
w 8 0
w 8 3
w 8 5
w 8 6
w 8 7
w 8 8
w 8 9
w 8 10
w 8 11
w 8 12
w 8 13
w 8 14
w 8 15
w 8 16
w 8 17
w 8 18
w 9 0
w 9 1
w 9 3
w 9 5
w 9 6
w 9 7
w 9 8
w 9 9
w 9 10
w 9 11
w 9 12
w 9 13
w 9 14
w 9 15
w 9 16
w 9 18
w 10 0
w 10 5
w 10 7
w 10 8
w 10 9
w 10 10
w 10 11
w 10 12
w 10 13
w 10 14
w 10 15
w 11 0
w 11 7
w 11 8
w 11 9
w 11 10
w 11 11
w 11 12
w 11 13
w 11 14
w 11 15
w 11 16
w 11 17
w 11 18
w 12 0
w 12 1
w 12 3
w 12 5
w 12 6
w 12 7
w 12 8
w 12 9
w 12 10
w 12 11
w 12 12
w 12 13
w 12 14
w 12 15
w 12 16
w 12 17
w 12 18
w 13 0
w 13 3
w 13 5
w 13 6
w 13 7
w 13 8
w 13 9
w 13 10
w 13 11
w 13 12
w 13 13
w 13 14
w 13 15
w 13 16
w 13 17
w 14 1
w 14 3
w 14 5
w 14 6
w 14 7
w 14 8
w 14 9
w 14 10
w 14 11
w 14 12
w 14 13
w 14 14
w 14 15
w 14 16
w 14 17
w 14 18
w 15 3
w 15 5
w 15 6
w 15 7
w 15 10
w 15 11
w 15 12
w 15 13
w 15 14
w 15 15
w 15 16
w 15 17
w 15 18
w 16 0
w 16 3
w 16 4
w 16 5
w 16 6
w 16 9
w 16 10
w 16 11
w 16 12
w 16 13
w 16 14
w 16 15
w 16 16
w 16 17
w 17 1
w 17 4
w 17 6
w 17 9
w 17 10
w 17 11
w 17 12
w 17 13
w 17 14
w 17 15
w 17 16
w 17 17
w 17 18
w 18 1
w 18 3
w 18 9
w 18 10
w 18 11
w 18 12
w 18 13
w 18 14
w 18 15
w 18 16
w 18 17
w 19 3
w 19 5
w 19 7
w 19 9
w 19 10
w 19 11
w 19 12
w 19 13
w 19 14
w 19 15
w 19 16
w 19 17
w 19 18
w 20 0
w 20 6
w 20 7
w 20 9
w 20 10
w 20 11
w 20 12
w 20 13
w 20 14
w 20 15
w 20 16
w 20 17
w 20 18
w 21 0
w 21 1
w 21 3
w 21 4
w 21 6
w 21 7
w 21 9
w 21 10
w 21 11
w 21 12
w 21 13
w 21 14
w 21 17
w 21 18
w 22 0
w 22 1
w 22 3
w 22 6
w 22 7
w 22 8
w 22 10
w 22 11
w 22 13
w 22 14
w 22 15
w 23 0
w 23 3
w 23 4
w 23 5
w 23 6
w 23 7
w 23 8
w 23 11
w 23 13
w 23 14
w 23 15
w 23 18
w 24 0
w 24 1
w 24 4
w 24 5
w 24 7
w 24 8
w 24 11
w 24 14
w 24 15
w 24 17
w 24 18
w 25 0
w 25 4
w 25 5
w 25 7
w 25 8
w 25 10
w 25 15
w 25 18
w 26 1
w 26 3
w 26 7
w 26 8
w 26 10
w 26 12
w 26 14
w 26 15
w 26 16
w 26 18
w 27 3
w 27 4
w 27 11
w 27 12
w 27 16
w 27 17
w 28 4
w 28 5
w 28 6
w 28 9
w 28 10
w 28 12
w 28 13
w 28 17
w 29 0
w 29 4
w 29 5
w 29 6
w 29 9
w 29 10
w 29 12
w 29 13
w 29 17
w 30 3
w 30 8
w 30 9
w 30 12
w 30 13
w 30 14
w 30 16
w 30 17
w 31 0
w 31 1
w 32 0
w 32 1
w 32 2
w 32 4
w 32 5
w 32 7
w 32 12
w 32 15
w 32 17
w 32 18
w 33 0
w 33 6
w 33 7
w 33 8
w 33 9
w 33 10
w 33 11
w 33 17
w 33 18
w 33 19
w 34 3
w 34 4
w 34 6
w 34 7
w 34 8
w 34 9
w 34 10
w 34 11
w 34 12
w 34 13
w 34 15
w 34 18
w 34 19
p 0 1
p 27 8
p 29 1
p 33 16
p 15 4
p 23 16
p 11 3
p 7 19
p 21 2
p 31 19
p 25 14
p 1 6
p 18 5
p 30 15
p 3 11
t 1400 0
m 1 19
0 34 1
1 34 1
2 34 1
t 1399 0
m 2 19
0 33 1
1 33 1
2 34 2
t 1398 0
m 3 19
0 33 2
1 33 2
2 33 2
t 1397 0
m 4 19
0 33 3
1 33 3
2 33 3
t 1396 0
m 5 19
0 32 3
1 32 3
2 32 3
t 1395 0
m 6 19
0 31 3
1 31 3
2 31 3
t 1394 0
m 7 19
0 31 2
1 31 4
2 31 4
t 1393 6
m 6 19
0 30 2
1 30 4
2 30 4
t 1392 6
m 5 19
0 29 2
1 30 5
2 30 5
f 33 12
t 1391 6
m 4 19
0 28 2
1 30 6
2 30 6
t 1390 6
m 3 19
0 27 2
1 30 7
2 30 7
t 1389 6
m 2 19
0 26 2
1 31 7
2 31 7
t 1388 6
m 1 19
0 25 2
1 31 8
2 31 8
t 1387 6
m 0 19
0 24 2
1 31 9
2 31 9
t 1386 6
m 0 18
0 23 2
1 31 10
2 31 10
t 1385 6
m 0 17
0 22 2
1 31 11
2 31 11
t 1384 6
m 0 16
0 21 2
1 31 12
2 31 12
t 1383 6
m 0 15
0 20 2
1 31 13
2 31 13
t 1382 6
m 0 14
0 19 2
1 31 14
2 31 14
t 1381 6
m 0 13
0 18 2
1 31 15
2 31 15
t 1380 6
m 0 12
0 17 2
1 31 16
2 31 16
t 1379 6
m 0 11
0 16 2
1 31 17
2 31 17
t 1378 6
m 1 11
0 15 2
1 31 18
2 31 18
t 1377 6
m 2 11
0 14 2
1 30 18
2 30 18
t 1376 6
m 3 11
0 13 2
1 29 18
2 29 18
t 1375 13
m 2 11
0 12 2
1 28 18
2 28 18
t 1374 13
m 1 11
0 11 2
1 27 18
2 27 18
t 1373 13
m 0 11
0 10 2
1 27 19
2 27 19
t 1372 13
m 0 10
0 9 2
1 26 19
2 26 19
t 1371 13
m 0 9
0 8 2
1 25 19
2 25 19
t 1370 13
m 0 8
0 7 2
1 24 19
2 24 19
t 1369 13
m 0 7
0 6 2
1 23 19
2 23 19
t 1368 13
m 0 6
0 5 2
1 22 19
2 22 19
t 1367 13
m 1 6
0 4 2
1 21 19
2 21 19
t 1366 20
m 0 6
0 3 2
1 20 19
2 20 19
t 1365 20
m 0 5
0 2 2
1 19 19
2 19 19
t 1364 20
m 0 4
0 1 2
1 18 19
2 18 19
t 1363 20
m 0 3
0 0 2
1 17 19
2 17 19
t 1362 20
m 0 3
0 0 3
1 16 19
2 16 19
t 1361 20
