35
20
m 0 19
0 34 0
1 34 0
2 34 0
w 0 0
w 0 1
w 0 2
w 0 7
w 0 8
w 0 9
w 0 10
w 0 11
w 0 12
w 0 13
w 0 14
w 0 15
w 0 16
w 0 18
w 1 0
w 1 1
w 1 2
w 1 4
w 1 5
w 1 6
w 1 7
w 1 8
w 1 9
w 1 10
w 1 11
w 1 12
w 1 13
w 1 14
w 1 16
w 2 0
w 2 1
w 2 2
w 2 4
w 2 6
w 2 7
w 2 8
w 2 9
w 2 10
w 2 11
w 2 12
w 2 13
w 2 19
w 3 0
w 3 1
w 3 8
w 3 9
w 3 10
w 3 11
w 3 12
w 3 13
w 3 15
w 3 18
w 3 19
w 4 3
w 4 4
w 4 7
w 4 8
w 4 9
w 4 10
w 4 11
w 4 12
w 4 13
w 4 14
w 4 17
w 4 18
w 4 19
w 5 0
w 5 2
w 5 3
w 5 5
w 5 6
w 5 7
w 5 8
w 5 9
w 5 11
w 5 12
w 5 13
w 5 14
w 5 15
w 5 17
w 5 18
w 5 19
w 6 15
w 6 18
w 7 1
w 7 6
w 7 7
w 7 13
w 7 14
w 8 3
w 8 5
w 8 6
w 8 7
w 8 8
w 8 12
w 8 13
w 8 15
w 9 1
w 9 2
w 9 3
w 9 5
w 9 7
w 9 11
w 9 12
w 9 13
w 9 15
w 9 18
w 9 19
w 10 1
w 10 7
w 10 12
w 10 18
w 10 19
w 11 1
w 11 4
w 11 6
w 11 7
w 11 8
w 11 12
w 11 14
w 12 1
w 12 3
w 12 5
w 12 6
w 12 7
w 12 8
w 12 11
w 12 12
w 12 13
w 12 16
w 12 19
w 13 6
w 13 7
w 13 12
w 13 13
w 13 14
w 13 16
w 13 17
w 13 19
w 14 2
w 14 3
w 14 5
w 14 6
w 14 7
w 14 8
w 14 10
w 14 18
w 14 19
w 15 2
w 15 3
w 15 6
w 15 7
w 15 11
w 15 12
w 15 13
w 15 19
w 16 1
w 16 2
w 16 3
w 16 4
w 16 5
w 16 6
w 16 10
w 16 12
w 16 14
w 16 15
w 16 16
w 16 17
w 16 18
w 16 19
w 17 1
w 17 2
w 17 3
w 17 4
w 17 5
w 17 6
w 17 7
w 17 15
w 17 16
w 17 17
w 17 18
w 17 19
w 18 6
w 18 8
w 18 10
w 18 12
w 18 14
w 18 15
w 18 16
w 18 17
w 18 18
w 18 19
w 19 2
w 19 3
w 19 4
w 19 5
w 19 11
w 19 12
w 19 13
w 19 14
w 19 15
w 19 16
w 19 17
w 19 18
w 19 19
w 20 6
w 20 7
w 20 8
w 20 10
w 20 11
w 20 12
w 20 13
w 20 14
w 20 15
w 20 16
w 20 17
w 20 18
w 20 19
w 21 11
w 21 12
w 21 13
w 21 14
w 21 15
w 21 16
w 21 17
w 21 18
w 21 19
w 22 1
w 22 5
w 22 10
w 22 11
w 22 12
w 22 13
w 22 14
w 22 15
w 22 16
w 22 17
w 22 18
w 22 19
w 23 1
w 23 6
w 23 11
w 23 12
w 23 13
w 23 14
w 23 15
w 23 16
w 23 17
w 23 18
w 23 19
w 24 1
w 24 5
w 24 6
w 24 10
w 24 11
w 24 12
w 24 13
w 24 14
w 24 15
w 24 16
w 24 17
w 24 18
w 24 19
w 25 1
w 25 4
w 25 5
w 25 6
w 25 8
w 25 11
w 25 12
w 25 13
w 25 14
w 25 15
w 25 16
w 25 17
w 25 18
w 25 19
w 26 1
w 26 4
w 26 5
w 26 6
w 26 7
w 26 10
w 26 11
w 26 12
w 26 13
w 26 14
w 26 15
w 26 16
w 26 17
w 26 18
w 26 19
w 27 3
w 27 6
w 27 7
w 27 8
w 27 10
w 27 11
w 27 12
w 27 13
w 27 14
w 27 15
w 27 16
w 27 17
w 27 18
w 27 19
w 28 1
w 28 5
w 28 6
w 28 7
w 28 8
w 28 11
w 28 12
w 28 13
w 28 14
w 28 15
w 28 16
w 28 17
w 28 18
w 28 19
w 29 1
w 29 2
w 29 3
w 29 6
w 29 7
w 29 8
w 29 10
w 29 11
w 29 12
w 29 13
w 29 14
w 29 15
w 29 16
w 29 17
w 29 18
w 29 19
w 30 1
w 30 2
w 30 5
w 30 7
w 30 11
w 30 12
w 30 13
w 30 14
w 30 15
w 30 16
w 30 17
w 30 18
w 30 19
w 31 10
w 31 11
w 31 12
w 31 13
w 31 14
w 31 15
w 31 16
w 31 17
w 31 18
w 31 19
w 32 0
w 32 2
w 32 5
w 32 6
w 32 7
w 32 9
w 32 10
w 32 11
w 32 12
w 32 13
w 32 14
w 32 15
w 32 16
w 32 17
w 32 18
w 32 19
w 33 2
w 33 5
w 33 7
w 33 9
w 33 10
w 33 11
w 33 12
w 33 13
w 33 14
w 33 15
w 33 16
w 33 17
w 33 18
w 33 19
w 34 1
w 34 2
w 34 5
w 34 9
w 34 10
w 34 11
w 34 12
w 34 13
w 34 14
w 34 15
w 34 16
w 34 17
w 34 18
w 34 19
p 29 4
p 10 11
p 25 9
p 32 1
p 23 0
p 0 3
p 14 0
p 18 3
p 15 16
p 12 2
p 20 9
p 8 18
p 6 3
p 3 5
p 7 8
t 1400 0
m 1 19
0 33 0
1 33 0
2 33 0
t 1399 0
m 1 18
0 33 1
1 33 1
2 33 1
t 1398 0
m 2 18
0 32 1
1 32 1
2 32 1
t 1397 0
m 2 17
0 31 1
1 31 1
2 31 1
t 1396 0
m 3 17
0 31 2
1 31 2
2 31 2
t 1395 0
m 3 16
0 31 3
1 31 3
2 31 3
t 1394 0
m 4 16
0 31 4
1 31 4
2 31 4
t 1393 0
m 5 16
0 31 5
1 31 5
2 31 5
t 1392 0
m 6 16
0 31 6
1 31 6
2 31 6
t 1391 0
m 6 17
0 31 7
1 31 7
2 31 7
f 31 2
t 1390 0
m 7 17
0 31 8
1 31 8
2 31 8
t 1389 0
m 7 18
0 30 8
1 32 8
2 30 8
t 1388 0
m 8 18
0 30 9
1 31 8
2 30 9
t 1387 6
m 8 17
0 29 9
1 30 8
2 29 9
t 1386 6
m 8 16
0 28 9
1 30 9
2 28 9
t 1385 6
m 9 16
0 27 9
1 29 9
2 27 9
t 1384 6
m 10 16
0 26 9
1 28 9
2 26 9
t 1383 6
m 10 15
0 25 9
1 27 9
2 25 9
t 1382 6
m 11 15
0 24 9
1 26 9
2 24 9
t 1381 6
m 12 15
0 23 9
1 25 9
2 23 9
t 1380 6
m 13 15
0 22 9
1 24 9
2 22 9
t 1379 6
m 14 15
0 21 9
1 23 9
2 21 9
t 1378 6
m 14 16
0 20 9
1 22 9
2 20 9
t 1377 6
m 15 16
0 19 9
1 21 9
2 19 9
t 1376 13
m 14 16
0 20 9
1 20 9
2 18 9
t 1375 13
m 14 15
0 19 9
1 19 9
2 17 9
t 1374 13
m 14 14
0 18 9
1 18 9
2 16 9
t 1373 13
m 14 13
0 17 9
1 17 9
2 15 9
t 1372 13
m 14 12
0 16 9
1 16 9
2 14 9
t 1371 13
m 14 11
0 15 9
1 15 9
2 13 9
t 1370 13
m 13 11
0 14 9
1 14 9
2 13 10
t 1369 13
m 13 11
0 13 9
1 13 9
2 13 11
t 1368 13
