35
20
m 0 19
0 34 0
1 34 0
2 34 0
w 0 0
w 0 1
w 0 2
w 0 3
w 0 4
w 0 5
w 0 6
w 0 7
w 0 8
w 0 9
w 0 10
w 0 11
w 0 12
w 0 13
w 0 18
w 1 0
w 1 1
w 1 2
w 1 3
w 1 4
w 1 5
w 1 6
w 1 7
w 1 8
w 1 9
w 1 10
w 1 11
w 1 12
w 1 13
w 1 17
w 1 18
w 2 0
w 2 1
w 2 5
w 2 6
w 2 7
w 2 8
w 2 9
w 2 10
w 2 11
w 2 12
w 2 13
w 2 14
w 2 15
w 3 0
w 3 1
w 3 3
w 3 6
w 3 7
w 3 8
w 3 9
w 3 10
w 3 11
w 3 12
w 3 13
w 3 14
w 3 15
w 3 17
w 3 18
w 4 0
w 4 3
w 4 6
w 4 7
w 4 8
w 4 9
w 4 10
w 4 11
w 4 12
w 4 13
w 4 14
w 4 15
w 4 19
w 5 0
w 5 1
w 5 2
w 5 4
w 5 7
w 5 8
w 5 9
w 5 10
w 5 11
w 5 12
w 5 13
w 5 14
w 5 15
w 5 18
w 5 19
w 6 0
w 6 8
w 6 9
w 6 10
w 6 11
w 6 12
w 6 13
w 6 14
w 6 16
w 6 18
w 6 19
w 7 0
w 7 4
w 7 5
w 7 7
w 7 8
w 7 9
w 7 10
w 7 11
w 7 12
w 7 13
w 7 14
w 7 18
w 7 19
w 8 0
w 8 3
w 8 4
w 8 5
w 8 6
w 8 7
w 8 8
w 8 9
w 8 10
w 8 11
w 8 12
w 8 13
w 8 17
w 8 18
w 8 19
w 9 2
w 9 3
w 9 4
w 9 5
w 9 6
w 9 7
w 9 8
w 9 9
w 9 10
w 9 11
w 9 12
w 9 15
w 9 16
w 9 18
w 9 19
w 10 3
w 10 4
w 10 5
w 10 6
w 10 7
w 10 8
w 10 10
w 10 11
w 10 14
w 10 16
w 10 18
w 10 19
w 11 1
w 11 4
w 11 5
w 11 7
w 11 11
w 11 12
w 11 18
w 11 19
w 12 0
w 12 3
w 12 10
w 12 11
w 12 15
w 12 16
w 12 17
w 12 18
w 12 19
w 13 0
w 13 4
w 13 5
w 13 6
w 13 9
w 13 14
w 13 15
w 13 16
w 13 17
w 13 18
w 13 19
w 14 1
w 14 5
w 14 8
w 14 11
w 14 13
w 14 14
w 14 15
w 14 16
w 14 17
w 14 18
w 14 19
w 15 1
w 15 4
w 15 6
w 15 8
w 15 9
w 15 10
w 15 11
w 15 13
w 15 14
w 15 15
w 15 16
w 15 17
w 15 18
w 15 19
w 16 13
w 16 14
w 16 15
w 16 16
w 16 17
w 16 18
w 16 19
w 17 1
w 17 2
w 17 4
w 17 6
w 17 8
w 17 9
w 17 14
w 17 15
w 17 16
w 17 17
w 17 18
w 17 19
w 18 2
w 18 3
w 18 4
w 18 5
w 18 6
w 18 7
w 18 8
w 18 10
w 18 13
w 18 14
w 18 15
w 18 16
w 18 17
w 18 19
w 19 2
w 19 3
w 19 4
w 19 5
w 19 6
w 19 7
w 19 8
w 19 12
w 19 14
w 19 15
w 19 16
w 19 17
w 19 19
w 20 1
w 20 2
w 20 3
w 20 4
w 20 5
w 20 6
w 20 7
w 20 8
w 20 10
w 20 14
w 21 1
w 21 2
w 21 3
w 21 4
w 21 5
w 21 6
w 21 7
w 21 8
w 21 9
w 21 12
w 21 13
w 21 16
w 21 18
w 21 19
w 22 6
w 22 7
w 22 8
w 22 9
w 22 12
w 22 13
w 22 14
w 22 16
w 23 1
w 23 2
w 23 3
w 23 4
w 23 7
w 23 8
w 23 9
w 23 10
w 23 16
w 23 17
w 23 18
w 24 4
w 24 5
w 24 7
w 24 8
w 24 12
w 25 1
w 25 5
w 25 8
w 25 9
w 25 12
w 25 13
w 25 14
w 25 17
w 25 18
w 26 1
w 26 4
w 26 5
w 26 10
w 26 14
w 26 15
w 26 17
w 26 18
w 26 19
w 27 3
w 27 4
w 27 5
w 27 9
w 27 12
w 27 16
w 27 17
w 27 18
w 27 19
w 28 3
w 28 4
w 28 5
w 28 6
w 28 8
w 28 9
w 28 10
w 28 13
w 28 16
w 28 17
w 28 18
w 28 19
w 29 1
w 29 3
w 29 5
w 29 6
w 29 8
w 29 12
w 29 16
w 29 17
w 29 18
w 29 19
w 30 3
w 30 5
w 30 6
w 30 9
w 30 10
w 30 12
w 30 17
w 30 18
w 30 19
w 31 1
w 31 2
w 31 3
w 31 5
w 31 6
w 31 7
w 31 8
w 31 9
w 31 12
w 31 16
w 31 17
w 31 18
w 31 19
w 32 3
w 32 5
w 32 6
w 32 14
w 32 17
w 32 18
w 32 19
w 33 7
w 33 8
w 33 9
w 33 15
w 33 17
w 33 18
w 33 19
w 34 13
w 34 16
w 34 17
w 34 18
w 34 19
p 12 4
p 16 7
p 34 7
p 23 13
p 25 2
p 19 0
p 6 17
p 29 0
p 26 16
p 30 16
p 14 3
p 32 16
p 21 14
p 0 14
p 4 1
p 10 2
t 1400 0
m 1 19
0 33 0
1 34 1
2 33 0
t 1399 0
m 2 19
0 32 0
1 33 1
2 32 0
t 1398 0
m 2 18
0 31 0
1 32 1
2 31 0
t 1397 0
m 2 17
0 30 0
1 32 0
2 30 0
f 24 3
t 1396 0
m 2 16
0 29 0
1 31 0
2 29 0
t 1395 0
m 1 16
0 28 0
1 30 0
2 28 0
t 1394 0
m 0 16
0 27 0
1 29 0
2 27 0
t 1393 0
m 0 15
0 26 0
1 28 0
2 26 0
t 1392 0
m 0 14
0 25 0
1 27 0
2 25 0
t 1391 6
m 0 15
0 24 0
1 26 0
2 24 0
t 1390 6
m 0 16
0 23 0
1 25 0
2 23 0
t 1389 6
m 1 16
0 22 0
1 24 0
2 22 0
t 1388 6
m 2 16
0 21 0
1 23 0
2 21 0
t 1387 6
m 3 16
0 20 0
1 22 0
2 20 0
t 1386 6
m 4 16
0 19 0
1 21 0
2 19 0
t 1385 6
m 4 17
0 18 0
1 20 0
2 18 0
t 1384 6
m 5 17
0 17 0
1 19 0
2 17 0
t 1383 6
m 6 17
0 16 0
1 18 0
2 16 0
t 1382 12
m 7 17
0 16 1
1 17 0
2 16 1
t 1381 12
m 7 16
0 16 2
1 16 0
2 16 2
t 1380 12
m 7 15
0 16 3
1 16 1
2 16 3
t 1379 12
m 8 15
0 16 4
1 16 2
2 16 4
t 1378 12
m 8 14
0 16 5
1 16 3
2 16 5
t 1377 12
m 9 14
0 16 6
1 16 4
2 16 4
t 1376 12
m 9 13
0 16 7
1 16 5
2 16 3
t 1375 12
m 10 13
0 16 8
1 16 6
2 16 4
t 1374 12
m 11 13
0 16 9
1 16 7
2 16 5
t 1373 12
m 12 13
0 16 10
1 15 7
2 16 6
t 1372 12
m 12 12
0 16 11
1 16 7
2 16 7
t 1371 12
m 13 12
0 16 12
1 16 8
2 16 8
t 1370 12
m 13 12
0 16 11
1 16 9
2 16 7
t 1369 12
m 14 12
0 16 12
1 16 10
2 16 8
t 1368 12
m 14 12
0 15 12
1 16 11
2 16 9
t 1367 12
m 14 12
0 14 12
1 16 12
2 16 10
t 1366 12
