35
20
m 0 19
0 34 0
1 34 0
2 34 0
w 1 1
w 1 2
w 1 5
w 1 7
w 1 9
w 1 10
w 1 12
w 1 14
w 1 16
w 2 1
w 2 2
w 2 3
w 2 5
w 2 8
w 2 9
w 2 10
w 2 11
w 2 12
w 2 17
w 3 1
w 3 5
w 3 7
w 3 8
w 3 9
w 3 10
w 3 11
w 3 12
w 3 13
w 3 17
w 3 18
w 4 1
w 4 3
w 4 6
w 4 7
w 4 8
w 4 9
w 4 10
w 4 11
w 4 12
w 4 13
w 4 15
w 4 16
w 4 17
w 4 18
w 5 3
w 5 6
w 5 7
w 5 8
w 5 9
w 5 10
w 5 11
w 5 12
w 5 13
w 5 14
w 5 15
w 5 16
w 5 17
w 6 2
w 6 3
w 6 5
w 6 6
w 6 7
w 6 8
w 6 9
w 6 10
w 6 11
w 6 12
w 6 13
w 6 14
w 6 15
w 6 16
w 7 2
w 7 3
w 7 4
w 7 5
w 7 6
w 7 7
w 7 8
w 7 9
w 7 10
w 7 11
w 7 12
w 7 13
w 7 14
w 7 15
w 7 16
w 7 17
w 7 18
w 8 1
w 8 2
w 8 3
w 8 5
w 8 6
w 8 7
w 8 8
w 8 9
w 8 10
w 8 11
w 8 12
w 8 13
w 8 14
w 8 15
w 8 16
w 8 17
w 8 18
w 9 1
w 9 2
w 9 5
w 9 6
w 9 7
w 9 8
w 9 9
w 9 10
w 9 11
w 9 12
w 9 13
w 9 14
w 9 15
w 9 16
w 9 17
w 9 18
w 10 5
w 10 6
w 10 7
w 10 8
w 10 9
w 10 10
w 10 11
w 10 12
w 10 13
w 10 14
w 10 15
w 10 16
w 10 17
w 11 3
w 11 5
w 11 6
w 11 7
w 11 8
w 11 9
w 11 10
w 11 11
w 11 12
w 11 13
w 11 14
w 11 15
w 11 16
w 11 17
w 11 18
w 12 3
w 12 4
w 12 5
w 12 6
w 12 7
w 12 8
w 12 9
w 12 10
w 12 11
w 12 12
w 12 13
w 12 14
w 12 15
w 12 16
w 13 1
w 13 2
w 13 3
w 13 4
w 13 5
w 13 9
w 13 11
w 13 12
w 13 13
w 13 16
w 14 1
w 14 2
w 14 3
w 14 4
w 14 5
w 14 7
w 14 9
w 14 11
w 14 12
w 14 13
w 14 14
w 14 16
w 14 17
w 14 18
w 15 1
w 15 2
w 15 3
w 15 5
w 15 6
w 15 7
w 15 11
w 15 13
w 15 14
w 15 17
w 16 1
w 16 5
w 16 6
w 16 14
w 16 16
w 16 17
w 16 18
w 17 17
w 17 18
w 18 2
w 18 5
w 18 6
w 18 8
w 18 10
w 18 12
w 18 15
w 18 16
w 19 1
w 19 4
w 19 6
w 19 9
w 19 12
w 19 13
w 19 15
w 19 16
w 19 18
w 20 1
w 20 3
w 20 7
w 20 8
w 20 9
w 20 10
w 20 14
w 20 15
w 20 17
w 20 18
w 21 1
w 21 2
w 21 6
w 21 7
w 21 9
w 21 10
w 21 11
w 21 13
w 21 18
w 22 1
w 22 6
w 22 11
w 22 13
w 22 16
w 23 3
w 23 4
w 23 8
w 23 9
w 23 11
w 23 12
w 23 13
w 23 14
w 23 15
w 23 16
w 23 17
w 23 18
w 24 4
w 24 5
w 24 8
w 24 11
w 24 12
w 24 13
w 24 14
w 24 15
w 24 16
w 24 17
w 25 6
w 25 7
w 25 8
w 25 9
w 25 10
w 25 11
w 25 12
w 25 13
w 25 14
w 25 15
w 25 16
w 25 17
w 25 18
w 26 1
w 26 2
w 26 5
w 26 6
w 26 7
w 26 10
w 26 11
w 26 12
w 26 13
w 26 14
w 26 15
w 26 16
w 26 17
w 27 1
w 27 2
w 27 5
w 27 6
w 27 9
w 27 10
w 27 11
w 27 12
w 27 13
w 27 14
w 27 15
w 27 16
w 27 17
w 27 18
w 28 1
w 28 2
w 28 4
w 28 5
w 28 6
w 28 7
w 28 11
w 28 12
w 28 13
w 28 17
w 28 18
w 29 1
w 29 3
w 29 4
w 29 5
w 29 10
w 29 11
w 29 12
w 29 13
w 29 14
w 29 15
w 29 17
w 29 18
w 30 1
w 30 3
w 30 4
w 30 5
w 30 6
w 30 9
w 30 10
w 30 13
w 30 14
w 31 1
w 31 3
w 31 4
w 31 5
w 31 8
w 31 10
w 31 11
w 31 13
w 31 16
w 33 1
w 33 3
w 33 5
w 33 6
w 33 7
w 33 9
w 33 10
w 33 11
w 33 12
w 33 13
w 33 14
w 33 15
w 33 16
w 33 17
w 33 18
w 34 1
w 34 2
w 34 3
w 34 4
w 34 5
w 34 6
w 34 14
w 34 15
w 34 16
w 34 17
p 32 11
p 26 8
p 0 0
p 13 10
p 5 18
p 18 13
p 22 4
p 3 0
p 15 18
p 24 0
p 20 6
p 31 6
p 34 13
p 29 2
p 17 5
p 1 3
p 10 2
t 1400 0
m 1 19
0 33 0
1 33 0
2 33 0
t 1399 0
m 2 19
0 32 0
1 32 0
2 32 0
t 1398 0
m 3 19
0 32 1
1 31 0
2 31 0
t 1397 0
m 4 19
0 32 2
1 30 0
2 30 0
t 1396 0
m 5 19
0 32 3
1 29 0
2 29 0
f 32 10
t 1395 0
m 5 18
0 32 4
1 28 0
2 28 0
t 1394 5
m 6 18
0 32 5
1 27 0
2 27 0
t 1393 5
m 6 19
0 32 6
1 26 0
2 26 0
t 1392 5
m 7 19
0 32 7
1 25 0
2 25 0
t 1391 5
m 8 19
0 32 8
1 24 0
2 24 0
t 1390 5
m 9 19
0 32 9
1 23 0
2 23 0
t 1389 5
m 10 19
0 32 10
1 22 0
2 22 0
t 1388 5
m 11 19
0 32 11
1 21 0
2 21 0
t 1387 5
m 12 19
0 32 12
1 20 0
2 20 0
t 1386 5
m 13 19
0 32 13
1 19 0
2 19 0
t 1385 5
m 14 19
0 32 14
1 18 0
2 18 0
t 1384 5
m 15 19
0 31 14
1 17 0
2 17 0
t 1383 5
m 15 18
0 31 15
1 16 0
2 16 0
t 1382 11
m 15 19
0 30 15
1 15 0
2 15 0
t 1381 11
m 16 19
0 30 16
1 14 0
2 14 0
t 1380 11
m 17 19
0 30 17
1 13 0
2 13 0
t 1379 11
m 18 19
0 30 18
1 12 0
2 12 0
t 1378 11
m 19 19
0 30 19
1 11 0
2 11 0
t 1377 11
m 20 19
0 29 19
1 10 0
2 12 0
t 1376 11
m 21 19
0 28 19
1 9 0
2 11 0
t 1375 11
m 22 19
0 27 19
1 8 0
2 10 0
t 1374 11
m 23 19
0 28 19
1 7 0
2 9 0
t 1373 11
m 24 19
0 27 19
1 7 1
2 8 0
t 1372 11
m 23 19
0 26 19
1 6 1
2 7 0
t 1371 11
m 22 19
0 25 19
1 5 1
2 7 1
t 1370 11
m 21 19
0 26 19
1 5 2
2 6 1
t 1369 11
m 20 19
0 25 19
1 4 2
2 5 1
t 1368 11
m 19 19
0 24 19
1 3 2
2 5 2
t 1367 11
m 18 19
0 23 19
1 3 3
2 4 2
t 1366 11
m 17 19
0 22 19
1 3 4
2 3 2
t 1365 11
m 16 19
0 21 19
1 2 4
2 3 3
t 1364 11
m 15 19
0 22 19
1 1 4
2 3 4
t 1363 11
m 14 19
0 21 19
1 0 4
2 2 4
t 1362 11
m 13 19
0 20 19
1 0 5
2 1 4
t 1361 11
m 12 19
0 19 19
1 0 6
2 0 4
t 1360 11
m 11 19
0 18 19
1 0 7
2 0 5
t 1359 11
m 11 19
0 17 19
1 0 8
2 0 6
t 1358 11
m 11 19
0 16 19
1 0 9
2 0 7
t 1357 11
m 11 19
0 15 19
1 0 10
2 0 8
t 1356 11
m 11 19
0 14 19
1 0 11
2 0 9
t 1355 11
m 11 19
0 13 19
1 0 12
2 0 10
t 1354 11
m 11 19
0 12 19
1 0 13
2 0 11
t 1353 11
m 11 19
0 11 19
1 0 14
2 0 12
t 1352 11
