35
20
m 0 19
0 34 0
1 34 0
2 34 0
w 0 0
w 0 1
w 0 6
w 0 7
w 0 8
w 0 10
w 0 12
w 0 13
w 0 14
w 0 15
w 1 7
w 1 14
w 1 18
w 2 1
w 2 2
w 2 3
w 2 4
w 2 5
w 2 8
w 2 9
w 2 11
w 2 14
w 2 17
w 2 18
w 2 19
w 3 3
w 3 5
w 3 7
w 3 8
w 3 11
w 3 12
w 3 15
w 3 18
w 3 19
w 4 2
w 4 5
w 4 7
w 4 10
w 4 14
w 4 15
w 4 16
w 4 18
w 4 19
w 5 1
w 5 2
w 5 6
w 5 8
w 5 12
w 5 18
w 5 19
w 6 4
w 6 6
w 6 9
w 6 10
w 6 11
w 6 15
w 6 16
w 6 17
w 6 18
w 6 19
w 7 2
w 7 5
w 7 6
w 7 7
w 7 10
w 7 11
w 7 16
w 7 17
w 7 18
w 7 19
w 8 2
w 8 3
w 8 6
w 8 10
w 8 11
w 8 12
w 8 13
w 8 17
w 8 18
w 8 19
w 9 3
w 9 11
w 9 12
w 9 13
w 9 18
w 9 19
w 10 2
w 10 3
w 10 5
w 10 8
w 10 12
w 10 15
w 10 19
w 11 4
w 11 6
w 11 7
w 11 9
w 11 10
w 11 12
w 11 13
w 11 14
w 11 17
w 11 18
w 11 19
w 12 3
w 12 4
w 12 9
w 12 13
w 12 19
w 13 4
w 13 6
w 13 10
w 13 11
w 13 12
w 13 15
w 13 16
w 13 17
w 13 19
w 14 0
w 14 2
w 14 3
w 14 5
w 14 6
w 14 15
w 14 17
w 15 2
w 15 6
w 15 9
w 15 10
w 15 17
w 15 18
w 16 0
w 16 14
w 16 16
w 16 17
w 16 18
w 16 19
w 17 0
w 17 2
w 17 7
w 17 8
w 17 12
w 17 13
w 17 17
w 17 18
w 17 19
w 18 0
w 18 6
w 18 9
w 18 10
w 18 13
w 18 14
w 18 16
w 18 18
w 18 19
w 19 2
w 19 6
w 19 7
w 19 9
w 19 10
w 19 12
w 20 3
w 20 5
w 20 6
w 20 9
w 20 10
w 20 12
w 20 13
w 20 15
w 20 18
w 20 19
w 21 2
w 21 5
w 21 8
w 21 9
w 21 12
w 21 13
w 21 15
w 21 16
w 21 19
w 22 2
w 22 3
w 22 6
w 22 9
w 22 10
w 22 12
w 22 13
w 22 14
w 22 15
w 22 16
w 22 17
w 22 18
w 22 19
w 23 0
w 23 3
w 23 6
w 23 10
w 23 12
w 23 13
w 23 14
w 23 15
w 23 16
w 23 17
w 23 18
w 23 19
w 24 0
w 24 4
w 24 7
w 24 10
w 24 12
w 24 13
w 24 14
w 24 15
w 24 16
w 24 17
w 24 18
w 24 19
w 25 0
w 25 2
w 25 3
w 25 6
w 25 7
w 25 14
w 25 15
w 25 16
w 25 17
w 25 18
w 25 19
w 26 3
w 26 4
w 26 5
w 26 6
w 26 7
w 26 8
w 26 9
w 26 14
w 26 15
w 26 16
w 26 17
w 26 18
w 26 19
w 27 3
w 27 4
w 27 5
w 27 6
w 27 7
w 27 8
w 27 14
w 27 15
w 27 18
w 27 19
w 28 0
w 28 2
w 28 3
w 28 4
w 28 5
w 28 6
w 28 7
w 28 8
w 28 9
w 28 12
w 28 14
w 28 19
w 29 2
w 29 3
w 29 4
w 29 5
w 29 6
w 29 7
w 29 8
w 29 9
w 29 18
w 29 19
w 30 4
w 30 5
w 30 6
w 30 8
w 30 10
w 30 12
w 30 13
w 30 14
w 30 18
w 30 19
w 31 4
w 31 5
w 31 6
w 31 17
w 31 18
w 31 19
w 32 0
w 32 4
w 32 5
w 32 6
w 32 7
w 32 9
w 32 12
w 32 14
w 32 16
w 32 17
w 32 18
w 32 19
w 33 0
w 33 2
w 33 5
w 33 6
w 33 7
w 33 8
w 33 12
w 33 13
w 33 14
w 33 15
w 33 16
w 33 17
w 33 18
w 33 19
w 34 13
w 34 14
w 34 15
w 34 16
w 34 17
w 34 18
w 34 19
p 12 7
p 3 10
p 5 7
p 0 2
p 1 12
p 7 1
p 15 8
p 16 13
p 22 1
p 31 7
p 9 1
p 33 4
p 10 11
p 29 12
p 27 2
p 24 9
p 13 18
p 18 11
p 20 2
t 1400 0
m 0 18
0 34 1
1 34 1
2 34 1
t 1399 0
m 0 17
0 33 1
1 33 1
2 33 1
t 1398 0
m 0 16
0 32 1
1 32 1
2 32 1
t 1397 0
m 1 16
0 31 1
1 31 1
2 31 1
f 2 0
t 1396 0
m 2 16
0 30 1
1 30 1
2 30 1
t 1395 0
m 3 16
0 29 1
1 29 1
2 29 1
t 1394 0
m 3 17
0 28 1
1 28 1
2 28 1
t 1393 0
m 4 17
0 27 1
1 27 1
2 27 1
t 1392 0
m 5 17
0 26 1
1 26 1
2 26 1
t 1391 0
m 5 16
0 25 1
1 25 1
2 25 1
t 1390 0
m 5 15
0 24 1
1 24 1
2 24 1
t 1389 0
m 5 14
0 23 1
1 23 1
2 23 1
t 1388 0
m 5 13
0 22 1
1 22 1
2 23 2
t 1387 0
m 4 13
0 21 1
1 21 1
2 23 1
t 1386 0
m 3 13
0 20 1
1 20 1
2 22 1
t 1385 0
m 2 13
0 19 1
1 19 1
2 21 1
t 1384 0
m 1 13
0 18 1
1 18 1
2 20 1
t 1383 0
m 1 12
0 18 2
1 18 2
2 19 1
t 1382 5
m 1 11
0 18 3
1 18 3
2 18 1
t 1381 5
m 1 10
0 17 3
1 17 3
2 18 2
t 1380 5
m 2 10
0 17 4
1 17 4
2 18 3
t 1379 5
m 3 10
0 17 5
1 17 5
2 17 3
t 1378 10
m 3 9
0 17 6
1 17 6
2 17 4
t 1377 10
m 4 9
0 16 6
1 16 6
2 17 5
t 1376 10
m 5 9
0 16 5
1 16 7
2 17 6
t 1375 10
m 5 10
0 16 6
1 15 7
2 16 6
t 1374 10
m 5 11
0 16 7
1 14 7
2 16 7
t 1373 10
m 4 11
0 15 7
1 13 7
2 15 7
t 1372 10
m 4 12
0 14 7
1 13 8
2 14 7
t 1371 10
m 4 13
0 13 7
1 13 9
2 13 7
t 1370 10
m 5 13
0 13 8
1 14 9
2 13 8
t 1369 10
m 6 13
0 13 9
1 14 10
2 13 9
t 1368 10
m 7 13
0 14 9
1 14 11
2 14 9
t 1367 10
m 7 14
0 14 10
1 14 12
2 14 10
t 1366 10
m 8 14
0 14 11
1 14 13
2 14 11
t 1365 10
m 8 15
0 14 12
1 13 13
2 14 12
t 1364 10
m 9 15
0 14 13
1 13 14
2 14 13
t 1363 10
m 9 16
0 13 13
1 12 14
2 13 13
t 1362 10
m 10 16
0 13 14
1 12 15
2 13 14
t 1361 10
m 11 16
0 12 14
1 11 15
2 12 14
t 1360 10
m 12 16
0 12 15
1 11 16
2 12 15
t 1359 10
m 12 17
0 11 15
1 12 16
2 11 15
t 1358 10
m 12 18
0 11 16
1 12 17
2 11 16
t 1357 10
m 13 18
0 12 16
1 12 18
2 12 16
t 1356 15
m 13 18
0 11 16
1 13 18
2 12 17
t 1355 15
