35
20
m 0 19
0 34 0
1 34 0
2 34 0
w 0 0
w 0 1
w 0 2
w 0 3
w 0 4
w 0 5
w 0 6
w 0 7
w 0 8
w 0 9
w 0 10
w 0 11
w 0 13
w 0 14
w 1 0
w 1 1
w 1 2
w 1 3
w 1 4
w 1 5
w 1 6
w 1 7
w 1 10
w 1 11
w 1 13
w 1 16
w 2 0
w 2 1
w 2 2
w 2 3
w 2 4
w 2 5
w 2 6
w 2 7
w 2 8
w 2 11
w 2 14
w 2 16
w 2 18
w 3 0
w 3 1
w 3 2
w 3 3
w 3 4
w 3 5
w 3 6
w 3 7
w 3 9
w 3 11
w 3 16
w 3 17
w 4 0
w 4 1
w 4 2
w 4 3
w 4 4
w 4 5
w 4 9
w 4 12
w 4 13
w 4 15
w 4 16
w 5 0
w 5 1
w 5 2
w 5 3
w 5 4
w 5 5
w 5 11
w 5 14
w 5 19
w 6 0
w 6 1
w 6 2
w 6 5
w 6 8
w 6 9
w 6 16
w 6 17
w 6 18
w 6 19
w 7 0
w 7 1
w 7 2
w 7 3
w 7 9
w 7 10
w 7 11
w 7 13
w 7 14
w 7 16
w 7 17
w 7 18
w 7 19
w 8 0
w 8 1
w 8 2
w 8 3
w 8 4
w 8 7
w 8 12
w 8 13
w 8 15
w 8 16
w 8 17
w 8 18
w 8 19
w 9 0
w 9 1
w 9 2
w 9 3
w 9 4
w 9 6
w 9 9
w 9 10
w 9 15
w 9 16
w 9 17
w 9 18
w 9 19
w 10 0
w 10 1
w 10 2
w 10 3
w 10 4
w 10 6
w 10 7
w 10 9
w 10 12
w 10 13
w 10 14
w 10 15
w 10 16
w 10 17
w 10 18
w 10 19
w 11 0
w 11 1
w 11 2
w 11 3
w 11 6
w 11 9
w 11 14
w 11 15
w 11 16
w 11 17
w 11 18
w 11 19
w 12 0
w 12 1
w 12 2
w 12 3
w 12 4
w 12 6
w 12 9
w 12 10
w 12 11
w 12 12
w 12 15
w 12 16
w 12 17
w 12 18
w 12 19
w 13 0
w 13 1
w 13 2
w 13 3
w 13 7
w 13 9
w 13 10
w 13 12
w 13 13
w 13 15
w 13 16
w 13 17
w 13 18
w 13 19
w 14 0
w 14 1
w 14 2
w 14 3
w 14 7
w 14 12
w 14 13
w 14 14
w 14 15
w 14 16
w 14 17
w 14 18
w 14 19
w 15 0
w 15 1
w 15 2
w 15 3
w 15 9
w 15 11
w 15 12
w 15 13
w 15 14
w 15 15
w 15 16
w 15 17
w 15 18
w 15 19
w 16 0
w 16 3
w 16 4
w 16 7
w 16 9
w 16 13
w 16 15
w 16 16
w 17 2
w 17 3
w 17 4
w 17 6
w 17 10
w 17 16
w 17 17
w 17 19
w 18 0
w 18 6
w 18 12
w 18 16
w 18 19
w 19 0
w 19 1
w 19 2
w 19 4
w 19 7
w 19 13
w 20 0
w 20 1
w 20 2
w 20 9
w 20 10
w 20 17
w 20 18
w 21 0
w 21 1
w 21 2
w 21 3
w 21 9
w 21 10
w 21 11
w 21 12
w 21 13
w 21 18
w 21 19
w 22 0
w 22 1
w 22 2
w 22 3
w 22 6
w 22 7
w 22 10
w 22 11
w 22 12
w 22 13
w 22 14
w 22 15
w 22 17
w 22 18
w 22 19
w 23 0
w 23 1
w 23 2
w 23 3
w 23 4
w 23 9
w 23 15
w 23 19
w 24 0
w 24 1
w 24 2
w 24 3
w 24 4
w 24 7
w 24 9
w 24 10
w 24 11
w 24 14
w 25 0
w 25 1
w 25 2
w 25 3
w 25 4
w 25 6
w 25 11
w 25 14
w 25 15
w 25 18
w 25 19
w 26 0
w 26 2
w 26 4
w 26 6
w 26 7
w 26 10
w 26 15
w 26 17
w 26 18
w 26 19
w 27 6
w 27 7
w 27 12
w 27 14
w 27 15
w 27 16
w 27 17
w 27 18
w 27 19
w 28 6
w 28 10
w 28 12
w 28 15
w 28 16
w 28 17
w 28 18
w 28 19
w 29 1
w 29 3
w 29 4
w 29 9
w 29 12
w 29 14
w 29 15
w 29 16
w 29 17
w 29 18
w 29 19
w 30 2
w 30 3
w 30 4
w 30 5
w 30 6
w 30 12
w 30 16
w 30 17
w 30 18
w 30 19
w 31 2
w 31 3
w 31 4
w 31 6
w 31 9
w 31 13
w 31 16
w 31 17
w 31 18
w 31 19
w 32 2
w 32 6
w 32 8
w 32 11
w 32 14
w 32 15
w 32 16
w 32 17
w 32 18
w 32 19
w 33 4
w 33 5
w 33 6
w 33 7
w 33 13
w 33 14
w 33 15
w 33 16
w 33 17
w 33 18
w 33 19
w 34 1
w 34 4
w 34 5
w 34 6
w 34 7
w 34 8
w 34 9
w 34 10
w 34 13
w 34 14
w 34 15
w 34 16
w 34 17
w 34 18
w 34 19
p 31 5
p 3 8
p 16 10
p 10 8
p 25 9
p 27 4
p 0 12
p 7 6
p 20 19
p 33 2
p 18 2
p 29 2
p 5 9
p 23 11
p 13 11
p 19 11
t 1400 0
m 0 18
0 33 0
1 33 0
2 33 0
t 1399 0
m 0 17
0 32 0
1 32 0
2 32 0
t 1398 0
m 0 16
0 31 0
1 31 0
2 31 0
t 1397 0
m 0 15
0 30 0
1 30 0
2 30 0
t 1396 0
m 1 15
0 29 0
1 29 0
2 29 0
t 1395 0
m 2 15
0 28 0
1 28 0
2 28 0
t 1394 0
m 3 15
0 27 0
1 27 0
2 27 0
t 1393 0
m 3 14
0 27 1
1 27 1
2 27 1
t 1392 0
m 3 13
0 27 2
1 27 2
2 27 2
t 1391 0
m 2 13
0 27 3
1 27 3
2 27 3
t 1390 0
m 2 12
0 27 4
1 27 4
2 27 4
t 1389 0
m 1 12
0 27 5
1 27 5
2 27 5
t 1388 0
m 0 12
0 26 5
1 26 5
2 26 5
t 1387 6
m 1 12
0 25 5
1 25 5
2 25 5
t 1386 6
m 2 12
0 24 5
1 24 5
2 24 5
t 1385 6
m 3 12
0 23 5
1 23 5
2 23 5
t 1384 6
m 3 13
0 22 5
1 22 5
2 22 5
t 1383 6
m 3 14
0 21 5
1 21 5
2 21 5
t 1382 6
m 3 15
0 20 5
1 20 5
2 20 5
f 20 12
t 1381 6
m 2 15
0 19 5
1 19 5
2 19 5
t 1380 6
m 1 15
0 18 5
1 18 5
2 18 5
t 1379 6
m 0 15
0 17 5
1 17 5
2 17 5
t 1378 6
m 0 16
0 16 5
1 16 5
2 16 5
t 1377 6
m 0 17
0 15 5
1 15 5
2 15 5
t 1376 6
m 1 17
0 14 5
1 14 5
2 14 5
t 1375 6
m 1 18
0 13 5
1 13 5
2 13 5
t 1374 6
m 1 19
0 12 5
1 12 5
2 12 5
t 1373 6
m 2 19
0 11 5
1 11 5
2 11 5
t 1372 6
m 3 19
0 10 5
1 10 5
2 10 5
t 1371 6
m 3 18
0 9 5
1 11 5
2 9 5
t 1370 6
m 4 18
0 8 5
1 10 5
2 8 5
t 1369 6
m 4 17
0 7 5
1 9 5
2 7 5
t 1368 6
m 5 17
0 7 6
1 8 5
2 7 6
t 1367 6
m 5 16
0 6 6
1 7 5
2 6 6
t 1366 6
m 5 15
0 5 6
1 7 6
2 5 6
t 1365 6
m 6 15
0 5 7
1 6 6
2 5 7
t 1364 6
m 6 14
0 5 8
1 6 7
2 5 8
t 1363 6
m 6 13
0 5 9
1 5 7
2 5 9
t 1362 6
m 6 12
0 5 10
1 5 8
2 5 10
t 1361 6
m 6 12
0 6 10
1 5 9
2 5 9
t 1360 6
m 6 12
0 6 11
1 5 10
2 5 8
t 1359 6
m 6 12
0 6 12
1 6 10
2 5 9
t 1358 6
