35
20
m 0 19
0 34 0
1 34 0
2 34 0
w 0 0
w 0 1
w 0 2
w 0 3
w 0 4
w 0 5
w 0 6
w 0 7
w 0 10
w 0 11
w 0 15
w 0 16
w 0 17
w 1 0
w 1 1
w 1 2
w 1 3
w 1 4
w 1 5
w 1 6
w 1 7
w 1 8
w 1 19
w 2 0
w 2 1
w 2 2
w 2 3
w 2 4
w 2 5
w 2 6
w 2 7
w 2 10
w 2 13
w 2 14
w 2 16
w 2 17
w 2 18
w 2 19
w 3 0
w 3 1
w 3 2
w 3 3
w 3 4
w 3 5
w 3 6
w 3 7
w 3 8
w 3 11
w 3 12
w 3 15
w 3 16
w 3 17
w 3 18
w 3 19
w 4 0
w 4 1
w 4 2
w 4 3
w 4 4
w 4 5
w 4 6
w 4 7
w 4 8
w 4 9
w 4 16
w 4 17
w 4 18
w 4 19
w 5 0
w 5 1
w 5 2
w 5 3
w 5 4
w 5 5
w 5 6
w 5 7
w 5 8
w 5 9
w 5 10
w 5 11
w 5 13
w 5 15
w 5 17
w 5 18
w 5 19
w 6 0
w 6 1
w 6 2
w 6 3
w 6 4
w 6 5
w 6 7
w 6 8
w 6 9
w 6 10
w 6 11
w 6 12
w 6 13
w 6 15
w 6 19
w 7 2
w 7 3
w 7 4
w 7 7
w 7 8
w 7 9
w 7 10
w 7 11
w 7 17
w 7 18
w 7 19
w 8 0
w 8 3
w 8 4
w 8 7
w 8 8
w 8 12
w 8 14
w 8 16
w 8 17
w 8 18
w 8 19
w 9 2
w 9 3
w 9 4
w 9 5
w 9 7
w 9 10
w 9 17
w 9 18
w 9 19
w 10 0
w 10 2
w 10 5
w 10 7
w 10 10
w 10 11
w 10 13
w 10 14
w 10 16
w 10 17
w 10 18
w 10 19
w 11 0
w 11 5
w 11 7
w 11 9
w 11 10
w 11 11
w 11 12
w 11 13
w 11 14
w 11 15
w 11 16
w 11 17
w 11 18
w 11 19
w 12 0
w 12 1
w 12 3
w 12 9
w 12 10
w 12 11
w 12 12
w 12 13
w 12 14
w 12 15
w 12 16
w 12 17
w 12 18
w 12 19
w 13 0
w 13 1
w 13 5
w 13 7
w 13 8
w 13 9
w 13 10
w 13 11
w 13 12
w 13 13
w 13 14
w 13 15
w 13 16
w 13 17
w 13 18
w 13 19
w 14 4
w 14 5
w 14 8
w 14 9
w 14 10
w 14 11
w 14 12
w 14 13
w 14 14
w 14 15
w 14 16
w 14 17
w 14 18
w 14 19
w 15 1
w 15 2
w 15 3
w 15 4
w 15 5
w 15 6
w 15 8
w 15 11
w 15 13
w 15 14
w 15 15
w 15 16
w 15 17
w 15 18
w 15 19
w 16 14
w 16 15
w 16 16
w 16 17
w 16 18
w 16 19
w 17 1
w 17 4
w 17 12
w 17 13
w 17 14
w 17 15
w 17 16
w 17 17
w 17 18
w 17 19
w 18 0
w 18 1
w 18 7
w 18 8
w 18 9
w 18 10
w 18 12
w 18 13
w 18 14
w 18 15
w 18 16
w 18 17
w 18 18
w 18 19
w 19 0
w 19 3
w 19 5
w 19 6
w 19 7
w 19 8
w 19 9
w 19 10
w 19 12
w 19 13
w 19 14
w 19 15
w 19 16
w 19 17
w 19 18
w 19 19
w 20 0
w 20 1
w 20 3
w 20 4
w 20 5
w 20 6
w 20 7
w 20 8
w 20 9
w 20 13
w 20 14
w 20 15
w 20 16
w 20 17
w 20 18
w 20 19
w 21 0
w 21 4
w 21 6
w 21 7
w 21 9
w 21 10
w 21 12
w 21 13
w 21 14
w 21 15
w 21 16
w 21 17
w 21 18
w 21 19
w 22 0
w 22 4
w 22 13
w 22 14
w 22 15
w 22 16
w 22 17
w 22 18
w 22 19
w 23 0
w 23 1
w 23 4
w 23 5
w 23 6
w 23 9
w 23 10
w 23 13
w 23 14
w 23 15
w 23 16
w 23 17
w 23 18
w 23 19
w 24 0
w 24 1
w 24 8
w 24 9
w 24 13
w 24 14
w 24 15
w 24 16
w 24 17
w 24 18
w 24 19
w 25 0
w 25 3
w 25 9
w 25 12
w 25 14
w 25 15
w 25 16
w 25 17
w 25 18
w 25 19
w 26 0
w 26 1
w 26 3
w 26 6
w 26 8
w 26 14
w 26 15
w 26 16
w 26 17
w 26 18
w 26 19
w 27 0
w 27 1
w 27 3
w 27 6
w 27 7
w 27 8
w 27 9
w 27 13
w 27 16
w 27 17
w 27 18
w 27 19
w 28 3
w 28 4
w 28 6
w 28 8
w 28 9
w 28 10
w 28 12
w 28 13
w 28 16
w 28 17
w 28 18
w 28 19
w 29 15
w 29 16
w 29 17
w 29 18
w 29 19
w 30 0
w 30 2
w 30 4
w 30 6
w 30 8
w 30 12
w 30 16
w 30 17
w 30 18
w 30 19
w 31 1
w 31 2
w 31 4
w 31 7
w 31 8
w 31 9
w 31 11
w 31 12
w 31 13
w 31 15
w 31 16
w 31 17
w 31 18
w 31 19
w 32 12
w 32 16
w 32 17
w 32 18
w 32 19
w 33 0
w 33 2
w 33 3
w 33 4
w 33 7
w 33 8
w 33 9
w 33 12
w 33 14
w 33 17
w 33 18
w 33 19
w 34 2
w 34 3
w 34 7
w 34 8
w 34 12
w 34 16
w 34 17
w 34 18
w 34 19
p 7 1
p 23 7
p 32 1
p 28 0
p 20 12
p 11 6
p 9 8
p 29 12
p 15 9
p 17 5
p 2 15
p 0 8
p 33 15
p 25 10
t 1400 0
m 0 18
0 34 1
1 34 1
2 34 1
t 1399 0
m 1 18
0 33 1
1 33 1
2 33 1
t 1398 0
m 1 17
0 32 1
1 32 1
2 32 1
t 1397 0
m 1 16
0 32 2
1 32 2
2 32 2
t 1396 0
m 1 15
0 32 3
1 32 3
2 32 3
t 1395 0
m 2 15
0 31 3
1 31 3
2 31 3
t 1394 7
m 1 15
0 30 3
1 30 3
2 30 3
t 1393 7
m 1 14
0 29 3
1 29 3
2 29 3
f 11 8
t 1392 7
m 0 14
0 29 2
1 29 2
2 29 2
t 1391 7
m 0 13
0 28 2
1 28 2
2 28 2
t 1390 7
m 0 12
0 27 2
1 27 2
2 27 2
t 1389 7
m 1 12
0 26 2
1 26 2
2 26 2
t 1388 7
m 1 11
0 25 2
1 25 2
2 25 2
t 1387 7
m 1 10
0 24 2
1 24 2
2 24 2
t 1386 7
m 1 9
0 23 2
1 23 2
2 23 2
t 1385 7
m 0 9
0 22 2
1 22 2
2 22 2
t 1384 7
m 0 8
0 21 2
1 21 2
2 21 2
t 1383 14
m 0 9
0 20 2
1 21 1
2 20 2
t 1382 14
m 1 9
0 19 2
1 21 2
2 19 2
t 1381 14
m 2 9
0 18 2
1 20 2
2 18 2
t 1380 14
m 3 9
0 17 2
1 19 2
2 17 2
t 1379 14
m 3 10
0 16 2
1 18 2
2 16 2
t 1378 14
m 4 10
0 16 3
1 17 2
2 16 3
t 1377 14
m 4 11
0 16 4
1 16 2
2 16 4
t 1376 14
m 4 12
0 16 5
1 16 3
2 16 5
t 1375 14
m 4 13
0 16 6
1 16 4
2 16 6
t 1374 14
m 4 14
0 16 7
1 16 5
2 16 7
t 1373 14
m 5 14
0 15 7
1 16 6
2 15 7
t 1372 14
m 6 14
0 14 7
1 16 7
2 14 7
t 1371 14
m 7 14
0 14 6
1 15 7
2 14 6
t 1370 14
m 7 13
0 13 6
1 14 7
2 13 6
t 1369 14
m 8 13
0 12 6
1 14 6
2 12 6
t 1368 14
m 9 13
0 12 7
1 13 6
2 12 7
t 1367 14
m 9 12
0 12 8
1 12 6
2 12 8
t 1366 14
m 9 11
0 11 8
1 12 7
2 11 8
t 1365 14
m 8 11
0 10 8
1 12 8
2 10 8
t 1364 14
m 8 10
0 9 8
1 11 8
2 9 8
t 1363 14
m 8 9
0 10 8
1 10 8
2 9 9
t 1362 14
m 8 9
0 9 8
1 9 8
2 8 9
t 1361 14
